0  3
0.01  2.99911
0.02  2.99795
0.03  2.99668
0.04  2.99531
0.05  2.99383
0.06  2.99223
0.07  2.99054
0.08  2.98873
0.09  2.98682
0.1  2.98479
0.11  2.98266
0.12  2.98042
0.13  2.97808
0.14  2.97562
0.15  2.97306
0.16  2.97038
0.17  2.9676
0.18  2.96471
0.19  2.96171
0.2  2.9586
0.21  2.95538
0.22  2.95205
0.23  2.9486
0.24  2.94505
0.25  2.94139
0.26  2.93761
0.27  2.93373
0.28  2.92973
0.29  2.92562
0.3  2.9214
0.31  2.91707
0.32  2.91262
0.33  2.90806
0.34  2.90339
0.35  2.8986
0.36  2.8937
0.37  2.88869
0.38  2.88356
0.39  2.87831
0.4  2.87295
0.41  2.86747
0.42  2.86188
0.43  2.85617
0.44  2.85034
0.45  2.8444
0.46  2.83834
0.47  2.83215
0.48  2.82585
0.49  2.81943
0.5  2.81289
0.51  2.80623
0.52  2.79945
0.53  2.79254
0.54  2.78552
0.55  2.77837
0.56  2.7711
0.57  2.7637
0.58  2.75618
0.59  2.74853
0.6  2.74076
0.61  2.73286
0.62  2.72483
0.63  2.71668
0.64  2.7084
0.65  2.69999
0.66  2.69144
0.67  2.68277
0.68  2.67396
0.69  2.66503
0.7  2.65596
0.71  2.64675
0.72  2.63741
0.73  2.62794
0.74  2.61832
0.75  2.60857
0.76  2.59868
0.77  2.58865
0.78  2.57848
0.79  2.56817
0.8  2.55772
0.81  2.54712
0.82  2.53637
0.83  2.52548
0.84  2.51444
0.85  2.50326
0.86  2.49192
0.87  2.48043
0.88  2.46879
0.89  2.457
0.9  2.44505
0.91  2.43294
0.92  2.42068
0.93  2.40826
0.94  2.39567
0.95  2.38292
0.96  2.37001
0.97  2.35693
0.98  2.34368
0.99  2.33027
1  2.31668
1.01  2.30292
1.02  2.28898
1.03  2.27486
1.04  2.26057
1.05  2.24609
1.06  2.23143
1.07  2.21659
1.08  2.20155
1.09  2.18632
1.1  2.1709
1.11  2.15529
1.12  2.13947
1.13  2.12345
1.14  2.10723
1.15  2.0908
1.16  2.07416
1.17  2.0573
1.18  2.04023
1.19  2.02294
1.2  2.00542
1.21  1.98767
1.22  1.96969
1.23  1.95147
1.24  1.93302
1.25  1.91431
1.26  1.89536
1.27  1.87615
1.28  1.85669
1.29  1.83695
1.3  1.81695
1.31  1.79667
1.32  1.77611
1.33  1.75526
1.34  1.73412
1.35  1.71267
1.36  1.69091
1.37  1.66884
1.38  1.64644
1.39  1.6237
1.4  1.60062
1.41  1.57719
1.42  1.55339
1.43  1.52922
1.44  1.50467
1.45  1.47971
1.46  1.45434
1.47  1.42855
1.48  1.40232
1.49  1.37563
1.5  1.34846
1.51  1.3208
1.52  1.29262
1.53  1.26391
1.54  1.23464
1.55  1.20478
1.56  1.1743
1.57  1.14318
1.58  1.11137
1.59  1.07884
1.6  1.04555
1.61  1.01144
1.62  0.976457
1.63  0.940545
1.64  0.903628
1.65  0.865625
1.66  0.826439
1.67  0.785957
1.68  0.744043
1.69  0.700533
1.7  0.655225
1.71  0.607865
1.72  0.558123
1.73  0.50556
1.74  0.449564
1.75  0.389233
1.76  0.323121
1.77  0.2486
1.78  0.159645
1.79  0.0333301
1.8  0.390321
1.81  0.797129
1.82  1.20237
1.83  1.60699
1.84  2.01127
1.85  1.90071
1.86  1.70633
1.87  1.5239
1.88  1.35824
1.89  1.21627
1.9  1.10717
1.91  1.04138
1.92  1.02728
1.93  1.06693
1.94  1.15479
1.95  1.28095
1.96  1.43529
1.97  1.6097
1.98  1.79833
1.99  1.99712
2  2.20331
2.01  2.41499
2.02  2.63084
2.03  2.84989
2.04  3.07146
2.05  3.29503
2.06  3.52022
2.07  3.74673
2.08  3.97434
2.09  4.20286
2.1  4.43216
2.11  4.66211
2.12  4.89263
2.13  5.12363
2.14  5.35506
2.15  5.58685
2.16  5.81897
2.17  6.05138
2.18  6.28404
2.19  6.51693
2.2  6.75002
2.21  6.9833
2.22  7.21674
2.23  7.45033
2.24  7.68405
2.25  7.9179
2.26  8.15186
2.27  8.38592
2.28  8.62008
2.29  8.85432
2.3  9.08864
2.31  9.32304
2.32  9.55751
2.33  9.79204
2.34  10.0266
2.35  10.2613
2.36  10.496
2.37  10.7307
2.38  10.9655
2.39  11.2003
2.4  11.4352
2.41  11.6701
2.42  11.905
2.43  12.14
2.44  12.375
2.45  12.61
2.46  12.8451
2.47  13.0802
2.48  13.3153
2.49  13.5504
2.5  13.7856
2.51  14.0207
2.52  14.2559
2.53  14.4911
2.54  14.7264
2.55  14.9616
2.56  15.1969
2.57  15.4322
2.58  15.6675
2.59  15.9028
2.6  16.1381
2.61  16.3734
2.62  16.6088
2.63  16.8441
2.64  17.0795
2.65  17.3145
2.66  17.481
2.67  17.6475
2.68  17.8139
2.69  17.9804
2.7  18.1469
2.71  18.3134
2.72  18.4799
2.73  18.6465
2.74  18.813
2.75  18.9795
2.76  19.146
2.77  19.3126
2.78  19.4791
2.79  19.6457
2.8  19.8122
2.81  19.9788
2.82  20.1454
2.83  20.3119
2.84  20.4785
2.85  20.6451
2.86  20.8117
2.87  20.9783
2.88  21.1449
2.89  21.3114
2.9  21.478
2.91  21.6446
2.92  21.8113
2.93  21.9779
2.94  22.1445
2.95  22.3111
2.96  22.4777
2.97  22.6443
2.98  22.811
2.99  22.9776
3  23.1442
3.01  23.3109
3.02  23.4775
3.03  23.6441
3.04  23.8108
3.05  23.9774
3.06  24.1441
3.07  24.3107
3.08  24.4774
3.09  24.644
3.1  24.8107
3.11  24.9774
3.12  25.144
3.13  25.3107
3.14  25.4774
3.15  25.644
3.16  25.8107
3.17  25.9774
3.18  26.144
3.19  26.3107
3.2  26.4774
3.21  26.6441
3.22  26.8108
3.23  26.9774
3.24  27.1441
3.25  27.3108
3.26  27.4775
3.27  27.6442
3.28  27.8109
3.29  27.9776
3.3  28.1443
3.31  28.311
3.32  28.4777
3.33  28.6444
3.34  28.8111
3.35  28.9778
3.36  29.1445
3.37  29.3112
3.38  29.4779
3.39  29.6446
3.4  29.8113
3.41  29.978
3.42  30.1447
3.43  30.3114
3.44  30.4782
3.45  30.6449
3.46  30.8116
3.47  30.9783
3.48  31.145
3.49  31.3117
3.5  31.4785
3.51  31.6452
3.52  31.8119
3.53  31.9786
3.54  32.1453
3.55  32.3121
3.56  32.4788
3.57  32.6455
3.58  32.8122
3.59  32.979
3.6  33.1457
3.61  33.3124
3.62  33.4792
3.63  33.6459
3.64  33.8126
3.65  33.9793
3.66  34.1461
3.67  34.3128
3.68  34.4795
3.69  34.6463
3.7  34.813
3.71  34.9797
3.72  35.1465
3.73  35.3132
3.74  35.48
3.75  35.6467
3.76  35.8134
3.77  35.9802
3.78  36.1469
3.79  36.3137
3.8  36.4804
3.81  36.6471
3.82  36.8139
3.83  36.9806
3.84  37.1474
3.85  37.3141
3.86  37.4809
3.87  37.6476
3.88  37.8143
3.89  37.9811
3.9  38.1478
3.91  38.3146
3.92  38.4813
3.93  38.6481
3.94  38.8148
3.95  38.9816
3.96  39.1483
3.97  39.3151
3.98  39.4818
3.99  39.6486
4  39.8153
4.01  39.9821
4.02  40.1488
4.03  40.3156
4.04  40.4823
4.05  40.6491
4.06  40.8158
4.07  40.9826
4.08  41.1493
4.09  41.3161
4.1  41.4829
4.11  41.6496
4.12  41.8164
4.13  41.9831
4.14  42.1499
4.15  42.3166
4.16  42.4834
4.17  42.6501
4.18  42.8169
4.19  42.9837
4.2  43.1504
4.21  43.3172
4.22  43.4839
4.23  43.6507
4.24  43.8174
4.25  43.9842
4.26  44.151
4.27  44.3177
4.28  44.4845
4.29  44.6512
4.3  44.818
4.31  44.9848
4.32  45.1515
4.33  45.3183
4.34  45.485
4.35  45.6518
4.36  45.8186
4.37  45.9853
4.38  46.1521
4.39  46.3188
4.4  46.4856
4.41  46.6524
4.42  46.8191
4.43  46.9859
4.44  47.1526
4.45  47.3194
4.46  47.4862
4.47  47.6529
4.48  47.8197
4.49  47.9865
4.5  48.1532
4.51  48.32
4.52  48.4868
4.53  48.6535
4.54  48.8203
4.55  48.987
4.56  49.1538
4.57  49.3206
4.58  49.4873
4.59  49.6541
4.6  49.8209
4.61  49.9876
4.62  50.1544
4.63  50.3212
4.64  50.4879
4.65  50.6547
4.66  50.8215
4.67  50.9882
4.68  51.155
4.69  51.3218
4.7  51.4885
4.71  51.6553
4.72  51.8221
4.73  51.9888
4.74  52.1556
4.75  52.3224
4.76  52.4891
4.77  52.6559
4.78  52.8227
4.79  52.9894
4.8  53.1562
4.81  53.323
4.82  53.4897
4.83  53.6565
4.84  53.8233
4.85  53.99
4.86  54.1568
4.87  54.3236
4.88  54.4903
4.89  54.6571
4.9  54.8239
4.91  54.9906
4.92  55.1574
4.93  55.3242
4.94  55.491
4.95  55.6577
4.96  55.8245
4.97  55.9913
4.98  56.158
4.99  56.3248
5  56.4916
5.01  56.6583
5.02  56.8251
5.03  56.9919
5.04  57.1586
5.05  57.3254
5.06  57.4922
5.07  57.659
5.08  57.8257
5.09  57.9925
5.1  58.1593
5.11  58.326
5.12  58.4928
5.13  58.6596
5.14  58.8263
5.15  58.9931
5.16  59.1599
5.17  59.3267
5.18  59.4934
5.19  59.6602
5.2  59.827
5.21  59.9937
5.22  60.1605
5.23  60.3273
5.24  60.494
5.25  60.6608
5.26  60.8276
5.27  60.9944
5.28  61.1611
5.29  61.3279
5.3  61.4947
5.31  61.6614
5.32  61.8282
5.33  61.995
5.34  62.1618
5.35  62.3285
5.36  62.4953
5.37  62.6621
5.38  62.8288
5.39  62.9956
5.4  63.1624
5.41  63.3291
5.42  63.4959
5.43  63.6627
5.44  63.8295
5.45  63.9962
5.46  64.163
5.47  64.3298
5.48  64.4965
5.49  64.6633
5.5  64.8301
5.51  64.9969
5.52  65.1636
5.53  65.3304
5.54  65.4972
5.55  65.6639
5.56  65.8307
5.57  65.9975
5.58  66.1643
5.59  66.331
5.6  66.4978
5.61  66.6646
5.62  66.8314
5.63  66.9981
5.64  67.1649
5.65  67.3317
5.66  67.4984
5.67  67.6652
5.68  67.832
5.69  67.9988
5.7  68.1655
5.71  68.3323
5.72  68.4991
5.73  68.6658
5.74  68.8326
5.75  68.9994
5.76  69.1662
5.77  69.3329
5.78  69.4997
5.79  69.6665
5.8  69.8332
5.81  70
5.82  70.1668
5.83  70.3336
5.84  70.5003
5.85  70.6671
5.86  70.8339
5.87  71.0007
5.88  71.1674
5.89  71.3342
5.9  71.501
5.91  71.6677
5.92  71.8345
5.93  72.0013
5.94  72.1681
5.95  72.3348
5.96  72.5016
5.97  72.6684
5.98  72.8351
5.99  73.0019
6  73.1687
6.01  73.3355
6.02  73.5022
6.03  73.669
6.04  73.8358
6.05  74.0025
6.06  74.1693
6.07  74.3361
6.08  74.5029
6.09  74.6696
6.1  74.8364
6.11  75.0032
6.12  75.17
6.13  75.3367
6.14  75.5035
6.15  75.6703
6.16  75.837
6.17  76.0038
6.18  76.1706
6.19  76.3374
6.2  76.5041
6.21  76.6709
6.22  76.8377
6.23  77.0045
6.24  77.1712
6.25  77.338
6.26  77.5048
6.27  77.6715
6.28  77.8383
6.29  78.0051
6.3  78.1719
6.31  78.3386
6.32  78.5054
6.33  78.6722
6.34  78.8389
6.35  79.0057
6.36  79.1725
6.37  79.3393
6.38  79.506
6.39  79.6728
6.4  79.8396
6.41  80.0063
6.42  80.1731
6.43  80.3399
6.44  80.5067
6.45  80.6734
6.46  80.8402
6.47  81.007
6.48  81.1738
6.49  81.3405
6.5  81.5073
6.51  81.6741
6.52  81.8408
6.53  82.0076
6.54  82.1744
6.55  82.3412
6.56  82.5079
6.57  82.6747
6.58  82.8415
6.59  83.0082
6.6  83.175
6.61  83.3418
6.62  83.5086
6.63  83.6753
6.64  83.8421
6.65  84.0089
6.66  84.1757
6.67  84.3424
6.68  84.5092
6.69  84.676
6.7  84.8427
6.71  85.0095
6.72  85.1763
6.73  85.3431
6.74  85.5098
6.75  85.6766
6.76  85.8434
6.77  86.0101
6.78  86.1769
6.79  86.3437
6.8  86.5105
6.81  86.6772
6.82  86.844
6.83  87.0108
6.84  87.1775
6.85  87.3443
6.86  87.5111
6.87  87.6779
6.88  87.8446
6.89  88.0114
6.9  88.1782
6.91  88.3449
6.92  88.5117
6.93  88.6785
6.94  88.8453
6.95  89.012
6.96  89.1788
6.97  89.3456
6.98  89.5123
6.99  89.6791
7  89.8459
7.01  90.0127
7.02  90.1794
7.03  90.3462
7.04  90.513
7.05  90.6797
7.06  90.8465
7.07  91.0133
7.08  91.1801
7.09  91.3468
7.1  91.5136
7.11  91.6804
7.12  91.8471
7.13  92.0139
7.14  92.1807
7.15  92.3475
7.16  92.5142
7.17  92.681
7.18  92.8478
7.19  93.0145
7.2  93.1813
7.21  93.3481
7.22  93.5149
7.23  93.6816
7.24  93.8484
7.25  94.0152
7.26  94.1819
7.27  94.3487
7.28  94.5155
7.29  94.6823
7.3  94.849
7.31  95.0158
7.32  95.1826
7.33  95.3493
7.34  95.5161
7.35  95.6829
7.36  95.8497
7.37  96.0164
7.38  96.1832
7.39  96.35
7.4  96.5167
7.41  96.6835
7.42  96.8503
7.43  97.0171
7.44  97.1838
7.45  97.3506
7.46  97.5174
7.47  97.6841
7.48  97.8509
7.49  98.0177
7.5  98.1845
7.51  98.3512
7.52  98.518
7.53  98.6848
7.54  98.8515
7.55  99.0183
7.56  99.1851
7.57  99.3518
7.58  99.5186
7.59  99.6854
7.6  99.8522
7.61  100.019
7.62  100.186
7.63  100.352
7.64  100.519
7.65  100.686
7.66  100.853
7.67  101.02
7.68  101.186
7.69  101.353
7.7  101.52
7.71  101.687
7.72  101.853
7.73  102.02
7.74  102.187
7.75  102.354
7.76  102.52
7.77  102.687
7.78  102.854
7.79  103.021
7.8  103.188
7.81  103.354
7.82  103.521
7.83  103.688
7.84  103.855
7.85  104.021
7.86  104.188
7.87  104.355
7.88  104.522
7.89  104.689
7.9  104.855
7.91  105.022
7.92  105.189
7.93  105.356
7.94  105.522
7.95  105.689
7.96  105.856
7.97  106.023
7.98  106.189
7.99  106.356
8  106.523
8.01  106.69
8.02  106.857
8.03  107.023
8.04  107.19
8.05  107.357
8.06  107.524
8.07  107.69
8.08  107.857
8.09  108.024
8.1  108.191
8.11  108.357
8.12  108.524
8.13  108.691
8.14  108.858
8.15  109.025
8.16  109.191
8.17  109.358
8.18  109.525
8.19  109.692
8.2  109.858
8.21  110.025
8.22  110.192
8.23  110.359
8.24  110.525
8.25  110.692
8.26  110.859
8.27  111.026
8.28  111.193
8.29  111.359
8.3  111.526
8.31  111.693
8.32  111.86
8.33  112.026
8.34  112.193
8.35  112.36
8.36  112.527
8.37  112.693
8.38  112.86
8.39  113.027
8.4  113.194
8.41  113.361
8.42  113.527
8.43  113.694
8.44  113.861
8.45  114.028
8.46  114.194
8.47  114.361
8.48  114.528
8.49  114.695
8.5  114.861
8.51  115.028
8.52  115.195
8.53  115.362
8.54  115.529
8.55  115.695
8.56  115.862
8.57  116.029
8.58  116.196
8.59  116.362
8.6  116.529
8.61  116.696
8.62  116.863
8.63  117.029
8.64  117.196
8.65  117.363
8.66  117.53
8.67  117.697
8.68  117.863
8.69  118.03
8.7  118.197
8.71  118.364
8.72  118.53
8.73  118.697
8.74  118.864
8.75  119.031
8.76  119.197
8.77  119.364
8.78  119.531
8.79  119.698
8.8  119.865
8.81  120.031
8.82  120.198
8.83  120.365
8.84  120.532
8.85  120.698
8.86  120.865
8.87  121.032
8.88  121.199
8.89  121.365
8.9  121.532
8.91  121.699
8.92  121.866
8.93  122.033
8.94  122.199
8.95  122.366
8.96  122.533
8.97  122.7
8.98  122.866
8.99  123.033
9  123.2
9.01  123.367
9.02  123.533
9.03  123.7
9.04  123.867
9.05  124.034
9.06  124.2
9.07  124.367
9.08  124.534
9.09  124.701
9.1  124.868
9.11  125.034
9.12  125.201
9.13  125.368
9.14  125.535
9.15  125.701
9.16  125.868
9.17  126.035
9.18  126.202
9.19  126.368
9.2  126.535
9.21  126.702
9.22  126.869
9.23  127.036
9.24  127.202
9.25  127.369
9.26  127.536
9.27  127.703
9.28  127.869
9.29  128.036
9.3  128.203
9.31  128.37
9.32  128.536
9.33  128.703
9.34  128.87
9.35  129.037
9.36  129.204
9.37  129.37
9.38  129.537
9.39  129.704
9.4  129.871
9.41  130.037
9.42  130.204
9.43  130.371
9.44  130.538
9.45  130.704
9.46  130.871
9.47  131.038
9.48  131.205
9.49  131.372
9.5  131.538
9.51  131.705
9.52  131.872
9.53  132.039
9.54  132.205
9.55  132.372
9.56  132.539
9.57  132.706
9.58  132.872
9.59  133.039
9.6  133.206
9.61  133.373
9.62  133.539
9.63  133.706
9.64  133.873
9.65  134.04
9.66  134.207
9.67  134.373
9.68  134.54
9.69  134.707
9.7  134.874
9.71  135.04
9.72  135.207
9.73  135.374
9.74  135.541
9.75  135.707
9.76  135.874
9.77  136.041
9.78  136.208
9.79  136.375
9.8  136.541
9.81  136.708
9.82  136.875
9.83  137.042
9.84  137.208
9.85  137.375
9.86  137.542
9.87  137.709
9.88  137.875
9.89  138.042
9.9  138.209
9.91  138.376
9.92  138.542
9.93  138.709
9.94  138.876
9.95  139.043
9.96  139.21
9.97  139.376
9.98  139.543
9.99  139.71
10  139.877
10.01  140.043
10.02  140.21
10.03  140.377
10.04  140.544
10.05  140.71
10.06  140.877
10.07  141.044
10.08  141.211
10.09  141.378
10.1  141.544
10.11  141.711
10.12  141.878
10.13  142.045
10.14  142.211
10.15  142.378
10.16  142.545
10.17  142.712
10.18  142.878
10.19  143.045
10.2  143.212
10.21  143.379
10.22  143.545
10.23  143.712
10.24  143.879
10.25  144.046
10.26  144.213
10.27  144.379
10.28  144.546
10.29  144.713
10.3  144.88
10.31  145.046
10.32  145.213
10.33  145.38
10.34  145.547
10.35  145.713
10.36  145.88
10.37  146.047
10.38  146.214
10.39  146.381
10.4  146.547
10.41  146.714
10.42  146.881
10.43  147.048
10.44  147.214
10.45  147.381
10.46  147.548
10.47  147.715
10.48  147.881
10.49  148.048
10.5  148.215
10.51  148.382
10.52  148.548
10.53  148.715
10.54  148.882
10.55  149.049
10.56  149.216
10.57  149.382
10.58  149.549
10.59  149.716
10.6  149.883
10.61  150.049
10.62  150.216
10.63  150.383
10.64  150.55
10.65  150.716
10.66  150.883
10.67  151.05
10.68  151.217
10.69  151.383
10.7  151.55
10.71  151.717
10.72  151.884
10.73  152.051
10.74  152.217
10.75  152.384
10.76  152.551
10.77  152.718
10.78  152.884
10.79  153.051
10.8  153.218
10.81  153.385
10.82  153.551
10.83  153.718
10.84  153.885
10.85  154.052
10.86  154.218
10.87  154.385
10.88  154.552
10.89  154.719
10.9  154.886
10.91  155.052
10.92  155.219
10.93  155.386
10.94  155.553
10.95  155.719
10.96  155.886
10.97  156.053
10.98  156.22
10.99  156.386
11  156.553
11.01  156.72
11.02  156.887
11.03  157.054
11.04  157.22
11.05  157.387
11.06  157.554
11.07  157.721
11.08  157.887
11.09  158.054
11.1  158.221
11.11  158.388
11.12  158.554
11.13  158.721
11.14  158.888
11.15  159.055
11.16  159.221
11.17  159.388
11.18  159.555
11.19  159.722
11.2  159.889
11.21  160.055
11.22  160.222
11.23  160.389
11.24  160.556
11.25  160.722
11.26  160.889
11.27  161.056
11.28  161.223
11.29  161.389
11.3  161.556
11.31  161.723
11.32  161.89
11.33  162.056
11.34  162.223
11.35  162.39
11.36  162.557
11.37  162.724
11.38  162.89
11.39  163.057
11.4  163.224
11.41  163.391
11.42  163.557
11.43  163.724
11.44  163.891
11.45  164.058
11.46  164.224
11.47  164.391
11.48  164.558
11.49  164.725
11.5  164.891
11.51  165.058
11.52  165.225
11.53  165.392
11.54  165.559
11.55  165.725
11.56  165.892
11.57  166.059
11.58  166.226
11.59  166.392
11.6  166.559
11.61  166.726
11.62  166.893
11.63  167.059
11.64  167.226
11.65  167.393
11.66  167.56
11.67  167.726
11.68  167.893
11.69  168.06
11.7  168.227
11.71  168.393
11.72  168.56
11.73  168.727
11.74  168.894
11.75  169.061
11.76  169.227
11.77  169.394
11.78  169.561
11.79  169.728
11.8  169.894
11.81  170.061
11.82  170.228
11.83  170.395
11.84  170.561
11.85  170.728
11.86  170.895
11.87  171.062
11.88  171.228
11.89  171.395
11.9  171.562
11.91  171.729
11.92  171.896
11.93  172.062
11.94  172.229
11.95  172.396
11.96  172.563
11.97  172.729
11.98  172.896
11.99  173.063
12  173.23
12.01  173.396
12.02  173.563
12.03  173.73
12.04  173.897
12.05  174.063
12.06  174.23
12.07  174.397
12.08  174.564
12.09  174.731
12.1  174.897
12.11  175.064
12.12  175.231
12.13  175.398
12.14  175.564
12.15  175.731
12.16  175.898
12.17  176.065
12.18  176.231
12.19  176.398
12.2  176.565
12.21  176.732
12.22  176.898
12.23  177.065
12.24  177.232
12.25  177.399
12.26  177.566
12.27  177.732
12.28  177.899
12.29  178.066
12.3  178.233
12.31  178.399
12.32  178.566
12.33  178.733
12.34  178.9
12.35  179.066
12.36  179.233
12.37  179.4
12.38  179.567
12.39  179.733
12.4  179.9
12.41  180.067
12.42  180.234
12.43  180.4
12.44  180.567
12.45  180.734
12.46  180.901
12.47  181.068
12.48  181.234
12.49  181.401
12.5  181.568
12.51  181.735
12.52  181.901
12.53  182.068
12.54  182.235
12.55  182.402
12.56  182.568
12.57  182.735
12.58  182.902
12.59  183.069
12.6  183.235
12.61  183.402
12.62  183.569
12.63  183.736
12.64  183.903
12.65  184.069
12.66  184.236
12.67  184.403
12.68  184.57
12.69  184.736
12.7  184.903
12.71  185.07
12.72  185.237
12.73  185.403
12.74  185.57
12.75  185.737
12.76  185.904
12.77  186.07
12.78  186.237
12.79  186.404
12.8  186.571
12.81  186.737
12.82  186.904
12.83  187.071
12.84  187.238
12.85  187.405
12.86  187.571
12.87  187.738
12.88  187.905
12.89  188.072
12.9  188.238
12.91  188.405
12.92  188.572
12.93  188.739
12.94  188.905
12.95  189.072
12.96  189.239
12.97  189.406
12.98  189.572
12.99  189.739
13  189.906
13.01  190.073
13.02  190.239
13.03  190.406
13.04  190.573
13.05  190.74
13.06  190.907
13.07  191.073
13.08  191.24
13.09  191.407
13.1  191.574
13.11  191.74
13.12  191.907
13.13  192.074
13.14  192.241
13.15  192.407
13.16  192.574
13.17  192.741
13.18  192.908
13.19  193.074
13.2  193.241
13.21  193.408
13.22  193.575
13.23  193.742
13.24  193.908
13.25  194.075
13.26  194.242
13.27  194.409
13.28  194.575
13.29  194.742
13.3  194.909
13.31  195.076
13.32  195.242
13.33  195.409
13.34  195.576
13.35  195.743
13.36  195.909
13.37  196.076
13.38  196.243
13.39  196.41
13.4  196.576
13.41  196.743
13.42  196.91
13.43  197.077
13.44  197.244
13.45  197.41
13.46  197.577
13.47  197.744
13.48  197.911
13.49  198.077
13.5  198.244
13.51  198.411
13.52  198.578
13.53  198.744
13.54  198.911
13.55  199.078
13.56  199.245
13.57  199.411
13.58  199.578
13.59  199.745
13.6  199.912
13.61  200.078
13.62  200.245
13.63  200.412
13.64  200.579
13.65  200.746
13.66  200.912
13.67  201.079
13.68  201.246
13.69  201.413
13.7  201.579
13.71  201.746
13.72  201.913
13.73  202.08
13.74  202.246
13.75  202.413
13.76  202.58
13.77  202.747
13.78  202.913
13.79  203.08
13.8  203.247
13.81  203.414
13.82  203.58
13.83  203.747
13.84  203.914
13.85  204.081
13.86  204.248
13.87  204.414
13.88  204.581
13.89  204.748
13.9  204.915
13.91  205.081
13.92  205.248
13.93  205.415
13.94  205.582
13.95  205.748
13.96  205.915
13.97  206.082
13.98  206.249
13.99  206.415
14  206.582
14.01  206.749
14.02  206.916
14.03  207.082
14.04  207.249
14.05  207.416
14.06  207.583
14.07  207.75
14.08  207.916
14.09  208.083
14.1  208.25
14.11  208.417
14.12  208.583
14.13  208.75
14.14  208.917
14.15  209.084
14.16  209.25
14.17  209.417
14.18  209.584
14.19  209.751
14.2  209.917
14.21  210.084
14.22  210.251
14.23  210.418
14.24  210.584
14.25  210.751
14.26  210.918
14.27  211.085
14.28  211.251
14.29  211.418
14.3  211.585
14.31  211.752
14.32  211.919
14.33  212.085
14.34  212.252
14.35  212.419
14.36  212.586
14.37  212.752
14.38  212.919
14.39  213.086
14.4  213.253
14.41  213.419
14.42  213.586
14.43  213.753
14.44  213.92
14.45  214.086
14.46  214.253
14.47  214.42
14.48  214.587
14.49  214.753
14.5  214.92
14.51  215.087
14.52  215.254
14.53  215.421
14.54  215.587
14.55  215.754
14.56  215.921
14.57  216.088
14.58  216.254
14.59  216.421
14.6  216.588
14.61  216.755
14.62  216.921
14.63  217.088
14.64  217.255
14.65  217.422
14.66  217.588
14.67  217.755
14.68  217.922
14.69  218.089
14.7  218.255
14.71  218.422
14.72  218.589
14.73  218.756
14.74  218.922
14.75  219.089
14.76  219.256
14.77  219.423
14.78  219.59
14.79  219.756
14.8  219.923
14.81  220.09
14.82  220.257
14.83  220.423
14.84  220.59
14.85  220.757
14.86  220.924
14.87  221.09
14.88  221.257
14.89  221.424
14.9  221.591
14.91  221.757
14.92  221.924
14.93  222.091
14.94  222.258
14.95  222.424
14.96  222.591
14.97  222.758
14.98  222.925
14.99  223.092
15  223.258
15.01  223.425
15.02  223.592
15.03  223.759
15.04  223.925
15.05  224.092
15.06  224.259
15.07  224.426
15.08  224.592
15.09  224.759
15.1  224.926
15.11  225.093
15.12  225.259
15.13  225.426
15.14  225.593
15.15  225.76
15.16  225.926
15.17  226.093
15.18  226.26
15.19  226.427
15.2  226.593
15.21  226.76
15.22  226.927
15.23  227.094
15.24  227.261
15.25  227.427
15.26  227.594
15.27  227.761
15.28  227.928
15.29  228.094
15.3  228.261
15.31  228.428
15.32  228.595
15.33  228.761
15.34  228.928
15.35  229.095
15.36  229.262
15.37  229.428
15.38  229.595
15.39  229.762
15.4  229.929
15.41  230.095
15.42  230.262
15.43  230.429
15.44  230.596
15.45  230.762
15.46  230.929
15.47  231.096
15.48  231.263
15.49  231.43
15.5  231.596
15.51  231.763
15.52  231.93
15.53  232.097
15.54  232.263
15.55  232.43
15.56  232.597
15.57  232.764
15.58  232.93
15.59  233.097
15.6  233.264
15.61  233.431
15.62  233.597
15.63  233.764
15.64  233.931
15.65  234.098
15.66  234.264
15.67  234.431
15.68  234.598
15.69  234.765
15.7  234.931
15.71  235.098
15.72  235.265
15.73  235.432
15.74  235.599
15.75  235.765
15.76  235.932
15.77  236.099
15.78  236.266
15.79  236.432
15.8  236.599
15.81  236.766
15.82  236.933
15.83  237.099
15.84  237.266
15.85  237.433
15.86  237.6
15.87  237.766
15.88  237.933
15.89  238.1
15.9  238.267
15.91  238.433
15.92  238.6
15.93  238.767
15.94  238.934
15.95  239.1
15.96  239.267
15.97  239.434
15.98  239.601
15.99  239.768
16  239.934
16.01  240.101
16.02  240.268
16.03  240.435
16.04  240.601
16.05  240.768
16.06  240.935
16.07  241.102
16.08  241.268
16.09  241.435
16.1  241.602
16.11  241.769
16.12  241.935
16.13  242.102
16.14  242.269
16.15  242.436
16.16  242.602
16.17  242.769
16.18  242.936
16.19  243.103
16.2  243.269
16.21  243.436
16.22  243.603
16.23  243.77
16.24  243.937
16.25  244.103
16.26  244.27
16.27  244.437
16.28  244.604
16.29  244.77
16.3  244.937
16.31  245.104
16.32  245.271
16.33  245.437
16.34  245.604
16.35  245.771
16.36  245.938
16.37  246.104
16.38  246.271
16.39  246.438
16.4  246.605
16.41  246.771
16.42  246.938
16.43  247.105
16.44  247.272
16.45  247.438
16.46  247.605
16.47  247.772
16.48  247.939
16.49  248.106
16.5  248.272
16.51  248.439
16.52  248.606
16.53  248.773
16.54  248.939
16.55  249.106
16.56  249.273
16.57  249.44
16.58  249.606
16.59  249.773
16.6  249.94
16.61  250.107
16.62  250.273
16.63  250.44
16.64  250.607
16.65  250.774
16.66  250.94
16.67  251.107
16.68  251.274
16.69  251.441
16.7  251.607
16.71  251.774
16.72  251.941
16.73  252.108
16.74  252.274
16.75  252.441
16.76  252.608
16.77  252.775
16.78  252.942
16.79  253.108
16.8  253.275
16.81  253.442
16.82  253.609
16.83  253.775
16.84  253.942
16.85  254.109
16.86  254.276
16.87  254.442
16.88  254.609
16.89  254.776
16.9  254.943
16.91  255.109
16.92  255.276
16.93  255.443
16.94  255.61
16.95  255.776
16.96  255.943
16.97  256.11
16.98  256.277
16.99  256.443
17  256.61
17.01  256.777
17.02  256.944
17.03  257.11
17.04  257.277
17.05  257.444
17.06  257.611
17.07  257.778
17.08  257.944
17.09  258.111
17.1  258.278
17.11  258.445
17.12  258.611
17.13  258.778
17.14  258.945
17.15  259.112
17.16  259.278
17.17  259.445
17.18  259.612
17.19  259.779
17.2  259.945
17.21  260.112
17.22  260.279
17.23  260.446
17.24  260.612
17.25  260.779
17.26  260.946
17.27  261.113
17.28  261.279
17.29  261.446
17.3  261.613
17.31  261.78
17.32  261.947
17.33  262.113
17.34  262.28
17.35  262.447
17.36  262.614
17.37  262.78
17.38  262.947
17.39  263.114
17.4  263.281
17.41  263.447
17.42  263.614
17.43  263.781
17.44  263.948
17.45  264.114
17.46  264.281
17.47  264.448
17.48  264.615
17.49  264.781
17.5  264.948
17.51  265.115
17.52  265.282
17.53  265.448
17.54  265.615
17.55  265.782
17.56  265.949
17.57  266.115
17.58  266.282
17.59  266.449
17.6  266.616
17.61  266.783
17.62  266.949
17.63  267.116
17.64  267.283
17.65  267.45
17.66  267.616
17.67  267.783
17.68  267.95
17.69  268.117
17.7  268.283
17.71  268.45
17.72  268.617
17.73  268.784
17.74  268.95
17.75  269.117
17.76  269.284
17.77  269.451
17.78  269.617
17.79  269.784
17.8  269.951
17.81  270.118
17.82  270.284
17.83  270.451
17.84  270.618
17.85  270.785
17.86  270.951
17.87  271.118
17.88  271.285
17.89  271.452
17.9  271.619
17.91  271.785
17.92  271.952
17.93  272.119
17.94  272.286
17.95  272.452
17.96  272.619
17.97  272.786
17.98  272.953
17.99  273.119
18  273.286
18.01  273.453
18.02  273.62
18.03  273.786
18.04  273.953
18.05  274.12
18.06  274.287
18.07  274.453
18.08  274.62
18.09  274.787
18.1  274.954
18.11  275.12
18.12  275.287
18.13  275.454
18.14  275.621
18.15  275.787
18.16  275.954
18.17  276.121
18.18  276.288
18.19  276.454
18.2  276.621
18.21  276.788
18.22  276.955
18.23  277.122
18.24  277.288
18.25  277.455
18.26  277.622
18.27  277.789
18.28  277.955
18.29  278.122
18.3  278.289
18.31  278.456
18.32  278.622
18.33  278.789
18.34  278.956
18.35  279.123
18.36  279.289
18.37  279.456
18.38  279.623
18.39  279.79
18.4  279.956
18.41  280.123
18.42  280.29
18.43  280.457
18.44  280.623
18.45  280.79
18.46  280.957
18.47  281.124
18.48  281.29
18.49  281.457
18.5  281.624
18.51  281.791
18.52  281.958
18.53  282.124
18.54  282.291
18.55  282.458
18.56  282.625
18.57  282.791
18.58  282.958
18.59  283.125
18.6  283.292
18.61  283.458
18.62  283.625
18.63  283.792
18.64  283.959
18.65  284.125
18.66  284.292
18.67  284.459
18.68  284.626
18.69  284.792
18.7  284.959
18.71  285.126
18.72  285.293
18.73  285.459
18.74  285.626
18.75  285.793
18.76  285.96
18.77  286.126
18.78  286.293
18.79  286.46
18.8  286.627
18.81  286.793
18.82  286.96
18.83  287.127
18.84  287.294
18.85  287.461
18.86  287.627
18.87  287.794
18.88  287.961
18.89  288.128
18.9  288.294
18.91  288.461
18.92  288.628
18.93  288.795
18.94  288.961
18.95  289.128
18.96  289.295
18.97  289.462
18.98  289.628
18.99  289.795
19  289.962
19.01  290.129
19.02  290.295
19.03  290.462
19.04  290.629
19.05  290.796
19.06  290.962
19.07  291.129
19.08  291.296
19.09  291.463
19.1  291.629
19.11  291.796
19.12  291.963
19.13  292.13
19.14  292.296
19.15  292.463
19.16  292.63
19.17  292.797
19.18  292.964
19.19  293.13
19.2  293.297
19.21  293.464
19.22  293.631
19.23  293.797
19.24  293.964
19.25  294.131
19.26  294.298
19.27  294.464
19.28  294.631
19.29  294.798
19.3  294.965
19.31  295.131
19.32  295.298
19.33  295.465
19.34  295.632
19.35  295.798
19.36  295.965
19.37  296.132
19.38  296.299
19.39  296.465
19.4  296.632
19.41  296.799
19.42  296.966
19.43  297.132
19.44  297.299
19.45  297.466
19.46  297.633
19.47  297.799
19.48  297.966
19.49  298.133
19.5  298.3
19.51  298.467
19.52  298.633
19.53  298.8
19.54  298.967
19.55  299.134
19.56  299.3
19.57  299.467
19.58  299.634
19.59  299.801
19.6  299.967
19.61  300.134
19.62  300.301
19.63  300.468
19.64  300.634
19.65  300.801
19.66  300.968
19.67  301.135
19.68  301.301
19.69  301.468
19.7  301.635
19.71  301.802
19.72  301.968
19.73  302.135
19.74  302.302
19.75  302.469
19.76  302.635
19.77  302.802
19.78  302.969
19.79  303.136
19.8  303.302
19.81  303.469
19.82  303.636
19.83  303.803
19.84  303.97
19.85  304.136
19.86  304.303
19.87  304.47
19.88  304.637
19.89  304.803
19.9  304.97
19.91  305.137
19.92  305.304
19.93  305.47
19.94  305.637
19.95  305.804
19.96  305.971
19.97  306.137
19.98  306.304
19.99  306.471
20  306.638
20.01  306.804
20.02  306.971
20.03  307.138
20.04  307.305
20.05  307.471
20.06  307.638
20.07  307.805
20.08  307.972
20.09  308.138
20.1  308.305
20.11  308.472
20.12  308.639
20.13  308.805
20.14  308.972
20.15  309.139
20.16  309.306
20.17  309.472
20.18  309.639
20.19  309.806
20.2  309.973
20.21  310.14
20.22  310.306
20.23  310.473
20.24  310.64
20.25  310.807
20.26  310.973
20.27  311.14
20.28  311.307
20.29  311.474
20.3  311.64
20.31  311.807
20.32  311.974
20.33  312.141
20.34  312.307
20.35  312.474
20.36  312.641
20.37  312.808
20.38  312.974
20.39  313.141
20.4  313.308
20.41  313.475
20.42  313.641
20.43  313.808
20.44  313.975
20.45  314.142
20.46  314.308
20.47  314.475
20.48  314.642
20.49  314.809
20.5  314.975
20.51  315.142
20.52  315.309
20.53  315.476
20.54  315.642
20.55  315.809
20.56  315.976
20.57  316.143
20.58  316.31
20.59  316.476
20.6  316.643
20.61  316.81
20.62  316.977
20.63  317.143
20.64  317.31
20.65  317.477
20.66  317.644
20.67  317.81
20.68  317.977
20.69  318.144
20.7  318.311
20.71  318.477
20.72  318.644
20.73  318.811
20.74  318.978
20.75  319.144
20.76  319.311
20.77  319.478
20.78  319.645
20.79  319.811
20.8  319.978
20.81  320.145
20.82  320.312
20.83  320.478
20.84  320.645
20.85  320.812
20.86  320.979
20.87  321.145
20.88  321.312
20.89  321.479
20.9  321.646
20.91  321.812
20.92  321.979
20.93  322.146
20.94  322.313
20.95  322.48
20.96  322.646
20.97  322.813
20.98  322.98
20.99  323.147
21  323.313
21.01  323.48
21.02  323.647
21.03  323.814
21.04  323.98
21.05  324.147
21.06  324.314
21.07  324.481
21.08  324.647
21.09  324.814
21.1  324.981
21.11  325.148
21.12  325.314
21.13  325.481
21.14  325.648
21.15  325.815
21.16  325.981
21.17  326.148
21.18  326.315
21.19  326.482
21.2  326.648
21.21  326.815
21.22  326.982
21.23  327.149
21.24  327.315
21.25  327.482
21.26  327.649
21.27  327.816
21.28  327.982
21.29  328.149
21.3  328.316
21.31  328.483
21.32  328.65
21.33  328.816
21.34  328.983
21.35  329.15
21.36  329.317
21.37  329.483
21.38  329.65
21.39  329.817
21.4  329.984
21.41  330.15
21.42  330.317
21.43  330.484
21.44  330.651
21.45  330.817
21.46  330.984
21.47  331.151
21.48  331.318
21.49  331.484
21.5  331.651
21.51  331.818
21.52  331.985
21.53  332.151
21.54  332.318
21.55  332.485
21.56  332.652
21.57  332.818
21.58  332.985
21.59  333.152
21.6  333.319
21.61  333.485
21.62  333.652
21.63  333.819
21.64  333.986
21.65  334.152
21.66  334.319
21.67  334.486
21.68  334.653
21.69  334.819
21.7  334.986
21.71  335.153
21.72  335.32
21.73  335.487
21.74  335.653
21.75  335.82
21.76  335.987
21.77  336.154
21.78  336.32
21.79  336.487
21.8  336.654
21.81  336.821
21.82  336.987
21.83  337.154
21.84  337.321
21.85  337.488
21.86  337.654
21.87  337.821
21.88  337.988
21.89  338.155
21.9  338.321
21.91  338.488
21.92  338.655
21.93  338.822
21.94  338.988
21.95  339.155
21.96  339.322
21.97  339.489
21.98  339.655
21.99  339.822
22  339.989
22.01  340.156
22.02  340.322
22.03  340.489
22.04  340.656
22.05  340.823
22.06  340.989
22.07  341.156
22.08  341.323
22.09  341.49
22.1  341.657
22.11  341.823
22.12  341.99
22.13  342.157
22.14  342.324
22.15  342.49
22.16  342.657
22.17  342.824
22.18  342.991
22.19  343.157
22.2  343.324
22.21  343.491
22.22  343.658
22.23  343.824
22.24  343.991
22.25  344.158
22.26  344.325
22.27  344.491
22.28  344.658
22.29  344.825
22.3  344.992
22.31  345.158
22.32  345.325
22.33  345.492
22.34  345.659
22.35  345.825
22.36  345.992
22.37  346.159
22.38  346.326
22.39  346.492
22.4  346.659
22.41  346.826
22.42  346.993
22.43  347.159
22.44  347.326
22.45  347.493
22.46  347.66
22.47  347.826
22.48  347.993
22.49  348.16
22.5  348.327
22.51  348.493
22.52  348.66
22.53  348.827
22.54  348.994
22.55  349.161
22.56  349.327
22.57  349.494
22.58  349.661
22.59  349.828
22.6  349.994
22.61  350.161
22.62  350.328
22.63  350.495
22.64  350.661
22.65  350.828
22.66  350.995
22.67  351.162
22.68  351.328
22.69  351.495
22.7  351.662
22.71  351.829
22.72  351.995
22.73  352.162
22.74  352.329
22.75  352.496
22.76  352.662
22.77  352.829
22.78  352.996
22.79  353.163
22.8  353.329
22.81  353.496
22.82  353.663
22.83  353.83
22.84  353.996
22.85  354.163
22.86  354.33
22.87  354.497
22.88  354.663
22.89  354.83
22.9  354.997
22.91  355.164
22.92  355.33
22.93  355.497
22.94  355.664
22.95  355.831
22.96  355.998
22.97  356.164
22.98  356.331
22.99  356.498
23  356.665
23.01  356.831
23.02  356.998
23.03  357.165
23.04  357.332
23.05  357.498
23.06  357.665
23.07  357.832
23.08  357.999
23.09  358.165
23.1  358.332
23.11  358.499
23.12  358.666
23.13  358.832
23.14  358.999
23.15  359.166
23.16  359.333
23.17  359.499
23.18  359.666
23.19  359.833
23.2  360
23.21  360.166
23.22  360.333
23.23  360.5
23.24  360.667
23.25  360.833
23.26  361
23.27  361.167
23.28  361.334
23.29  361.5
23.3  361.667
23.31  361.834
23.32  362.001
23.33  362.167
23.34  362.334
23.35  362.501
23.36  362.668
23.37  362.834
23.38  363.001
23.39  363.168
23.4  363.335
23.41  363.502
23.42  363.668
23.43  363.835
23.44  364.002
23.45  364.169
23.46  364.335
23.47  364.502
23.48  364.669
23.49  364.836
23.5  365.002
23.51  365.169
23.52  365.336
23.53  365.503
23.54  365.669
23.55  365.836
23.56  366.003
23.57  366.17
23.58  366.336
23.59  366.503
23.6  366.67
23.61  366.837
23.62  367.003
23.63  367.17
23.64  367.337
23.65  367.504
23.66  367.67
23.67  367.837
23.68  368.004
23.69  368.171
23.7  368.337
23.71  368.504
23.72  368.671
23.73  368.838
23.74  369.004
23.75  369.171
23.76  369.338
23.77  369.505
23.78  369.671
23.79  369.838
23.8  370.005
23.81  370.172
23.82  370.338
23.83  370.505
23.84  370.672
23.85  370.839
23.86  371.006
23.87  371.172
23.88  371.339
23.89  371.506
23.9  371.673
23.91  371.839
23.92  372.006
23.93  372.173
23.94  372.34
23.95  372.506
23.96  372.673
23.97  372.84
23.98  373.007
23.99  373.173
24  373.34
24.01  373.507
24.02  373.674
24.03  373.84
24.04  374.007
24.05  374.174
24.06  374.341
24.07  374.507
24.08  374.674
24.09  374.841
24.1  375.008
24.11  375.174
24.12  375.341
24.13  375.508
24.14  375.675
24.15  375.841
24.16  376.008
24.17  376.175
24.18  376.342
24.19  376.508
24.2  376.675
24.21  376.842
24.22  377.009
24.23  377.175
24.24  377.342
24.25  377.509
24.26  377.676
24.27  377.842
24.28  378.009
24.29  378.176
24.3  378.343
24.31  378.509
24.32  378.676
24.33  378.843
24.34  379.01
24.35  379.177
24.36  379.343
24.37  379.51
24.38  379.677
24.39  379.844
24.4  380.01
24.41  380.177
24.42  380.344
24.43  380.511
24.44  380.677
24.45  380.844
24.46  381.011
24.47  381.178
24.48  381.344
24.49  381.511
24.5  381.678
24.51  381.845
24.52  382.011
24.53  382.178
24.54  382.345
24.55  382.512
24.56  382.678
24.57  382.845
24.58  383.012
24.59  383.179
24.6  383.345
24.61  383.512
24.62  383.679
24.63  383.846
24.64  384.012
24.65  384.179
24.66  384.346
24.67  384.513
24.68  384.679
24.69  384.846
24.7  385.013
24.71  385.18
24.72  385.346
24.73  385.513
24.74  385.68
24.75  385.847
24.76  386.013
24.77  386.18
24.78  386.347
24.79  386.514
24.8  386.68
24.81  386.847
24.82  387.014
24.83  387.181
24.84  387.348
24.85  387.514
24.86  387.681
24.87  387.848
24.88  388.015
24.89  388.181
24.9  388.348
24.91  388.515
24.92  388.682
24.93  388.848
24.94  389.015
24.95  389.182
24.96  389.349
24.97  389.515
24.98  389.682
24.99  389.849
25  390.016
25.01  390.182
25.02  390.349
25.03  390.516
25.04  390.683
25.05  390.849
25.06  391.016
25.07  391.183
25.08  391.35
25.09  391.516
25.1  391.683
25.11  391.85
25.12  392.017
25.13  392.183
25.14  392.35
25.15  392.517
25.16  392.684
25.17  392.85
25.18  393.017
25.19  393.184
25.2  393.351
25.21  393.517
25.22  393.684
25.23  393.851
25.24  394.018
25.25  394.184
25.26  394.351
25.27  394.518
25.28  394.685
25.29  394.851
25.3  395.018
25.31  395.185
25.32  395.352
25.33  395.519
25.34  395.685
25.35  395.852
25.36  396.019
25.37  396.186
25.38  396.352
25.39  396.519
25.4  396.686
25.41  396.853
25.42  397.019
25.43  397.186
25.44  397.353
25.45  397.52
25.46  397.686
25.47  397.853
25.48  398.02
25.49  398.187
25.5  398.353
25.51  398.52
25.52  398.687
25.53  398.854
25.54  399.02
25.55  399.187
25.56  399.354
25.57  399.521
25.58  399.687
25.59  399.854
25.6  400.021
25.61  400.188
25.62  400.354
25.63  400.521
25.64  400.688
25.65  400.855
25.66  401.021
25.67  401.188
25.68  401.355
25.69  401.522
25.7  401.688
25.71  401.855
25.72  402.022
25.73  402.189
25.74  402.355
25.75  402.522
25.76  402.689
25.77  402.856
25.78  403.022
25.79  403.189
25.8  403.356
25.81  403.523
25.82  403.689
25.83  403.856
25.84  404.023
25.85  404.19
25.86  404.357
25.87  404.523
25.88  404.69
25.89  404.857
25.9  405.024
25.91  405.19
25.92  405.357
25.93  405.524
25.94  405.691
25.95  405.857
25.96  406.024
25.97  406.191
25.98  406.358
25.99  406.524
26  406.691
26.01  406.858
26.02  407.025
26.03  407.191
26.04  407.358
26.05  407.525
26.06  407.692
26.07  407.858
26.08  408.025
26.09  408.192
26.1  408.359
26.11  408.525
26.12  408.692
26.13  408.859
26.14  409.026
26.15  409.192
26.16  409.359
26.17  409.526
26.18  409.693
26.19  409.859
26.2  410.026
26.21  410.193
26.22  410.36
26.23  410.526
26.24  410.693
26.25  410.86
26.26  411.027
26.27  411.193
26.28  411.36
26.29  411.527
26.3  411.694
26.31  411.86
26.32  412.027
26.33  412.194
26.34  412.361
26.35  412.527
26.36  412.694
26.37  412.861
26.38  413.028
26.39  413.194
26.4  413.361
26.41  413.528
26.42  413.695
26.43  413.862
26.44  414.028
26.45  414.195
26.46  414.362
26.47  414.529
26.48  414.695
26.49  414.862
26.5  415.029
26.51  415.196
26.52  415.362
26.53  415.529
26.54  415.696
26.55  415.863
26.56  416.029
26.57  416.196
26.58  416.363
26.59  416.53
26.6  416.696
26.61  416.863
26.62  417.03
26.63  417.197
26.64  417.363
26.65  417.53
26.66  417.697
26.67  417.864
26.68  418.03
26.69  418.197
26.7  418.364
26.71  418.531
26.72  418.697
26.73  418.864
26.74  419.031
26.75  419.198
26.76  419.364
26.77  419.531
26.78  419.698
26.79  419.865
26.8  420.031
26.81  420.198
26.82  420.365
26.83  420.532
26.84  420.698
26.85  420.865
26.86  421.032
26.87  421.199
26.88  421.365
26.89  421.532
26.9  421.699
26.91  421.866
26.92  422.032
26.93  422.199
26.94  422.366
26.95  422.533
26.96  422.699
26.97  422.866
26.98  423.033
26.99  423.2
27  423.367
27.01  423.533
27.02  423.7
27.03  423.867
27.04  424.034
27.05  424.2
27.06  424.367
27.07  424.534
27.08  424.701
27.09  424.867
27.1  425.034
27.11  425.201
27.12  425.368
27.13  425.534
27.14  425.701
27.15  425.868
27.16  426.035
27.17  426.201
27.18  426.368
27.19  426.535
27.2  426.702
27.21  426.868
27.22  427.035
27.23  427.202
27.24  427.369
27.25  427.535
27.26  427.702
27.27  427.869
27.28  428.036
27.29  428.202
27.3  428.369
27.31  428.536
27.32  428.703
27.33  428.869
27.34  429.036
27.35  429.203
27.36  429.37
27.37  429.536
27.38  429.703
27.39  429.87
27.4  430.037
27.41  430.203
27.42  430.37
27.43  430.537
27.44  430.704
27.45  430.87
27.46  431.037
27.47  431.204
27.48  431.371
27.49  431.537
27.5  431.704
27.51  431.871
27.52  432.038
27.53  432.204
27.54  432.371
27.55  432.538
27.56  432.705
27.57  432.871
27.58  433.038
27.59  433.205
27.6  433.372
27.61  433.539
27.62  433.705
27.63  433.872
27.64  434.039
27.65  434.206
27.66  434.372
27.67  434.539
27.68  434.706
27.69  434.873
27.7  435.039
27.71  435.206
27.72  435.373
27.73  435.54
27.74  435.706
27.75  435.873
27.76  436.04
27.77  436.207
27.78  436.373
27.79  436.54
27.8  436.707
27.81  436.874
27.82  437.04
27.83  437.207
27.84  437.374
27.85  437.541
27.86  437.707
27.87  437.874
27.88  438.041
27.89  438.208
27.9  438.374
27.91  438.541
27.92  438.708
27.93  438.875
27.94  439.041
27.95  439.208
27.96  439.375
27.97  439.542
27.98  439.708
27.99  439.875
28  440.042
28.01  440.209
28.02  440.375
28.03  440.542
28.04  440.709
28.05  440.876
28.06  441.042
28.07  441.209
28.08  441.376
28.09  441.543
28.1  441.709
28.11  441.876
28.12  442.043
28.13  442.21
28.14  442.376
28.15  442.543
28.16  442.71
28.17  442.877
28.18  443.043
28.19  443.21
28.2  443.377
28.21  443.544
28.22  443.711
28.23  443.877
28.24  444.044
28.25  444.211
28.26  444.378
28.27  444.544
28.28  444.711
28.29  444.878
28.3  445.045
28.31  445.211
28.32  445.378
28.33  445.545
28.34  445.712
28.35  445.878
28.36  446.045
28.37  446.212
28.38  446.379
28.39  446.545
28.4  446.712
28.41  446.879
28.42  447.046
28.43  447.212
28.44  447.379
28.45  447.546
28.46  447.713
28.47  447.879
28.48  448.046
28.49  448.213
28.5  448.38
28.51  448.546
28.52  448.713
28.53  448.88
28.54  449.047
28.55  449.213
28.56  449.38
28.57  449.547
28.58  449.714
28.59  449.88
28.6  450.047
28.61  450.214
28.62  450.381
28.63  450.547
28.64  450.714
28.65  450.881
28.66  451.048
28.67  451.214
28.68  451.381
28.69  451.548
28.7  451.715
28.71  451.881
28.72  452.048
28.73  452.215
28.74  452.382
28.75  452.548
28.76  452.715
28.77  452.882
28.78  453.049
28.79  453.215
28.8  453.382
28.81  453.549
28.82  453.716
28.83  453.882
28.84  454.049
28.85  454.216
28.86  454.383
28.87  454.55
28.88  454.716
28.89  454.883
28.9  455.05
28.91  455.217
28.92  455.383
28.93  455.55
28.94  455.717
28.95  455.884
28.96  456.05
28.97  456.217
28.98  456.384
28.99  456.551
29  456.717
29.01  456.884
29.02  457.051
29.03  457.218
29.04  457.384
29.05  457.551
29.06  457.718
29.07  457.885
29.08  458.051
29.09  458.218
29.1  458.385
29.11  458.552
29.12  458.718
29.13  458.885
29.14  459.052
29.15  459.219
29.16  459.385
29.17  459.552
29.18  459.719
29.19  459.886
29.2  460.052
29.21  460.219
29.22  460.386
29.23  460.553
29.24  460.719
29.25  460.886
29.26  461.053
29.27  461.22
29.28  461.386
29.29  461.553
29.3  461.72
29.31  461.887
29.32  462.053
29.33  462.22
29.34  462.387
29.35  462.554
29.36  462.72
29.37  462.887
29.38  463.054
29.39  463.221
29.4  463.387
29.41  463.554
29.42  463.721
29.43  463.888
29.44  464.054
29.45  464.221
29.46  464.388
29.47  464.555
29.48  464.721
29.49  464.888
29.5  465.055
29.51  465.222
29.52  465.388
29.53  465.555
29.54  465.722
29.55  465.889
29.56  466.056
29.57  466.222
29.58  466.389
29.59  466.556
29.6  466.723
29.61  466.889
29.62  467.056
29.63  467.223
29.64  467.39
29.65  467.556
29.66  467.723
29.67  467.89
29.68  468.057
29.69  468.223
29.7  468.39
29.71  468.557
29.72  468.724
29.73  468.89
29.74  469.057
29.75  469.224
29.76  469.391
29.77  469.557
29.78  469.724
29.79  469.891
29.8  470.058
29.81  470.224
29.82  470.391
29.83  470.558
29.84  470.725
29.85  470.891
29.86  471.058
29.87  471.225
29.88  471.392
29.89  471.558
29.9  471.725
29.91  471.892
29.92  472.059
29.93  472.225
29.94  472.392
29.95  472.559
29.96  472.726
29.97  472.892
29.98  473.059
29.99  473.226
30  473.393
30.01  473.559
30.02  473.726
30.03  473.893
30.04  474.06
30.05  474.226
30.06  474.393
30.07  474.56
30.08  474.727
30.09  474.893
30.1  475.06
30.11  475.227
30.12  475.394
30.13  475.56
30.14  475.727
30.15  475.894
30.16  476.061
30.17  476.227
30.18  476.394
30.19  476.561
30.2  476.728
30.21  476.894
30.22  477.061
30.23  477.228
30.24  477.395
30.25  477.561
30.26  477.728
30.27  477.895
30.28  478.062
30.29  478.229
30.3  478.395
30.31  478.562
30.32  478.729
30.33  478.896
30.34  479.062
30.35  479.229
30.36  479.396
30.37  479.563
30.38  479.729
30.39  479.896
30.4  480.063
30.41  480.23
30.42  480.396
30.43  480.563
30.44  480.73
30.45  480.897
30.46  481.063
30.47  481.23
30.48  481.397
30.49  481.564
30.5  481.73
30.51  481.897
30.52  482.064
30.53  482.231
30.54  482.397
30.55  482.564
30.56  482.731
30.57  482.898
30.58  483.064
30.59  483.231
30.6  483.398
30.61  483.565
30.62  483.731
30.63  483.898
30.64  484.065
30.65  484.232
30.66  484.398
30.67  484.565
30.68  484.732
30.69  484.899
30.7  485.065
30.71  485.232
30.72  485.399
30.73  485.566
30.74  485.732
30.75  485.899
30.76  486.066
30.77  486.233
30.78  486.399
30.79  486.566
30.8  486.733
30.81  486.9
30.82  487.066
30.83  487.233
30.84  487.4
30.85  487.567
30.86  487.733
30.87  487.9
30.88  488.067
30.89  488.234
30.9  488.4
30.91  488.567
30.92  488.734
30.93  488.901
30.94  489.067
30.95  489.234
30.96  489.401
30.97  489.568
30.98  489.734
30.99  489.901
31  490.068
31.01  490.235
31.02  490.401
31.03  490.568
31.04  490.735
31.05  490.902
31.06  491.069
31.07  491.235
31.08  491.402
31.09  491.569
31.1  491.736
31.11  491.902
31.12  492.069
31.13  492.236
31.14  492.403
31.15  492.569
31.16  492.736
31.17  492.903
31.18  493.07
31.19  493.236
31.2  493.403
31.21  493.57
31.22  493.737
31.23  493.903
31.24  494.07
31.25  494.237
31.26  494.404
31.27  494.57
31.28  494.737
31.29  494.904
31.3  495.071
31.31  495.237
31.32  495.404
31.33  495.571
31.34  495.738
31.35  495.904
31.36  496.071
31.37  496.238
31.38  496.405
31.39  496.571
31.4  496.738
31.41  496.905
31.42  497.072
31.43  497.238
31.44  497.405
31.45  497.572
31.46  497.739
31.47  497.905
31.48  498.072
31.49  498.239
31.5  498.406
31.51  498.572
31.52  498.739
31.53  498.906
31.54  499.073
31.55  499.239
31.56  499.406
31.57  499.573
31.58  499.74
31.59  499.906
31.6  500.073
31.61  500.24
31.62  500.407
31.63  500.573
31.64  500.74
31.65  500.907
31.66  501.074
31.67  501.24
31.68  501.407
31.69  501.574
31.7  501.741
31.71  501.907
31.72  502.074
31.73  502.241
31.74  502.408
31.75  502.574
31.76  502.741
31.77  502.908
31.78  503.075
31.79  503.241
31.8  503.408
31.81  503.575
31.82  503.742
31.83  503.908
31.84  504.075
31.85  504.242
31.86  504.409
31.87  504.576
31.88  504.742
31.89  504.909
31.9  505.076
31.91  505.243
31.92  505.409
31.93  505.576
31.94  505.743
31.95  505.91
31.96  506.076
31.97  506.243
31.98  506.41
31.99  506.577
32  506.743
32.01  506.91
32.02  507.077
32.03  507.244
32.04  507.41
32.05  507.577
32.06  507.744
32.07  507.911
32.08  508.077
32.09  508.244
32.1  508.411
32.11  508.578
32.12  508.744
32.13  508.911
32.14  509.078
32.15  509.245
32.16  509.411
32.17  509.578
32.18  509.745
32.19  509.912
32.2  510.078
32.21  510.245
32.22  510.412
32.23  510.579
32.24  510.745
32.25  510.912
32.26  511.079
32.27  511.246
32.28  511.412
32.29  511.579
32.3  511.746
32.31  511.913
32.32  512.079
32.33  512.246
32.34  512.413
32.35  512.58
32.36  512.746
32.37  512.913
32.38  513.08
32.39  513.247
32.4  513.413
32.41  513.58
32.42  513.747
32.43  513.914
32.44  514.08
32.45  514.247
32.46  514.414
32.47  514.581
32.48  514.747
32.49  514.914
32.5  515.081
32.51  515.248
32.52  515.414
32.53  515.581
32.54  515.748
32.55  515.915
32.56  516.081
32.57  516.248
32.58  516.415
32.59  516.582
32.6  516.748
32.61  516.915
32.62  517.082
32.63  517.249
32.64  517.415
32.65  517.582
32.66  517.749
32.67  517.916
32.68  518.082
32.69  518.249
32.7  518.416
32.71  518.583
32.72  518.749
32.73  518.916
32.74  519.083
32.75  519.25
32.76  519.417
32.77  519.583
32.78  519.75
32.79  519.917
32.8  520.084
32.81  520.25
32.82  520.417
32.83  520.584
32.84  520.751
32.85  520.917
32.86  521.084
32.87  521.251
32.88  521.418
32.89  521.584
32.9  521.751
32.91  521.918
32.92  522.085
32.93  522.251
32.94  522.418
32.95  522.585
32.96  522.752
32.97  522.918
32.98  523.085
32.99  523.252
33  523.419
33.01  523.585
33.02  523.752
33.03  523.919
33.04  524.086
33.05  524.252
33.06  524.419
33.07  524.586
33.08  524.753
33.09  524.919
33.1  525.086
33.11  525.253
33.12  525.42
33.13  525.586
33.14  525.753
33.15  525.92
33.16  526.087
33.17  526.253
33.18  526.42
33.19  526.587
33.2  526.754
33.21  526.92
33.22  527.087
33.23  527.254
33.24  527.421
33.25  527.587
33.26  527.754
33.27  527.921
33.28  528.088
33.29  528.254
33.3  528.421
33.31  528.588
33.32  528.755
33.33  528.921
33.34  529.088
33.35  529.255
33.36  529.422
33.37  529.588
33.38  529.755
33.39  529.922
33.4  530.089
33.41  530.255
33.42  530.422
33.43  530.589
33.44  530.756
33.45  530.922
33.46  531.089
33.47  531.256
33.48  531.423
33.49  531.589
33.5  531.756
33.51  531.923
33.52  532.09
33.53  532.256
33.54  532.423
33.55  532.59
33.56  532.757
33.57  532.923
33.58  533.09
33.59  533.257
33.6  533.424
33.61  533.59
33.62  533.757
33.63  533.924
33.64  534.091
33.65  534.258
33.66  534.424
33.67  534.591
33.68  534.758
33.69  534.925
33.7  535.091
33.71  535.258
33.72  535.425
33.73  535.592
33.74  535.758
33.75  535.925
33.76  536.092
33.77  536.259
33.78  536.425
33.79  536.592
33.8  536.759
33.81  536.926
33.82  537.092
33.83  537.259
33.84  537.426
33.85  537.593
33.86  537.759
33.87  537.926
33.88  538.093
33.89  538.26
33.9  538.426
33.91  538.593
33.92  538.76
33.93  538.927
33.94  539.093
33.95  539.26
33.96  539.427
33.97  539.594
33.98  539.76
33.99  539.927
34  540.094
34.01  540.261
34.02  540.427
34.03  540.594
34.04  540.761
34.05  540.928
34.06  541.094
34.07  541.261
34.08  541.428
34.09  541.595
34.1  541.761
34.11  541.928
34.12  542.095
34.13  542.262
34.14  542.428
34.15  542.595
34.16  542.762
34.17  542.929
34.18  543.095
34.19  543.262
34.2  543.429
34.21  543.596
34.22  543.762
34.23  543.929
34.24  544.096
34.25  544.263
34.26  544.429
34.27  544.596
34.28  544.763
34.29  544.93
34.3  545.096
34.31  545.263
34.32  545.43
34.33  545.597
34.34  545.763
34.35  545.93
34.36  546.097
34.37  546.264
34.38  546.43
34.39  546.597
34.4  546.764
34.41  546.931
34.42  547.097
34.43  547.264
34.44  547.431
34.45  547.598
34.46  547.764
34.47  547.931
34.48  548.098
34.49  548.265
34.5  548.431
34.51  548.598
34.52  548.765
34.53  548.932
34.54  549.098
34.55  549.265
34.56  549.432
34.57  549.599
34.58  549.765
34.59  549.932
34.6  550.099
34.61  550.266
34.62  550.432
34.63  550.599
34.64  550.766
34.65  550.933
34.66  551.1
34.67  551.266
34.68  551.433
34.69  551.6
34.7  551.767
34.71  551.933
34.72  552.1
34.73  552.267
34.74  552.434
34.75  552.6
34.76  552.767
34.77  552.934
34.78  553.101
34.79  553.267
34.8  553.434
34.81  553.601
34.82  553.768
34.83  553.934
34.84  554.101
34.85  554.268
34.86  554.435
34.87  554.601
34.88  554.768
34.89  554.935
34.9  555.102
34.91  555.268
34.92  555.435
34.93  555.602
34.94  555.769
34.95  555.935
34.96  556.102
34.97  556.269
34.98  556.436
34.99  556.602
35  556.769
35.01  556.936
35.02  557.103
35.03  557.269
35.04  557.436
35.05  557.603
35.06  557.77
35.07  557.936
35.08  558.103
35.09  558.27
35.1  558.437
35.11  558.603
35.12  558.77
35.13  558.937
35.14  559.104
35.15  559.27
35.16  559.437
35.17  559.604
35.18  559.771
35.19  559.937
35.2  560.104
35.21  560.271
35.22  560.438
35.23  560.604
35.24  560.771
35.25  560.938
35.26  561.105
35.27  561.271
35.28  561.438
35.29  561.605
35.3  561.772
35.31  561.938
35.32  562.105
35.33  562.272
35.34  562.439
35.35  562.605
35.36  562.772
35.37  562.939
35.38  563.106
35.39  563.272
35.4  563.439
35.41  563.606
35.42  563.773
35.43  563.939
35.44  564.106
35.45  564.273
35.46  564.44
35.47  564.606
35.48  564.773
35.49  564.94
35.5  565.107
35.51  565.273
35.52  565.44
35.53  565.607
35.54  565.774
35.55  565.94
35.56  566.107
35.57  566.274
35.58  566.441
35.59  566.607
35.6  566.774
35.61  566.941
35.62  567.108
35.63  567.274
35.64  567.441
35.65  567.608
35.66  567.775
35.67  567.941
35.68  568.108
35.69  568.275
35.7  568.442
35.71  568.608
35.72  568.775
35.73  568.942
35.74  569.109
35.75  569.276
35.76  569.442
35.77  569.609
35.78  569.776
35.79  569.943
35.8  570.109
35.81  570.276
35.82  570.443
35.83  570.61
35.84  570.776
35.85  570.943
35.86  571.11
35.87  571.277
35.88  571.443
35.89  571.61
35.9  571.777
35.91  571.944
35.92  572.11
35.93  572.277
35.94  572.444
35.95  572.611
35.96  572.777
35.97  572.944
35.98  573.111
35.99  573.278
36  573.444
36.01  573.611
36.02  573.778
36.03  573.945
36.04  574.111
36.05  574.278
36.06  574.445
36.07  574.612
36.08  574.778
36.09  574.945
36.1  575.112
36.11  575.279
36.12  575.445
36.13  575.612
36.14  575.779
36.15  575.946
36.16  576.112
36.17  576.279
36.18  576.446
36.19  576.613
36.2  576.779
36.21  576.946
36.22  577.113
36.23  577.28
36.24  577.446
36.25  577.613
36.26  577.78
36.27  577.947
36.28  578.113
36.29  578.28
36.3  578.447
36.31  578.614
36.32  578.78
36.33  578.947
36.34  579.114
36.35  579.281
36.36  579.447
36.37  579.614
36.38  579.781
36.39  579.948
36.4  580.114
36.41  580.281
36.42  580.448
36.43  580.615
36.44  580.781
36.45  580.948
36.46  581.115
36.47  581.282
36.48  581.448
36.49  581.615
36.5  581.782
36.51  581.949
36.52  582.115
36.53  582.282
36.54  582.449
36.55  582.616
36.56  582.782
36.57  582.949
36.58  583.116
36.59  583.283
36.6  583.449
36.61  583.616
36.62  583.783
36.63  583.95
36.64  584.116
36.65  584.283
36.66  584.45
36.67  584.617
36.68  584.783
36.69  584.95
36.7  585.117
36.71  585.284
36.72  585.45
36.73  585.617
36.74  585.784
36.75  585.951
36.76  586.117
36.77  586.284
36.78  586.451
36.79  586.618
36.8  586.784
36.81  586.951
36.82  587.118
36.83  587.285
36.84  587.451
36.85  587.618
36.86  587.785
36.87  587.952
36.88  588.118
36.89  588.285
36.9  588.452
36.91  588.619
36.92  588.785
36.93  588.952
36.94  589.119
36.95  589.286
36.96  589.453
36.97  589.619
36.98  589.786
36.99  589.953
37  590.12
37.01  590.286
37.02  590.453
37.03  590.62
37.04  590.787
37.05  590.953
37.06  591.12
37.07  591.287
37.08  591.454
37.09  591.62
37.1  591.787
37.11  591.954
37.12  592.121
37.13  592.287
37.14  592.454
37.15  592.621
37.16  592.788
37.17  592.954
37.18  593.121
37.19  593.288
37.2  593.455
37.21  593.621
37.22  593.788
37.23  593.955
37.24  594.122
37.25  594.288
37.26  594.455
37.27  594.622
37.28  594.789
37.29  594.955
37.3  595.122
37.31  595.289
37.32  595.456
37.33  595.622
37.34  595.789
37.35  595.956
37.36  596.123
37.37  596.289
37.38  596.456
37.39  596.623
37.4  596.79
37.41  596.956
37.42  597.123
37.43  597.29
37.44  597.457
37.45  597.623
37.46  597.79
37.47  597.957
37.48  598.124
37.49  598.29
37.5  598.457
37.51  598.624
37.52  598.791
37.53  598.957
37.54  599.124
37.55  599.291
37.56  599.458
37.57  599.624
37.58  599.791
37.59  599.958
37.6  600.125
37.61  600.291
37.62  600.458
37.63  600.625
37.64  600.792
37.65  600.958
37.66  601.125
37.67  601.292
37.68  601.459
37.69  601.625
37.7  601.792
37.71  601.959
37.72  602.126
37.73  602.292
37.74  602.459
37.75  602.626
37.76  602.793
37.77  602.959
37.78  603.126
37.79  603.293
37.8  603.46
37.81  603.626
37.82  603.793
37.83  603.96
37.84  604.127
37.85  604.293
37.86  604.46
37.87  604.627
37.88  604.794
37.89  604.96
37.9  605.127
37.91  605.294
37.92  605.461
37.93  605.627
37.94  605.794
37.95  605.961
37.96  606.128
37.97  606.294
37.98  606.461
37.99  606.628
38  606.795
38.01  606.961
38.02  607.128
38.03  607.295
38.04  607.462
38.05  607.628
38.06  607.795
38.07  607.962
38.08  608.129
38.09  608.295
38.1  608.462
38.11  608.629
38.12  608.796
38.13  608.962
38.14  609.129
38.15  609.296
38.16  609.463
38.17  609.629
38.18  609.796
38.19  609.963
38.2  610.13
38.21  610.296
38.22  610.463
38.23  610.63
38.24  610.797
38.25  610.964
38.26  611.13
38.27  611.297
38.28  611.464
38.29  611.631
38.3  611.797
38.31  611.964
38.32  612.131
38.33  612.298
38.34  612.464
38.35  612.631
38.36  612.798
38.37  612.965
38.38  613.131
38.39  613.298
38.4  613.465
38.41  613.632
38.42  613.798
38.43  613.965
38.44  614.132
38.45  614.299
38.46  614.465
38.47  614.632
38.48  614.799
38.49  614.966
38.5  615.132
38.51  615.299
38.52  615.466
38.53  615.633
38.54  615.799
38.55  615.966
38.56  616.133
38.57  616.3
38.58  616.466
38.59  616.633
38.6  616.8
38.61  616.967
38.62  617.133
38.63  617.3
38.64  617.467
38.65  617.634
38.66  617.8
38.67  617.967
38.68  618.134
38.69  618.301
38.7  618.467
38.71  618.634
38.72  618.801
38.73  618.968
38.74  619.134
38.75  619.301
38.76  619.468
38.77  619.635
38.78  619.801
38.79  619.968
38.8  620.135
38.81  620.302
38.82  620.468
38.83  620.635
38.84  620.802
38.85  620.969
38.86  621.135
38.87  621.302
38.88  621.469
38.89  621.636
38.9  621.802
38.91  621.969
38.92  622.136
38.93  622.303
38.94  622.469
38.95  622.636
38.96  622.803
38.97  622.97
38.98  623.136
38.99  623.303
39  623.47
39.01  623.637
39.02  623.803
39.03  623.97
39.04  624.137
39.05  624.304
39.06  624.47
39.07  624.637
39.08  624.804
39.09  624.971
39.1  625.137
39.11  625.304
39.12  625.471
39.13  625.638
39.14  625.804
39.15  625.971
39.16  626.138
39.17  626.305
39.18  626.471
39.19  626.638
39.2  626.805
39.21  626.972
39.22  627.138
39.23  627.305
39.24  627.472
39.25  627.639
39.26  627.805
39.27  627.972
39.28  628.139
39.29  628.306
39.3  628.472
39.31  628.639
39.32  628.806
39.33  628.973
39.34  629.139
39.35  629.306
39.36  629.473
39.37  629.64
39.38  629.806
39.39  629.973
39.4  630.14
39.41  630.307
39.42  630.473
39.43  630.64
39.44  630.807
39.45  630.974
39.46  631.14
39.47  631.307
39.48  631.474
39.49  631.641
39.5  631.807
39.51  631.974
39.52  632.141
39.53  632.308
39.54  632.474
39.55  632.641
39.56  632.808
39.57  632.975
39.58  633.141
39.59  633.308
39.6  633.475
39.61  633.642
39.62  633.808
39.63  633.975
39.64  634.142
39.65  634.309
39.66  634.475
39.67  634.642
39.68  634.809
39.69  634.976
39.7  635.142
39.71  635.309
39.72  635.476
39.73  635.643
39.74  635.81
39.75  635.976
39.76  636.143
39.77  636.31
39.78  636.477
39.79  636.643
39.8  636.81
39.81  636.977
39.82  637.144
39.83  637.31
39.84  637.477
39.85  637.644
39.86  637.811
39.87  637.977
39.88  638.144
39.89  638.311
39.9  638.478
39.91  638.644
39.92  638.811
39.93  638.978
39.94  639.145
39.95  639.311
39.96  639.478
39.97  639.645
39.98  639.812
39.99  639.978
