0  3
0.1  2.99464
0.2  2.97851
0.3  2.95152
0.4  2.91347
0.5  2.86409
0.6  2.80302
0.7  2.72978
0.8  2.64374
0.9  2.54412
1  2.4299
1.1  2.29975
1.2  2.15191
1.3  1.98398
1.4  1.79255
1.5  1.57248
1.6  1.31528
1.7  1.00476
1.8  0.599518
1.9  0.225764
2  0.481779
2.1  0.150493
2.2  1.32292
2.3  2.16756
2.4  2.14785
2.5  2.28569
2.6  2.55649
2.7  2.92347
2.8  3.35476
2.9  3.8282
3  4.32956
3.1  4.84983
3.2  5.38327
3.3  5.92612
3.4  6.47584
3.5  7.03068
3.6  7.58943
3.7  8.15118
3.8  8.71529
3.9  9.28127
4  9.84875
4.1  10.4174
4.2  10.9871
4.3  11.5576
4.4  12.1288
4.5  12.7005
4.6  13.2727
4.7  13.8453
4.8  14.4182
4.9  14.9914
5  15.5648
5.1  16.1384
5.2  16.7122
5.3  17.2861
5.4  17.8602
5.5  18.4343
5.6  19.0086
5.7  19.5829
5.8  20.1573
5.9  20.7317
6  21.3062
6.1  21.8807
6.2  22.4553
6.3  23.0298
6.4  23.6044
6.5  24.179
6.6  24.7536
6.7  25.3282
6.8  25.9028
6.9  26.4774
7  27.052
7.1  27.6267
7.2  28.2013
7.3  28.7759
7.4  29.3504
7.5  29.925
7.6  30.4996
7.7  31.0742
7.8  31.6487
7.9  32.2232
8  32.7978
8.1  33.3723
8.2  33.9468
8.3  34.5212
8.4  35.0957
8.5  35.6701
8.6  36.2446
8.7  36.819
8.8  37.3934
8.9  37.9678
9  38.5422
9.1  39.1165
9.2  39.6909
9.3  40.2652
9.4  40.8395
9.5  41.4138
9.6  41.9881
9.7  42.5623
9.8  43.1366
9.9  43.7108
10  44.2851
10.1  44.8593
10.2  45.4334
10.3  46.0076
10.4  46.5818
10.5  47.1559
10.6  47.7301
10.7  48.3042
10.8  48.8783
10.9  49.4524
11  50.0265
11.1  50.6005
11.2  51.1746
11.3  51.7486
11.4  52.3226
11.5  52.8966
11.6  53.4706
11.7  54.0446
11.8  54.6186
11.9  55.1925
12  55.7665
12.1  56.3404
12.2  56.9144
12.3  57.4883
12.4  58.0622
12.5  58.6361
12.6  59.2099
12.7  59.7838
12.8  60.3576
12.9  60.9315
13  61.5053
13.1  62.0791
13.2  62.653
13.3  63.2268
13.4  63.8005
13.5  64.3743
13.6  64.9481
13.7  65.5218
13.8  66.0956
13.9  66.6693
14  67.2431
14.1  67.8168
14.2  68.3905
14.3  68.9642
14.4  69.5379
14.5  70.1116
14.6  70.6852
14.7  71.2589
14.8  71.8326
14.9  72.4062
15  72.9798
15.1  73.5535
15.2  74.1271
15.3  74.7007
15.4  75.2743
15.5  75.8479
15.6  76.4215
15.7  76.9951
15.8  77.5687
15.9  78.1422
16  78.7158
16.1  79.2893
16.2  79.8629
16.3  80.4364
16.4  81.0099
16.5  81.5834
16.6  82.157
16.7  82.7305
16.8  83.304
16.9  83.8775
17  84.4509
17.1  85.0244
17.2  85.5979
17.3  86.1713
17.4  86.7448
17.5  87.3183
17.6  87.8917
17.7  88.4651
17.8  89.0386
17.9  89.612
18  90.1854
18.1  90.7588
18.2  91.3322
18.3  91.9056
18.4  92.479
18.5  93.0524
18.6  93.6258
18.7  94.1992
18.8  94.7725
18.9  95.3459
19  95.9193
19.1  96.4926
19.2  97.066
19.3  97.6393
19.4  98.2126
19.5  98.786
19.6  99.3593
19.7  99.9326
19.8  100.506
19.9  101.079
20  101.653
20.1  102.226
20.2  102.799
20.3  103.372
20.4  103.946
20.5  104.519
20.6  105.092
20.7  105.666
20.8  106.239
20.9  106.812
21  107.385
21.1  107.959
21.2  108.532
21.3  109.105
21.4  109.678
21.5  110.252
21.6  110.825
21.7  111.398
21.8  111.971
21.9  112.544
22  113.118
22.1  113.691
22.2  114.264
22.3  114.837
22.4  115.41
22.5  115.984
22.6  116.557
22.7  117.13
22.8  117.703
22.9  118.276
23  118.85
23.1  119.423
23.2  119.996
23.3  120.569
23.4  121.142
23.5  121.715
23.6  122.289
23.7  122.862
23.8  123.435
23.9  124.008
24  124.581
24.1  125.154
24.2  125.727
24.3  126.3
24.4  126.874
24.5  127.447
24.6  128.02
24.7  128.593
24.8  129.166
24.9  129.739
25  130.312
25.1  130.885
25.2  131.458
25.3  132.031
25.4  132.605
25.5  133.178
25.6  133.751
25.7  134.324
25.8  134.897
25.9  135.47
26  136.043
26.1  136.616
26.2  137.189
26.3  137.762
26.4  138.335
26.5  138.908
26.6  139.481
26.7  140.054
26.8  140.627
26.9  141.201
27  141.774
27.1  142.347
27.2  142.92
27.3  143.493
27.4  144.066
27.5  144.639
27.6  145.212
27.7  145.785
27.8  146.358
27.9  146.931
28  147.504
28.1  148.077
28.2  148.65
28.3  149.223
28.4  149.796
28.5  150.369
28.6  150.942
28.7  151.515
28.8  152.088
28.9  152.661
29  153.234
29.1  153.807
29.2  154.38
29.3  154.953
29.4  155.526
29.5  156.099
29.6  156.672
29.7  157.245
29.8  157.817
29.9  158.39
30  158.963
30.1  159.536
30.2  160.109
30.3  160.682
30.4  161.255
30.5  161.828
30.6  162.401
30.7  162.974
30.8  163.547
30.9  164.12
31  164.693
31.1  165.266
31.2  165.839
31.3  166.412
31.4  166.985
31.5  167.558
31.6  168.13
31.7  168.703
31.8  169.276
31.9  169.849
32  170.422
32.1  170.995
32.2  171.568
32.3  172.141
32.4  172.714
32.5  173.287
32.6  173.86
32.7  174.432
32.8  175.005
32.9  175.578
33  176.151
33.1  176.724
33.2  177.297
33.3  177.87
33.4  178.443
33.5  179.016
33.6  179.589
33.7  180.161
33.8  180.734
33.9  181.307
34  181.88
34.1  182.453
34.2  183.026
34.3  183.599
34.4  184.172
34.5  184.744
34.6  185.317
34.7  185.89
34.8  186.463
34.9  187.036
35  187.609
35.1  188.182
35.2  188.754
35.3  189.327
35.4  189.9
35.5  190.473
35.6  191.046
35.7  191.619
35.8  192.192
35.9  192.764
36  193.337
36.1  193.91
36.2  194.483
36.3  195.056
36.4  195.629
36.5  196.201
36.6  196.774
36.7  197.347
36.8  197.92
36.9  198.493
37  199.066
37.1  199.638
37.2  200.211
37.3  200.784
37.4  201.357
37.5  201.93
37.6  202.502
37.7  203.075
37.8  203.648
37.9  204.221
38  204.794
38.1  205.367
38.2  205.939
38.3  206.512
38.4  207.085
38.5  207.658
38.6  208.231
38.7  208.803
38.8  209.376
38.9  209.949
39  210.522
39.1  211.095
39.2  211.667
39.3  212.24
39.4  212.813
39.5  213.386
39.6  213.959
39.7  214.531
39.8  215.104
39.9  215.677
40  216.25
40.1  216.822
40.2  217.395
40.3  217.968
40.4  218.541
40.5  219.114
40.6  219.686
40.7  220.259
40.8  220.832
40.9  221.405
41  221.977
41.1  222.55
41.2  223.123
41.3  223.696
41.4  224.268
41.5  224.841
41.6  225.414
41.7  225.987
41.8  226.56
41.9  227.132
42  227.705
42.1  228.278
42.2  228.851
42.3  229.423
42.4  229.996
42.5  230.569
42.6  231.142
42.7  231.714
42.8  232.287
42.9  232.86
43  233.433
43.1  234.005
43.2  234.578
43.3  235.151
43.4  235.724
43.5  236.296
43.6  236.869
43.7  237.442
43.8  238.014
43.9  238.587
44  239.16
44.1  239.733
44.2  240.305
44.3  240.878
44.4  241.451
44.5  242.024
44.6  242.596
44.7  243.169
44.8  243.742
44.9  244.315
45  244.887
45.1  245.46
45.2  246.033
45.3  246.605
45.4  247.178
45.5  247.751
45.6  248.324
45.7  248.896
45.8  249.469
45.9  250.042
46  250.614
46.1  251.187
46.2  251.76
46.3  252.333
46.4  252.905
46.5  253.478
46.6  254.051
46.7  254.623
46.8  255.196
46.9  255.769
47  256.342
47.1  256.914
47.2  257.487
47.3  258.06
47.4  258.632
47.5  259.205
47.6  259.778
47.7  260.35
47.8  260.923
47.9  261.496
48  262.069
48.1  262.641
48.2  263.214
48.3  263.787
48.4  264.359
48.5  264.932
48.6  265.505
48.7  266.077
48.8  266.65
48.9  267.223
49  267.795
49.1  268.368
49.2  268.941
49.3  269.513
49.4  270.086
49.5  270.659
49.6  271.232
49.7  271.804
49.8  272.377
49.9  272.95
50  273.522
50.1  274.095
50.2  274.668
50.3  275.24
50.4  275.813
50.5  276.386
50.6  276.958
50.7  277.531
50.8  278.104
50.9  278.676
51  279.249
51.1  279.822
51.2  280.394
51.3  280.967
51.4  281.54
51.5  282.112
51.6  282.685
51.7  283.258
51.8  283.83
51.9  284.403
52  284.976
52.1  285.548
52.2  286.121
52.3  286.694
52.4  287.266
52.5  287.839
52.6  288.412
52.7  288.984
52.8  289.557
52.9  290.13
53  290.702
53.1  291.275
53.2  291.847
53.3  292.42
53.4  292.993
53.5  293.565
53.6  294.138
53.7  294.711
53.8  295.283
53.9  295.856
54  296.429
54.1  297.001
54.2  297.574
54.3  298.147
54.4  298.719
54.5  299.292
54.6  299.865
54.7  300.437
54.8  301.01
54.9  301.582
55  302.155
55.1  302.728
55.2  303.3
55.3  303.873
55.4  304.446
55.5  305.018
55.6  305.591
55.7  306.164
55.8  306.736
55.9  307.309
56  307.881
56.1  308.454
56.2  309.027
56.3  309.599
56.4  310.172
56.5  310.745
56.6  311.317
56.7  311.89
56.8  312.462
56.9  313.035
57  313.608
57.1  314.18
57.2  314.753
57.3  315.326
57.4  315.898
57.5  316.471
57.6  317.043
57.7  317.616
57.8  318.189
57.9  318.761
58  319.334
58.1  319.907
58.2  320.479
58.3  321.052
58.4  321.624
58.5  322.197
58.6  322.77
58.7  323.342
58.8  323.915
58.9  324.487
59  325.06
59.1  325.633
59.2  326.205
59.3  326.778
59.4  327.351
59.5  327.923
59.6  328.496
59.7  329.068
59.8  329.641
59.9  330.214
60  330.786
60.1  331.359
60.2  331.931
60.3  332.504
60.4  333.077
60.5  333.649
60.6  334.222
60.7  334.794
60.8  335.367
60.9  335.94
61  336.512
61.1  337.085
61.2  337.657
61.3  338.23
61.4  338.803
61.5  339.375
61.6  339.948
61.7  340.52
61.8  341.093
61.9  341.666
62  342.238
62.1  342.811
62.2  343.383
62.3  343.956
62.4  344.529
62.5  345.101
62.6  345.674
62.7  346.246
62.8  346.819
62.9  347.391
63  347.964
63.1  348.537
63.2  349.109
63.3  349.682
63.4  350.254
63.5  350.827
63.6  351.4
63.7  351.972
63.8  352.545
63.9  353.117
64  353.69
64.1  354.263
64.2  354.835
64.3  355.408
64.4  355.98
64.5  356.553
64.6  357.125
64.7  357.698
64.8  358.271
64.9  358.843
65  359.416
65.1  359.988
65.2  360.561
65.3  361.133
65.4  361.706
65.5  362.279
65.6  362.851
65.7  363.424
65.8  363.996
65.9  364.569
66  365.142
66.1  365.714
66.2  366.287
66.3  366.859
66.4  367.432
66.5  368.004
66.6  368.577
66.7  369.15
66.8  369.722
66.9  370.295
67  370.867
67.1  371.44
67.2  372.012
67.3  372.585
67.4  373.158
67.5  373.73
67.6  374.303
67.7  374.875
67.8  375.448
67.9  376.02
68  376.593
68.1  377.165
68.2  377.738
68.3  378.311
68.4  378.883
68.5  379.456
68.6  380.028
68.7  380.601
68.8  381.173
68.9  381.746
69  382.319
69.1  382.891
69.2  383.464
69.3  384.036
69.4  384.609
69.5  385.181
69.6  385.754
69.7  386.326
69.8  386.899
69.9  387.472
70  388.044
70.1  388.617
70.2  389.189
70.3  389.762
70.4  390.334
70.5  390.907
70.6  391.479
70.7  392.052
70.8  392.625
70.9  393.197
71  393.77
71.1  394.342
71.2  394.915
71.3  395.487
71.4  396.06
71.5  396.632
71.6  397.205
71.7  397.777
71.8  398.35
71.9  398.923
72  399.495
72.1  400.068
72.2  400.64
72.3  401.213
72.4  401.785
72.5  402.358
72.6  402.93
72.7  403.503
72.8  404.075
72.9  404.648
73  405.221
73.1  405.793
73.2  406.366
73.3  406.938
73.4  407.511
73.5  408.083
73.6  408.656
73.7  409.228
73.8  409.801
73.9  410.373
74  410.946
74.1  411.519
74.2  412.091
74.3  412.664
74.4  413.236
74.5  413.809
74.6  414.381
74.7  414.954
74.8  415.526
74.9  416.099
75  416.671
75.1  417.244
75.2  417.816
75.3  418.389
75.4  418.961
75.5  419.534
75.6  420.107
75.7  420.679
75.8  421.252
75.9  421.824
76  422.397
76.1  422.969
76.2  423.542
76.3  424.114
76.4  424.687
76.5  425.259
76.6  425.832
76.7  426.404
76.8  426.977
76.9  427.549
77  428.122
77.1  428.695
77.2  429.267
77.3  429.84
77.4  430.412
77.5  430.985
77.6  431.557
77.7  432.13
77.8  432.702
77.9  433.275
78  433.847
78.1  434.42
78.2  434.992
78.3  435.565
78.4  436.137
78.5  436.71
78.6  437.282
78.7  437.855
78.8  438.427
78.9  439
79  439.572
79.1  440.145
79.2  440.718
79.3  441.29
79.4  441.863
79.5  442.435
79.6  443.008
79.7  443.58
79.8  444.153
79.9  444.725
80  445.298
80.1  445.87
80.2  446.443
80.3  447.015
80.4  447.588
80.5  448.16
80.6  448.733
80.7  449.305
80.8  449.878
80.9  450.45
81  451.023
81.1  451.595
81.2  452.168
81.3  452.74
81.4  453.313
81.5  453.885
81.6  454.458
81.7  455.03
81.8  455.603
81.9  456.175
82  456.748
82.1  457.32
82.2  457.893
82.3  458.465
82.4  459.038
82.5  459.61
82.6  460.183
82.7  460.756
82.8  461.328
82.9  461.901
83  462.473
83.1  463.046
83.2  463.618
83.3  464.191
83.4  464.763
83.5  465.336
83.6  465.908
83.7  466.481
83.8  467.053
83.9  467.626
84  468.198
84.1  468.771
84.2  469.343
84.3  469.916
84.4  470.488
84.5  471.061
84.6  471.633
84.7  472.206
84.8  472.778
84.9  473.351
85  473.923
85.1  474.496
85.2  475.068
85.3  475.641
85.4  476.213
85.5  476.786
85.6  477.358
85.7  477.931
85.8  478.503
85.9  479.076
86  479.648
86.1  480.221
86.2  480.793
86.3  481.366
86.4  481.938
86.5  482.511
86.6  483.083
86.7  483.656
86.8  484.228
86.9  484.801
87  485.373
87.1  485.946
87.2  486.518
87.3  487.091
87.4  487.663
87.5  488.236
87.6  488.808
87.7  489.381
87.8  489.953
87.9  490.526
88  491.098
88.1  491.671
88.2  492.243
88.3  492.816
88.4  493.388
88.5  493.961
88.6  494.533
88.7  495.105
88.8  495.678
88.9  496.25
89  496.823
89.1  497.395
89.2  497.968
89.3  498.54
89.4  499.113
89.5  499.685
89.6  500.258
89.7  500.83
89.8  501.403
89.9  501.975
90  502.548
90.1  503.12
90.2  503.693
90.3  504.265
90.4  504.838
90.5  505.41
90.6  505.983
90.7  506.555
90.8  507.128
90.9  507.7
91  508.273
91.1  508.845
91.2  509.418
91.3  509.99
91.4  510.563
91.5  511.135
91.6  511.708
91.7  512.28
91.8  512.853
91.9  513.425
92  513.998
92.1  514.57
92.2  515.143
92.3  515.715
92.4  516.287
92.5  516.86
92.6  517.432
92.7  518.005
92.8  518.577
92.9  519.15
93  519.722
93.1  520.295
93.2  520.867
93.3  521.44
93.4  522.012
93.5  522.585
93.6  523.157
93.7  523.73
93.8  524.302
93.9  524.875
94  525.447
94.1  526.02
94.2  526.592
94.3  527.165
94.4  527.737
94.5  528.31
94.6  528.882
94.7  529.454
94.8  530.027
94.9  530.599
95  531.172
95.1  531.744
95.2  532.317
95.3  532.889
95.4  533.462
95.5  534.034
95.6  534.607
95.7  535.179
95.8  535.752
95.9  536.324
96  536.897
96.1  537.469
96.2  538.042
96.3  538.614
96.4  539.187
96.5  539.759
96.6  540.332
96.7  540.904
96.8  541.476
96.9  542.049
97  542.621
97.1  543.194
97.2  543.766
97.3  544.339
97.4  544.911
97.5  545.484
97.6  546.056
97.7  546.629
97.8  547.201
97.9  547.774
98  548.346
98.1  548.919
98.2  549.491
98.3  550.063
98.4  550.636
98.5  551.208
98.6  551.781
98.7  552.353
98.8  552.926
98.9  553.498
99  554.071
99.1  554.643
99.2  555.216
99.3  555.788
99.4  556.361
99.5  556.933
99.6  557.506
99.7  558.078
99.8  558.65
99.9  559.223
100  559.795
100.1  560.368
100.2  560.94
100.3  561.513
100.4  562.085
100.5  562.658
100.6  563.23
100.7  563.803
100.8  564.375
100.9  564.948
101  565.52
101.1  566.093
101.2  566.665
101.3  567.237
101.4  567.81
101.5  568.382
101.6  568.955
101.7  569.527
101.8  570.1
101.9  570.672
102  571.245
102.1  571.817
102.2  572.39
102.3  572.962
102.4  573.534
102.5  574.107
102.6  574.679
102.7  575.252
102.8  575.824
102.9  576.397
103  576.969
103.1  577.542
103.2  578.114
103.3  578.687
103.4  579.259
103.5  579.832
103.6  580.404
103.7  580.976
103.8  581.549
103.9  582.121
104  582.694
104.1  583.266
104.2  583.839
104.3  584.411
104.4  584.984
104.5  585.556
104.6  586.129
104.7  586.701
104.8  587.273
104.9  587.846
105  588.418
105.1  588.991
105.2  589.563
105.3  590.136
105.4  590.708
105.5  591.281
105.6  591.853
105.7  592.426
105.8  592.998
105.9  593.57
106  594.143
106.1  594.715
106.2  595.288
106.3  595.86
106.4  596.433
106.5  597.005
106.6  597.578
106.7  598.15
106.8  598.722
106.9  599.295
107  599.867
107.1  600.44
107.2  601.012
107.3  601.585
107.4  602.157
107.5  602.73
107.6  603.302
107.7  603.875
107.8  604.447
107.9  605.019
108  605.592
108.1  606.164
108.2  606.737
108.3  607.309
108.4  607.882
108.5  608.454
108.6  609.027
108.7  609.599
108.8  610.171
108.9  610.744
109  611.316
109.1  611.889
109.2  612.461
109.3  613.034
109.4  613.606
109.5  614.179
109.6  614.751
109.7  615.323
109.8  615.896
109.9  616.468
110  617.041
110.1  617.613
110.2  618.186
110.3  618.758
110.4  619.331
110.5  619.903
110.6  620.475
110.7  621.048
110.8  621.62
110.9  622.193
111  622.765
111.1  623.338
111.2  623.91
111.3  624.483
111.4  625.055
111.5  625.627
111.6  626.2
111.7  626.772
111.8  627.345
111.9  627.917
112  628.49
112.1  629.062
112.2  629.635
112.3  630.207
112.4  630.779
112.5  631.352
112.6  631.924
112.7  632.497
112.8  633.069
112.9  633.642
113  634.214
113.1  634.787
113.2  635.359
113.3  635.931
113.4  636.504
113.5  637.076
113.6  637.649
113.7  638.221
113.8  638.794
113.9  639.366
114  639.938
114.1  640.511
114.2  641.083
114.3  641.656
114.4  642.228
114.5  642.801
114.6  643.373
114.7  643.946
114.8  644.518
114.9  645.09
115  645.663
115.1  646.235
115.2  646.808
115.3  647.38
115.4  647.953
115.5  648.525
115.6  649.097
115.7  649.67
115.8  650.242
115.9  650.815
116  651.387
116.1  651.96
116.2  652.532
116.3  653.105
116.4  653.677
116.5  654.249
116.6  654.822
116.7  655.394
116.8  655.967
116.9  656.539
117  657.112
117.1  657.684
117.2  658.256
117.3  658.829
117.4  659.401
117.5  659.974
117.6  660.546
117.7  661.119
117.8  661.691
117.9  662.263
118  662.836
118.1  663.408
118.2  663.981
118.3  664.553
118.4  665.126
118.5  665.698
118.6  666.27
118.7  666.843
118.8  667.415
118.9  667.988
119  668.56
119.1  669.133
119.2  669.705
119.3  670.277
119.4  670.85
119.5  671.422
119.6  671.995
119.7  672.567
119.8  673.14
119.9  673.712
120  674.284
120.1  674.857
120.2  675.429
120.3  676.002
120.4  676.574
120.5  677.147
120.6  677.719
120.7  678.291
120.8  678.864
120.9  679.436
121  680.009
121.1  680.581
121.2  681.154
121.3  681.726
121.4  682.298
121.5  682.871
121.6  683.443
121.7  684.016
121.8  684.588
121.9  685.161
122  685.733
122.1  686.305
122.2  686.878
122.3  687.45
122.4  688.023
122.5  688.595
122.6  689.168
122.7  689.74
122.8  690.312
122.9  690.885
123  691.457
123.1  692.03
123.2  692.602
123.3  693.175
123.4  693.747
123.5  694.319
123.6  694.892
123.7  695.464
123.8  696.037
123.9  696.609
124  697.182
124.1  697.754
124.2  698.326
124.3  698.899
124.4  699.471
124.5  700.044
124.6  700.616
124.7  701.188
124.8  701.761
124.9  702.333
125  702.906
125.1  703.478
125.2  704.051
125.3  704.623
125.4  705.195
125.5  705.768
125.6  706.34
125.7  706.913
125.8  707.485
125.9  708.058
126  708.63
126.1  709.202
126.2  709.775
126.3  710.347
126.4  710.92
126.5  711.492
126.6  712.064
126.7  712.637
126.8  713.209
126.9  713.782
127  714.354
127.1  714.927
127.2  715.499
127.3  716.071
127.4  716.644
127.5  717.216
127.6  717.789
127.7  718.361
127.8  718.933
127.9  719.506
128  720.078
128.1  720.651
128.2  721.223
128.3  721.796
128.4  722.368
128.5  722.94
128.6  723.513
128.7  724.085
128.8  724.658
128.9  725.23
129  725.802
129.1  726.375
129.2  726.947
129.3  727.52
129.4  728.092
129.5  728.665
129.6  729.237
129.7  729.809
129.8  730.382
129.9  730.954
130  731.527
130.1  732.099
130.2  732.671
130.3  733.244
130.4  733.816
130.5  734.389
130.6  734.961
130.7  735.534
130.8  736.106
130.9  736.678
131  737.251
131.1  737.823
131.2  738.396
131.3  738.968
131.4  739.54
131.5  740.113
131.6  740.685
131.7  741.258
131.8  741.83
131.9  742.402
132  742.975
132.1  743.547
132.2  744.12
132.3  744.692
132.4  745.265
132.5  745.837
132.6  746.409
132.7  746.982
132.8  747.554
132.9  748.127
133  748.699
133.1  749.271
133.2  749.844
133.3  750.416
133.4  750.989
133.5  751.561
133.6  752.133
133.7  752.706
133.8  753.278
133.9  753.851
134  754.423
134.1  754.996
134.2  755.568
134.3  756.14
134.4  756.713
134.5  757.285
134.6  757.858
134.7  758.43
134.8  759.002
134.9  759.575
135  760.147
135.1  760.72
135.2  761.292
135.3  761.864
135.4  762.437
135.5  763.009
135.6  763.582
135.7  764.154
135.8  764.727
135.9  765.299
136  765.871
136.1  766.444
136.2  767.016
136.3  767.589
136.4  768.161
136.5  768.733
136.6  769.306
136.7  769.878
136.8  770.451
136.9  771.023
137  771.595
137.1  772.168
137.2  772.74
137.3  773.313
137.4  773.885
137.5  774.457
137.6  775.03
137.7  775.602
137.8  776.175
137.9  776.747
138  777.319
138.1  777.892
138.2  778.464
138.3  779.037
138.4  779.609
138.5  780.181
138.6  780.754
138.7  781.326
138.8  781.899
138.9  782.471
139  783.043
139.1  783.616
139.2  784.188
139.3  784.761
139.4  785.333
139.5  785.906
139.6  786.478
139.7  787.05
139.8  787.623
139.9  788.195
140  788.768
140.1  789.34
140.2  789.912
140.3  790.485
140.4  791.057
140.5  791.63
140.6  792.202
140.7  792.774
140.8  793.347
140.9  793.919
141  794.492
141.1  795.064
141.2  795.636
141.3  796.209
141.4  796.781
141.5  797.354
141.6  797.926
141.7  798.498
141.8  799.071
141.9  799.643
142  800.216
142.1  800.788
142.2  801.36
142.3  801.933
142.4  802.505
142.5  803.078
142.6  803.65
142.7  804.222
142.8  804.795
142.9  805.367
143  805.94
143.1  806.512
143.2  807.084
143.3  807.657
143.4  808.229
143.5  808.802
143.6  809.374
143.7  809.946
143.8  810.519
143.9  811.091
144  811.664
144.1  812.236
144.2  812.808
144.3  813.381
144.4  813.953
144.5  814.526
144.6  815.098
144.7  815.67
144.8  816.243
144.9  816.815
145  817.388
145.1  817.96
145.2  818.532
145.3  819.105
145.4  819.677
145.5  820.25
145.6  820.822
145.7  821.394
145.8  821.967
145.9  822.539
146  823.112
146.1  823.684
146.2  824.256
146.3  824.829
146.4  825.401
146.5  825.974
146.6  826.546
146.7  827.118
146.8  827.691
146.9  828.263
147  828.836
147.1  829.408
147.2  829.98
147.3  830.553
147.4  831.125
147.5  831.697
147.6  832.27
147.7  832.842
147.8  833.415
147.9  833.987
148  834.559
148.1  835.132
148.2  835.704
148.3  836.277
148.4  836.849
148.5  837.421
148.6  837.994
148.7  838.566
148.8  839.139
148.9  839.711
149  840.283
149.1  840.856
149.2  841.428
149.3  842.001
149.4  842.573
149.5  843.145
149.6  843.718
149.7  844.29
149.8  844.863
149.9  845.435
150  846.007
150.1  846.58
150.2  847.152
150.3  847.725
150.4  848.297
150.5  848.869
150.6  849.442
150.7  850.014
150.8  850.586
150.9  851.159
151  851.731
151.1  852.304
151.2  852.876
151.3  853.448
151.4  854.021
151.5  854.593
151.6  855.166
151.7  855.738
151.8  856.31
151.9  856.883
152  857.455
152.1  858.028
152.2  858.6
152.3  859.172
152.4  859.745
152.5  860.317
152.6  860.89
152.7  861.462
152.8  862.034
152.9  862.607
153  863.179
153.1  863.751
153.2  864.324
153.3  864.896
153.4  865.469
153.5  866.041
153.6  866.613
153.7  867.186
153.8  867.758
153.9  868.331
154  868.903
154.1  869.475
154.2  870.048
154.3  870.62
154.4  871.193
154.5  871.765
154.6  872.337
154.7  872.91
154.8  873.482
154.9  874.055
155  874.627
155.1  875.199
155.2  875.772
155.3  876.344
155.4  876.916
155.5  877.489
155.6  878.061
155.7  878.634
155.8  879.206
155.9  879.778
156  880.351
156.1  880.923
156.2  881.496
156.3  882.068
156.4  882.64
156.5  883.213
156.6  883.785
156.7  884.357
156.8  884.93
156.9  885.502
157  886.075
157.1  886.647
157.2  887.219
157.3  887.792
157.4  888.364
157.5  888.937
157.6  889.509
157.7  890.081
157.8  890.654
157.9  891.226
158  891.799
158.1  892.371
158.2  892.943
158.3  893.516
158.4  894.088
158.5  894.66
158.6  895.233
158.7  895.805
158.8  896.378
158.9  896.95
159  897.522
159.1  898.095
159.2  898.667
159.3  899.24
159.4  899.812
159.5  900.384
159.6  900.957
159.7  901.529
159.8  902.101
159.9  902.674
160  903.246
160.1  903.819
160.2  904.391
160.3  904.963
160.4  905.536
160.5  906.108
160.6  906.681
160.7  907.253
160.8  907.825
160.9  908.398
161  908.97
161.1  909.542
161.2  910.115
161.3  910.687
161.4  911.26
161.5  911.832
161.6  912.404
161.7  912.977
161.8  913.549
161.9  914.121
162  914.694
162.1  915.266
162.2  915.839
162.3  916.411
162.4  916.983
162.5  917.556
162.6  918.128
162.7  918.701
162.8  919.273
162.9  919.845
163  920.418
163.1  920.99
163.2  921.562
163.3  922.135
163.4  922.707
163.5  923.28
163.6  923.852
163.7  924.424
163.8  924.997
163.9  925.569
164  926.142
164.1  926.714
164.2  927.286
164.3  927.859
164.4  928.431
164.5  929.003
164.6  929.576
164.7  930.148
164.8  930.721
164.9  931.293
165  931.865
165.1  932.438
165.2  933.01
165.3  933.582
165.4  934.155
165.5  934.727
165.6  935.3
165.7  935.872
165.8  936.444
165.9  937.017
166  937.589
166.1  938.162
166.2  938.734
166.3  939.306
166.4  939.879
166.5  940.451
166.6  941.023
166.7  941.596
166.8  942.168
166.9  942.741
167  943.313
167.1  943.885
167.2  944.458
167.3  945.03
167.4  945.602
167.5  946.175
167.6  946.747
167.7  947.32
167.8  947.892
167.9  948.464
168  949.037
168.1  949.609
168.2  950.181
168.3  950.754
168.4  951.326
168.5  951.899
168.6  952.471
168.7  953.043
168.8  953.616
168.9  954.188
169  954.76
169.1  955.333
169.2  955.905
169.3  956.478
169.4  957.05
169.5  957.622
169.6  958.195
169.7  958.767
169.8  959.339
169.9  959.912
170  960.484
170.1  961.057
170.2  961.629
170.3  962.201
170.4  962.774
170.5  963.346
170.6  963.918
170.7  964.491
170.8  965.063
170.9  965.636
171  966.208
171.1  966.78
171.2  967.353
171.3  967.925
171.4  968.498
171.5  969.07
171.6  969.642
171.7  970.215
171.8  970.787
171.9  971.359
172  971.932
172.1  972.504
172.2  973.077
172.3  973.649
172.4  974.221
172.5  974.794
172.6  975.366
172.7  975.938
172.8  976.511
172.9  977.083
173  977.656
173.1  978.228
173.2  978.8
173.3  979.373
173.4  979.945
173.5  980.517
173.6  981.09
173.7  981.662
173.8  982.234
173.9  982.807
174  983.379
174.1  983.952
174.2  984.524
174.3  985.096
174.4  985.669
174.5  986.241
174.6  986.813
174.7  987.386
174.8  987.958
174.9  988.531
175  989.103
175.1  989.675
175.2  990.248
175.3  990.82
175.4  991.392
175.5  991.965
175.6  992.537
175.7  993.11
175.8  993.682
175.9  994.254
176  994.827
176.1  995.399
176.2  995.971
176.3  996.544
176.4  997.116
176.5  997.689
176.6  998.261
176.7  998.833
176.8  999.406
176.9  999.978
177  1000.55
177.1  1001.12
177.2  1001.7
177.3  1002.27
177.4  1002.84
177.5  1003.41
177.6  1003.98
177.7  1004.56
177.8  1005.13
177.9  1005.7
178  1006.27
178.1  1006.85
178.2  1007.42
178.3  1007.99
178.4  1008.56
178.5  1009.14
178.6  1009.71
178.7  1010.28
178.8  1010.85
178.9  1011.43
179  1012
179.1  1012.57
179.2  1013.14
179.3  1013.71
179.4  1014.29
179.5  1014.86
179.6  1015.43
179.7  1016
179.8  1016.58
179.9  1017.15
180  1017.72
180.1  1018.29
180.2  1018.87
180.3  1019.44
180.4  1020.01
180.5  1020.58
180.6  1021.16
180.7  1021.73
180.8  1022.3
180.9  1022.87
181  1023.45
181.1  1024.02
181.2  1024.59
181.3  1025.16
181.4  1025.73
181.5  1026.31
181.6  1026.88
181.7  1027.45
181.8  1028.02
181.9  1028.6
182  1029.17
182.1  1029.74
182.2  1030.31
182.3  1030.89
182.4  1031.46
182.5  1032.03
182.6  1032.6
182.7  1033.18
182.8  1033.75
182.9  1034.32
183  1034.89
183.1  1035.46
183.2  1036.04
183.3  1036.61
183.4  1037.18
183.5  1037.75
183.6  1038.33
183.7  1038.9
183.8  1039.47
183.9  1040.04
184  1040.62
184.1  1041.19
184.2  1041.76
184.3  1042.33
184.4  1042.91
184.5  1043.48
184.6  1044.05
184.7  1044.62
184.8  1045.2
184.9  1045.77
185  1046.34
185.1  1046.91
185.2  1047.48
185.3  1048.06
185.4  1048.63
185.5  1049.2
185.6  1049.77
185.7  1050.35
185.8  1050.92
185.9  1051.49
186  1052.06
186.1  1052.64
186.2  1053.21
186.3  1053.78
186.4  1054.35
186.5  1054.93
186.6  1055.5
186.7  1056.07
186.8  1056.64
186.9  1057.21
187  1057.79
187.1  1058.36
187.2  1058.93
187.3  1059.5
187.4  1060.08
187.5  1060.65
187.6  1061.22
187.7  1061.79
187.8  1062.37
187.9  1062.94
188  1063.51
188.1  1064.08
188.2  1064.66
188.3  1065.23
188.4  1065.8
188.5  1066.37
188.6  1066.95
188.7  1067.52
188.8  1068.09
188.9  1068.66
189  1069.23
189.1  1069.81
189.2  1070.38
189.3  1070.95
189.4  1071.52
189.5  1072.1
189.6  1072.67
189.7  1073.24
189.8  1073.81
189.9  1074.39
190  1074.96
190.1  1075.53
190.2  1076.1
190.3  1076.68
190.4  1077.25
190.5  1077.82
190.6  1078.39
190.7  1078.96
190.8  1079.54
190.9  1080.11
191  1080.68
191.1  1081.25
191.2  1081.83
191.3  1082.4
191.4  1082.97
191.5  1083.54
191.6  1084.12
191.7  1084.69
191.8  1085.26
191.9  1085.83
192  1086.41
192.1  1086.98
192.2  1087.55
192.3  1088.12
192.4  1088.69
192.5  1089.27
192.6  1089.84
192.7  1090.41
192.8  1090.98
192.9  1091.56
193  1092.13
193.1  1092.7
193.2  1093.27
193.3  1093.85
193.4  1094.42
193.5  1094.99
193.6  1095.56
193.7  1096.14
193.8  1096.71
193.9  1097.28
194  1097.85
194.1  1098.43
194.2  1099
194.3  1099.57
194.4  1100.14
194.5  1100.71
194.6  1101.29
194.7  1101.86
194.8  1102.43
194.9  1103
195  1103.58
195.1  1104.15
195.2  1104.72
195.3  1105.29
195.4  1105.87
195.5  1106.44
195.6  1107.01
195.7  1107.58
195.8  1108.16
195.9  1108.73
196  1109.3
196.1  1109.87
196.2  1110.44
196.3  1111.02
196.4  1111.59
196.5  1112.16
196.6  1112.73
196.7  1113.31
196.8  1113.88
196.9  1114.45
197  1115.02
197.1  1115.6
197.2  1116.17
197.3  1116.74
197.4  1117.31
197.5  1117.89
197.6  1118.46
197.7  1119.03
197.8  1119.6
197.9  1120.17
198  1120.75
198.1  1121.32
198.2  1121.89
198.3  1122.46
198.4  1123.04
198.5  1123.61
198.6  1124.18
198.7  1124.75
198.8  1125.33
198.9  1125.9
199  1126.47
199.1  1127.04
199.2  1127.62
199.3  1128.19
199.4  1128.76
199.5  1129.33
199.6  1129.9
199.7  1130.48
199.8  1131.05
199.9  1131.62
200  1132.19
200.1  1132.77
200.2  1133.34
200.3  1133.91
200.4  1134.48
200.5  1135.06
200.6  1135.63
200.7  1136.2
200.8  1136.77
200.9  1137.35
201  1137.92
201.1  1138.49
201.2  1139.06
201.3  1139.63
201.4  1140.21
201.5  1140.78
201.6  1141.35
201.7  1141.92
201.8  1142.5
201.9  1143.07
202  1143.64
202.1  1144.21
202.2  1144.79
202.3  1145.36
202.4  1145.93
202.5  1146.5
202.6  1147.08
202.7  1147.65
202.8  1148.22
202.9  1148.79
203  1149.36
203.1  1149.94
203.2  1150.51
203.3  1151.08
203.4  1151.65
203.5  1152.23
203.6  1152.8
203.7  1153.37
203.8  1153.94
203.9  1154.52
204  1155.09
204.1  1155.66
204.2  1156.23
204.3  1156.81
204.4  1157.38
204.5  1157.95
204.6  1158.52
204.7  1159.09
204.8  1159.67
204.9  1160.24
205  1160.81
205.1  1161.38
205.2  1161.96
205.3  1162.53
205.4  1163.1
205.5  1163.67
205.6  1164.25
205.7  1164.82
205.8  1165.39
205.9  1165.96
206  1166.54
206.1  1167.11
206.2  1167.68
206.3  1168.25
206.4  1168.82
206.5  1169.4
206.6  1169.97
206.7  1170.54
206.8  1171.11
206.9  1171.69
207  1172.26
207.1  1172.83
207.2  1173.4
207.3  1173.98
207.4  1174.55
207.5  1175.12
207.6  1175.69
207.7  1176.27
207.8  1176.84
207.9  1177.41
208  1177.98
208.1  1178.56
208.2  1179.13
208.3  1179.7
208.4  1180.27
208.5  1180.84
208.6  1181.42
208.7  1181.99
208.8  1182.56
208.9  1183.13
209  1183.71
209.1  1184.28
209.2  1184.85
209.3  1185.42
209.4  1186
209.5  1186.57
209.6  1187.14
209.7  1187.71
209.8  1188.29
209.9  1188.86
210  1189.43
210.1  1190
210.2  1190.57
210.3  1191.15
210.4  1191.72
210.5  1192.29
210.6  1192.86
210.7  1193.44
210.8  1194.01
210.9  1194.58
211  1195.15
211.1  1195.73
211.2  1196.3
211.3  1196.87
211.4  1197.44
211.5  1198.02
211.6  1198.59
211.7  1199.16
211.8  1199.73
211.9  1200.3
212  1200.88
212.1  1201.45
212.2  1202.02
212.3  1202.59
212.4  1203.17
212.5  1203.74
212.6  1204.31
212.7  1204.88
212.8  1205.46
212.9  1206.03
213  1206.6
213.1  1207.17
213.2  1207.74
213.3  1208.32
213.4  1208.89
213.5  1209.46
213.6  1210.03
213.7  1210.61
213.8  1211.18
213.9  1211.75
214  1212.32
214.1  1212.9
214.2  1213.47
214.3  1214.04
214.4  1214.61
214.5  1215.19
214.6  1215.76
214.7  1216.33
214.8  1216.9
214.9  1217.47
215  1218.05
215.1  1218.62
215.2  1219.19
215.3  1219.76
215.4  1220.34
215.5  1220.91
215.6  1221.48
215.7  1222.05
215.8  1222.63
215.9  1223.2
216  1223.77
216.1  1224.34
216.2  1224.92
216.3  1225.49
216.4  1226.06
216.5  1226.63
216.6  1227.2
216.7  1227.78
216.8  1228.35
216.9  1228.92
217  1229.49
217.1  1230.07
217.2  1230.64
217.3  1231.21
217.4  1231.78
217.5  1232.36
217.6  1232.93
217.7  1233.5
217.8  1234.07
217.9  1234.65
218  1235.22
218.1  1235.79
218.2  1236.36
218.3  1236.93
218.4  1237.51
218.5  1238.08
218.6  1238.65
218.7  1239.22
218.8  1239.8
218.9  1240.37
219  1240.94
219.1  1241.51
219.2  1242.09
219.3  1242.66
219.4  1243.23
219.5  1243.8
219.6  1244.38
219.7  1244.95
219.8  1245.52
219.9  1246.09
220  1246.66
220.1  1247.24
220.2  1247.81
220.3  1248.38
220.4  1248.95
220.5  1249.53
220.6  1250.1
220.7  1250.67
220.8  1251.24
220.9  1251.82
221  1252.39
221.1  1252.96
221.2  1253.53
221.3  1254.11
221.4  1254.68
221.5  1255.25
221.6  1255.82
221.7  1256.39
221.8  1256.97
221.9  1257.54
222  1258.11
222.1  1258.68
222.2  1259.26
222.3  1259.83
222.4  1260.4
222.5  1260.97
222.6  1261.55
222.7  1262.12
222.8  1262.69
222.9  1263.26
223  1263.84
223.1  1264.41
223.2  1264.98
223.3  1265.55
223.4  1266.12
223.5  1266.7
223.6  1267.27
223.7  1267.84
223.8  1268.41
223.9  1268.99
224  1269.56
224.1  1270.13
224.2  1270.7
224.3  1271.28
224.4  1271.85
224.5  1272.42
224.6  1272.99
224.7  1273.57
224.8  1274.14
224.9  1274.71
225  1275.28
225.1  1275.85
225.2  1276.43
225.3  1277
225.4  1277.57
225.5  1278.14
225.6  1278.72
225.7  1279.29
225.8  1279.86
225.9  1280.43
226  1281.01
226.1  1281.58
226.2  1282.15
226.3  1282.72
226.4  1283.29
226.5  1283.87
226.6  1284.44
226.7  1285.01
226.8  1285.58
226.9  1286.16
227  1286.73
227.1  1287.3
227.2  1287.87
227.3  1288.45
227.4  1289.02
227.5  1289.59
227.6  1290.16
227.7  1290.74
227.8  1291.31
227.9  1291.88
228  1292.45
228.1  1293.02
228.2  1293.6
228.3  1294.17
228.4  1294.74
228.5  1295.31
228.6  1295.89
228.7  1296.46
228.8  1297.03
228.9  1297.6
229  1298.18
229.1  1298.75
229.2  1299.32
229.3  1299.89
229.4  1300.47
229.5  1301.04
229.6  1301.61
229.7  1302.18
229.8  1302.75
229.9  1303.33
230  1303.9
230.1  1304.47
230.2  1305.04
230.3  1305.62
230.4  1306.19
230.5  1306.76
230.6  1307.33
230.7  1307.91
230.8  1308.48
230.9  1309.05
231  1309.62
231.1  1310.2
231.2  1310.77
231.3  1311.34
231.4  1311.91
231.5  1312.48
231.6  1313.06
231.7  1313.63
231.8  1314.2
231.9  1314.77
232  1315.35
232.1  1315.92
232.2  1316.49
232.3  1317.06
232.4  1317.64
232.5  1318.21
232.6  1318.78
232.7  1319.35
232.8  1319.92
232.9  1320.5
233  1321.07
233.1  1321.64
233.2  1322.21
233.3  1322.79
233.4  1323.36
233.5  1323.93
233.6  1324.5
233.7  1325.08
233.8  1325.65
233.9  1326.22
234  1326.79
234.1  1327.37
234.2  1327.94
234.3  1328.51
234.4  1329.08
234.5  1329.65
234.6  1330.23
234.7  1330.8
234.8  1331.37
234.9  1331.94
235  1332.52
235.1  1333.09
235.2  1333.66
235.3  1334.23
235.4  1334.81
235.5  1335.38
235.6  1335.95
235.7  1336.52
235.8  1337.1
235.9  1337.67
236  1338.24
236.1  1338.81
236.2  1339.38
236.3  1339.96
236.4  1340.53
236.5  1341.1
236.6  1341.67
236.7  1342.25
236.8  1342.82
236.9  1343.39
237  1343.96
237.1  1344.54
237.2  1345.11
237.3  1345.68
237.4  1346.25
237.5  1346.83
237.6  1347.4
237.7  1347.97
237.8  1348.54
237.9  1349.11
238  1349.69
238.1  1350.26
238.2  1350.83
238.3  1351.4
238.4  1351.98
238.5  1352.55
238.6  1353.12
238.7  1353.69
238.8  1354.27
238.9  1354.84
239  1355.41
239.1  1355.98
239.2  1356.55
239.3  1357.13
239.4  1357.7
239.5  1358.27
239.6  1358.84
239.7  1359.42
239.8  1359.99
239.9  1360.56
240  1361.13
240.1  1361.71
240.2  1362.28
240.3  1362.85
240.4  1363.42
240.5  1364
240.6  1364.57
240.7  1365.14
240.8  1365.71
240.9  1366.28
241  1366.86
241.1  1367.43
241.2  1368
241.3  1368.57
241.4  1369.15
241.5  1369.72
241.6  1370.29
241.7  1370.86
241.8  1371.44
241.9  1372.01
242  1372.58
242.1  1373.15
242.2  1373.72
242.3  1374.3
242.4  1374.87
242.5  1375.44
242.6  1376.01
242.7  1376.59
242.8  1377.16
242.9  1377.73
243  1378.3
243.1  1378.88
243.2  1379.45
243.3  1380.02
243.4  1380.59
243.5  1381.17
243.6  1381.74
243.7  1382.31
243.8  1382.88
243.9  1383.45
244  1384.03
244.1  1384.6
244.2  1385.17
244.3  1385.74
244.4  1386.32
244.5  1386.89
244.6  1387.46
244.7  1388.03
244.8  1388.61
244.9  1389.18
245  1389.75
245.1  1390.32
245.2  1390.9
245.3  1391.47
245.4  1392.04
245.5  1392.61
245.6  1393.18
245.7  1393.76
245.8  1394.33
245.9  1394.9
246  1395.47
246.1  1396.05
246.2  1396.62
246.3  1397.19
246.4  1397.76
246.5  1398.34
246.6  1398.91
246.7  1399.48
246.8  1400.05
246.9  1400.62
247  1401.2
247.1  1401.77
247.2  1402.34
247.3  1402.91
247.4  1403.49
247.5  1404.06
247.6  1404.63
247.7  1405.2
247.8  1405.78
247.9  1406.35
248  1406.92
248.1  1407.49
248.2  1408.07
248.3  1408.64
248.4  1409.21
248.5  1409.78
248.6  1410.35
248.7  1410.93
248.8  1411.5
248.9  1412.07
249  1412.64
249.1  1413.22
249.2  1413.79
249.3  1414.36
249.4  1414.93
249.5  1415.51
249.6  1416.08
249.7  1416.65
249.8  1417.22
249.9  1417.79
250  1418.37
250.1  1418.94
250.2  1419.51
250.3  1420.08
250.4  1420.66
250.5  1421.23
250.6  1421.8
250.7  1422.37
250.8  1422.95
250.9  1423.52
251  1424.09
251.1  1424.66
251.2  1425.24
251.3  1425.81
251.4  1426.38
251.5  1426.95
251.6  1427.52
251.7  1428.1
251.8  1428.67
251.9  1429.24
252  1429.81
252.1  1430.39
252.2  1430.96
252.3  1431.53
252.4  1432.1
252.5  1432.68
252.6  1433.25
252.7  1433.82
252.8  1434.39
252.9  1434.97
253  1435.54
253.1  1436.11
253.2  1436.68
253.3  1437.25
253.4  1437.83
253.5  1438.4
253.6  1438.97
253.7  1439.54
253.8  1440.12
253.9  1440.69
254  1441.26
254.1  1441.83
254.2  1442.41
254.3  1442.98
254.4  1443.55
254.5  1444.12
254.6  1444.69
254.7  1445.27
254.8  1445.84
254.9  1446.41
255  1446.98
255.1  1447.56
255.2  1448.13
255.3  1448.7
255.4  1449.27
255.5  1449.85
255.6  1450.42
255.7  1450.99
255.8  1451.56
255.9  1452.14
256  1452.71
256.1  1453.28
256.2  1453.85
256.3  1454.42
256.4  1455
256.5  1455.57
256.6  1456.14
256.7  1456.71
256.8  1457.29
256.9  1457.86
257  1458.43
257.1  1459
257.2  1459.58
257.3  1460.15
257.4  1460.72
257.5  1461.29
257.6  1461.86
257.7  1462.44
257.8  1463.01
257.9  1463.58
258  1464.15
258.1  1464.73
258.2  1465.3
258.3  1465.87
258.4  1466.44
258.5  1467.02
258.6  1467.59
258.7  1468.16
258.8  1468.73
258.9  1469.31
259  1469.88
259.1  1470.45
259.2  1471.02
259.3  1471.59
259.4  1472.17
259.5  1472.74
259.6  1473.31
259.7  1473.88
259.8  1474.46
259.9  1475.03
260  1475.6
260.1  1476.17
260.2  1476.75
260.3  1477.32
260.4  1477.89
260.5  1478.46
260.6  1479.03
260.7  1479.61
260.8  1480.18
260.9  1480.75
261  1481.32
261.1  1481.9
261.2  1482.47
261.3  1483.04
261.4  1483.61
261.5  1484.19
261.6  1484.76
261.7  1485.33
261.8  1485.9
261.9  1486.48
262  1487.05
262.1  1487.62
262.2  1488.19
262.3  1488.76
262.4  1489.34
262.5  1489.91
262.6  1490.48
262.7  1491.05
262.8  1491.63
262.9  1492.2
263  1492.77
263.1  1493.34
263.2  1493.92
263.3  1494.49
263.4  1495.06
263.5  1495.63
263.6  1496.2
263.7  1496.78
263.8  1497.35
263.9  1497.92
264  1498.49
264.1  1499.07
264.2  1499.64
264.3  1500.21
264.4  1500.78
264.5  1501.36
264.6  1501.93
264.7  1502.5
264.8  1503.07
264.9  1503.65
265  1504.22
265.1  1504.79
265.2  1505.36
265.3  1505.93
265.4  1506.51
265.5  1507.08
265.6  1507.65
265.7  1508.22
265.8  1508.8
265.9  1509.37
266  1509.94
266.1  1510.51
266.2  1511.09
266.3  1511.66
266.4  1512.23
266.5  1512.8
266.6  1513.37
266.7  1513.95
266.8  1514.52
266.9  1515.09
267  1515.66
267.1  1516.24
267.2  1516.81
267.3  1517.38
267.4  1517.95
267.5  1518.53
267.6  1519.1
267.7  1519.67
267.8  1520.24
267.9  1520.82
268  1521.39
268.1  1521.96
268.2  1522.53
268.3  1523.1
268.4  1523.68
268.5  1524.25
268.6  1524.82
268.7  1525.39
268.8  1525.97
268.9  1526.54
269  1527.11
269.1  1527.68
269.2  1528.26
269.3  1528.83
269.4  1529.4
269.5  1529.97
269.6  1530.54
269.7  1531.12
269.8  1531.69
269.9  1532.26
270  1532.83
270.1  1533.41
270.2  1533.98
270.3  1534.55
270.4  1535.12
270.5  1535.7
270.6  1536.27
270.7  1536.84
270.8  1537.41
270.9  1537.98
271  1538.56
271.1  1539.13
271.2  1539.7
271.3  1540.27
271.4  1540.85
271.5  1541.42
271.6  1541.99
271.7  1542.56
271.8  1543.14
271.9  1543.71
272  1544.28
272.1  1544.85
272.2  1545.43
272.3  1546
272.4  1546.57
272.5  1547.14
272.6  1547.71
272.7  1548.29
272.8  1548.86
272.9  1549.43
273  1550
273.1  1550.58
273.2  1551.15
273.3  1551.72
273.4  1552.29
273.5  1552.87
273.6  1553.44
273.7  1554.01
273.8  1554.58
273.9  1555.15
274  1555.73
274.1  1556.3
274.2  1556.87
274.3  1557.44
274.4  1558.02
274.5  1558.59
274.6  1559.16
274.7  1559.73
274.8  1560.31
274.9  1560.88
275  1561.45
275.1  1562.02
275.2  1562.6
275.3  1563.17
275.4  1563.74
275.5  1564.31
275.6  1564.88
275.7  1565.46
275.8  1566.03
275.9  1566.6
276  1567.17
276.1  1567.75
276.2  1568.32
276.3  1568.89
276.4  1569.46
276.5  1570.04
276.6  1570.61
276.7  1571.18
276.8  1571.75
276.9  1572.32
277  1572.9
277.1  1573.47
277.2  1574.04
277.3  1574.61
277.4  1575.19
277.5  1575.76
277.6  1576.33
277.7  1576.9
277.8  1577.48
277.9  1578.05
278  1578.62
278.1  1579.19
278.2  1579.76
278.3  1580.34
278.4  1580.91
278.5  1581.48
278.6  1582.05
278.7  1582.63
278.8  1583.2
278.9  1583.77
279  1584.34
279.1  1584.92
279.2  1585.49
279.3  1586.06
279.4  1586.63
279.5  1587.21
279.6  1587.78
279.7  1588.35
279.8  1588.92
279.9  1589.49
280  1590.07
280.1  1590.64
280.2  1591.21
280.3  1591.78
280.4  1592.36
280.5  1592.93
280.6  1593.5
280.7  1594.07
280.8  1594.65
280.9  1595.22
281  1595.79
281.1  1596.36
281.2  1596.93
281.3  1597.51
281.4  1598.08
281.5  1598.65
281.6  1599.22
281.7  1599.8
281.8  1600.37
281.9  1600.94
282  1601.51
282.1  1602.09
282.2  1602.66
282.3  1603.23
282.4  1603.8
282.5  1604.38
282.6  1604.95
282.7  1605.52
282.8  1606.09
282.9  1606.66
283  1607.24
283.1  1607.81
283.2  1608.38
283.3  1608.95
283.4  1609.53
283.5  1610.1
283.6  1610.67
283.7  1611.24
283.8  1611.82
283.9  1612.39
284  1612.96
284.1  1613.53
284.2  1614.1
284.3  1614.68
284.4  1615.25
284.5  1615.82
284.6  1616.39
284.7  1616.97
284.8  1617.54
284.9  1618.11
285  1618.68
285.1  1619.26
285.2  1619.83
285.3  1620.4
285.4  1620.97
285.5  1621.54
285.6  1622.12
285.7  1622.69
285.8  1623.26
285.9  1623.83
286  1624.41
286.1  1624.98
286.2  1625.55
286.3  1626.12
286.4  1626.7
286.5  1627.27
286.6  1627.84
286.7  1628.41
286.8  1628.99
286.9  1629.56
287  1630.13
287.1  1630.7
287.2  1631.27
287.3  1631.85
287.4  1632.42
287.5  1632.99
287.6  1633.56
287.7  1634.14
287.8  1634.71
287.9  1635.28
288  1635.85
288.1  1636.43
288.2  1637
288.3  1637.57
288.4  1638.14
288.5  1638.71
288.6  1639.29
288.7  1639.86
288.8  1640.43
288.9  1641
289  1641.58
289.1  1642.15
289.2  1642.72
289.3  1643.29
289.4  1643.87
289.5  1644.44
289.6  1645.01
289.7  1645.58
289.8  1646.15
289.9  1646.73
290  1647.3
290.1  1647.87
290.2  1648.44
290.3  1649.02
290.4  1649.59
290.5  1650.16
290.6  1650.73
290.7  1651.31
290.8  1651.88
290.9  1652.45
291  1653.02
291.1  1653.59
291.2  1654.17
291.3  1654.74
291.4  1655.31
291.5  1655.88
291.6  1656.46
291.7  1657.03
291.8  1657.6
291.9  1658.17
292  1658.75
292.1  1659.32
292.2  1659.89
292.3  1660.46
292.4  1661.04
292.5  1661.61
292.6  1662.18
292.7  1662.75
292.8  1663.32
292.9  1663.9
293  1664.47
293.1  1665.04
293.2  1665.61
293.3  1666.19
293.4  1666.76
293.5  1667.33
293.6  1667.9
293.7  1668.48
293.8  1669.05
293.9  1669.62
294  1670.19
294.1  1670.76
294.2  1671.34
294.3  1671.91
294.4  1672.48
294.5  1673.05
294.6  1673.63
294.7  1674.2
294.8  1674.77
294.9  1675.34
295  1675.92
295.1  1676.49
295.2  1677.06
295.3  1677.63
295.4  1678.2
295.5  1678.78
295.6  1679.35
295.7  1679.92
295.8  1680.49
295.9  1681.07
296  1681.64
296.1  1682.21
296.2  1682.78
296.3  1683.36
296.4  1683.93
296.5  1684.5
296.6  1685.07
296.7  1685.65
296.8  1686.22
296.9  1686.79
297  1687.36
297.1  1687.93
297.2  1688.51
297.3  1689.08
297.4  1689.65
297.5  1690.22
297.6  1690.8
297.7  1691.37
297.8  1691.94
297.9  1692.51
298  1693.09
298.1  1693.66
298.2  1694.23
298.3  1694.8
298.4  1695.37
298.5  1695.95
298.6  1696.52
298.7  1697.09
298.8  1697.66
298.9  1698.24
299  1698.81
299.1  1699.38
299.2  1699.95
299.3  1700.53
299.4  1701.1
299.5  1701.67
299.6  1702.24
299.7  1702.81
299.8  1703.39
299.9  1703.96
300  1704.53
300.1  1705.1
300.2  1705.68
300.3  1706.25
300.4  1706.82
300.5  1707.39
300.6  1707.97
300.7  1708.54
300.8  1709.11
300.9  1709.68
301  1710.25
301.1  1710.83
301.2  1711.4
301.3  1711.97
301.4  1712.54
301.5  1713.12
301.6  1713.69
301.7  1714.26
301.8  1714.83
301.9  1715.41
302  1715.98
302.1  1716.55
302.2  1717.12
302.3  1717.7
302.4  1718.27
302.5  1718.84
302.6  1719.41
302.7  1719.98
302.8  1720.56
302.9  1721.13
303  1721.7
303.1  1722.27
303.2  1722.85
303.3  1723.42
303.4  1723.99
303.5  1724.56
303.6  1725.14
303.7  1725.71
303.8  1726.28
303.9  1726.85
304  1727.42
304.1  1728
304.2  1728.57
304.3  1729.14
304.4  1729.71
304.5  1730.29
304.6  1730.86
304.7  1731.43
304.8  1732
304.9  1732.58
305  1733.15
305.1  1733.72
305.2  1734.29
305.3  1734.86
305.4  1735.44
305.5  1736.01
305.6  1736.58
305.7  1737.15
305.8  1737.73
305.9  1738.3
306  1738.87
306.1  1739.44
306.2  1740.02
306.3  1740.59
306.4  1741.16
306.5  1741.73
306.6  1742.3
306.7  1742.88
306.8  1743.45
306.9  1744.02
307  1744.59
307.1  1745.17
307.2  1745.74
307.3  1746.31
307.4  1746.88
307.5  1747.46
307.6  1748.03
307.7  1748.6
307.8  1749.17
307.9  1749.75
308  1750.32
308.1  1750.89
308.2  1751.46
308.3  1752.03
308.4  1752.61
308.5  1753.18
308.6  1753.75
308.7  1754.32
308.8  1754.9
308.9  1755.47
309  1756.04
309.1  1756.61
309.2  1757.19
309.3  1757.76
309.4  1758.33
309.5  1758.9
309.6  1759.47
309.7  1760.05
309.8  1760.62
309.9  1761.19
310  1761.76
310.1  1762.34
310.2  1762.91
310.3  1763.48
310.4  1764.05
310.5  1764.63
310.6  1765.2
310.7  1765.77
310.8  1766.34
310.9  1766.91
311  1767.49
311.1  1768.06
311.2  1768.63
311.3  1769.2
311.4  1769.78
311.5  1770.35
311.6  1770.92
311.7  1771.49
311.8  1772.07
311.9  1772.64
312  1773.21
312.1  1773.78
312.2  1774.35
312.3  1774.93
312.4  1775.5
312.5  1776.07
312.6  1776.64
312.7  1777.22
312.8  1777.79
312.9  1778.36
313  1778.93
313.1  1779.51
313.2  1780.08
313.3  1780.65
313.4  1781.22
313.5  1781.8
313.6  1782.37
313.7  1782.94
313.8  1783.51
313.9  1784.08
314  1784.66
314.1  1785.23
314.2  1785.8
314.3  1786.37
314.4  1786.95
314.5  1787.52
314.6  1788.09
314.7  1788.66
314.8  1789.24
314.9  1789.81
315  1790.38
315.1  1790.95
315.2  1791.52
315.3  1792.1
315.4  1792.67
315.5  1793.24
315.6  1793.81
315.7  1794.39
315.8  1794.96
315.9  1795.53
316  1796.1
316.1  1796.68
316.2  1797.25
316.3  1797.82
316.4  1798.39
316.5  1798.96
316.6  1799.54
316.7  1800.11
316.8  1800.68
316.9  1801.25
317  1801.83
317.1  1802.4
317.2  1802.97
317.3  1803.54
317.4  1804.12
317.5  1804.69
317.6  1805.26
317.7  1805.83
317.8  1806.4
317.9  1806.98
318  1807.55
318.1  1808.12
318.2  1808.69
318.3  1809.27
318.4  1809.84
318.5  1810.41
318.6  1810.98
318.7  1811.56
318.8  1812.13
318.9  1812.7
319  1813.27
319.1  1813.84
319.2  1814.42
319.3  1814.99
319.4  1815.56
319.5  1816.13
319.6  1816.71
319.7  1817.28
319.8  1817.85
319.9  1818.42
320  1819
320.1  1819.57
320.2  1820.14
320.3  1820.71
320.4  1821.29
320.5  1821.86
320.6  1822.43
320.7  1823
320.8  1823.57
320.9  1824.15
321  1824.72
321.1  1825.29
321.2  1825.86
321.3  1826.44
321.4  1827.01
321.5  1827.58
321.6  1828.15
321.7  1828.73
321.8  1829.3
321.9  1829.87
322  1830.44
322.1  1831.01
322.2  1831.59
322.3  1832.16
322.4  1832.73
322.5  1833.3
322.6  1833.88
322.7  1834.45
322.8  1835.02
322.9  1835.59
323  1836.17
323.1  1836.74
323.2  1837.31
323.3  1837.88
323.4  1838.45
323.5  1839.03
323.6  1839.6
323.7  1840.17
323.8  1840.74
323.9  1841.32
324  1841.89
324.1  1842.46
324.2  1843.03
324.3  1843.61
324.4  1844.18
324.5  1844.75
324.6  1845.32
324.7  1845.89
324.8  1846.47
324.9  1847.04
325  1847.61
325.1  1848.18
325.2  1848.76
325.3  1849.33
325.4  1849.9
325.5  1850.47
325.6  1851.05
325.7  1851.62
325.8  1852.19
325.9  1852.76
326  1853.33
326.1  1853.91
326.2  1854.48
326.3  1855.05
326.4  1855.62
326.5  1856.2
326.6  1856.77
326.7  1857.34
326.8  1857.91
326.9  1858.49
327  1859.06
327.1  1859.63
327.2  1860.2
327.3  1860.77
327.4  1861.35
327.5  1861.92
327.6  1862.49
327.7  1863.06
327.8  1863.64
327.9  1864.21
328  1864.78
328.1  1865.35
328.2  1865.93
328.3  1866.5
328.4  1867.07
328.5  1867.64
328.6  1868.22
328.7  1868.79
328.8  1869.36
328.9  1869.93
329  1870.5
329.1  1871.08
329.2  1871.65
329.3  1872.22
329.4  1872.79
329.5  1873.37
329.6  1873.94
329.7  1874.51
329.8  1875.08
329.9  1875.66
330  1876.23
330.1  1876.8
330.2  1877.37
330.3  1877.94
330.4  1878.52
330.5  1879.09
330.6  1879.66
330.7  1880.23
330.8  1880.81
330.9  1881.38
331  1881.95
331.1  1882.52
331.2  1883.1
331.3  1883.67
331.4  1884.24
331.5  1884.81
331.6  1885.38
331.7  1885.96
331.8  1886.53
331.9  1887.1
332  1887.67
332.1  1888.25
332.2  1888.82
332.3  1889.39
332.4  1889.96
332.5  1890.54
332.6  1891.11
332.7  1891.68
332.8  1892.25
332.9  1892.82
333  1893.4
333.1  1893.97
333.2  1894.54
333.3  1895.11
333.4  1895.69
333.5  1896.26
333.6  1896.83
333.7  1897.4
333.8  1897.98
333.9  1898.55
334  1899.12
334.1  1899.69
334.2  1900.26
334.3  1900.84
334.4  1901.41
334.5  1901.98
334.6  1902.55
334.7  1903.13
334.8  1903.7
334.9  1904.27
335  1904.84
335.1  1905.42
335.2  1905.99
335.3  1906.56
335.4  1907.13
335.5  1907.7
335.6  1908.28
335.7  1908.85
335.8  1909.42
335.9  1909.99
336  1910.57
336.1  1911.14
336.2  1911.71
336.3  1912.28
336.4  1912.86
336.5  1913.43
336.6  1914
336.7  1914.57
336.8  1915.14
336.9  1915.72
337  1916.29
337.1  1916.86
337.2  1917.43
337.3  1918.01
337.4  1918.58
337.5  1919.15
337.6  1919.72
337.7  1920.3
337.8  1920.87
337.9  1921.44
338  1922.01
338.1  1922.58
338.2  1923.16
338.3  1923.73
338.4  1924.3
338.5  1924.87
338.6  1925.45
338.7  1926.02
338.8  1926.59
338.9  1927.16
339  1927.74
339.1  1928.31
339.2  1928.88
339.3  1929.45
339.4  1930.03
339.5  1930.6
339.6  1931.17
339.7  1931.74
339.8  1932.31
339.9  1932.89
340  1933.46
340.1  1934.03
340.2  1934.6
340.3  1935.18
340.4  1935.75
340.5  1936.32
340.6  1936.89
340.7  1937.47
340.8  1938.04
340.9  1938.61
341  1939.18
341.1  1939.75
341.2  1940.33
341.3  1940.9
341.4  1941.47
341.5  1942.04
341.6  1942.62
341.7  1943.19
341.8  1943.76
341.9  1944.33
342  1944.91
342.1  1945.48
342.2  1946.05
342.3  1946.62
342.4  1947.19
342.5  1947.77
342.6  1948.34
342.7  1948.91
342.8  1949.48
342.9  1950.06
343  1950.63
343.1  1951.2
343.2  1951.77
343.3  1952.35
343.4  1952.92
343.5  1953.49
343.6  1954.06
343.7  1954.63
343.8  1955.21
343.9  1955.78
344  1956.35
344.1  1956.92
344.2  1957.5
344.3  1958.07
344.4  1958.64
344.5  1959.21
344.6  1959.79
344.7  1960.36
344.8  1960.93
344.9  1961.5
345  1962.07
345.1  1962.65
345.2  1963.22
345.3  1963.79
345.4  1964.36
345.5  1964.94
345.6  1965.51
345.7  1966.08
345.8  1966.65
345.9  1967.23
346  1967.8
346.1  1968.37
346.2  1968.94
346.3  1969.51
346.4  1970.09
346.5  1970.66
346.6  1971.23
346.7  1971.8
346.8  1972.38
346.9  1972.95
347  1973.52
347.1  1974.09
347.2  1974.67
347.3  1975.24
347.4  1975.81
347.5  1976.38
347.6  1976.95
347.7  1977.53
347.8  1978.1
347.9  1978.67
348  1979.24
348.1  1979.82
348.2  1980.39
348.3  1980.96
348.4  1981.53
348.5  1982.11
348.6  1982.68
348.7  1983.25
348.8  1983.82
348.9  1984.39
349  1984.97
349.1  1985.54
349.2  1986.11
349.3  1986.68
349.4  1987.26
349.5  1987.83
349.6  1988.4
349.7  1988.97
349.8  1989.55
349.9  1990.12
350  1990.69
350.1  1991.26
350.2  1991.83
350.3  1992.41
350.4  1992.98
350.5  1993.55
350.6  1994.12
350.7  1994.7
350.8  1995.27
350.9  1995.84
351  1996.41
351.1  1996.99
351.2  1997.56
351.3  1998.13
351.4  1998.7
351.5  1999.27
351.6  1999.85
351.7  2000.42
351.8  2000.99
351.9  2001.56
352  2002.14
352.1  2002.71
352.2  2003.28
352.3  2003.85
352.4  2004.43
352.5  2005
352.6  2005.57
352.7  2006.14
352.8  2006.71
352.9  2007.29
353  2007.86
353.1  2008.43
353.2  2009
353.3  2009.58
353.4  2010.15
353.5  2010.72
353.6  2011.29
353.7  2011.87
353.8  2012.44
353.9  2013.01
354  2013.58
354.1  2014.15
354.2  2014.73
354.3  2015.3
354.4  2015.87
354.5  2016.44
354.6  2017.02
354.7  2017.59
354.8  2018.16
354.9  2018.73
355  2019.31
355.1  2019.88
355.2  2020.45
355.3  2021.02
355.4  2021.6
355.5  2022.17
355.6  2022.74
355.7  2023.31
355.8  2023.88
355.9  2024.46
356  2025.03
356.1  2025.6
356.2  2026.17
356.3  2026.75
356.4  2027.32
356.5  2027.89
356.6  2028.46
356.7  2029.04
356.8  2029.61
356.9  2030.18
357  2030.75
357.1  2031.32
357.2  2031.9
357.3  2032.47
357.4  2033.04
357.5  2033.61
357.6  2034.19
357.7  2034.76
357.8  2035.33
357.9  2035.9
358  2036.48
358.1  2037.05
358.2  2037.62
358.3  2038.19
358.4  2038.76
358.5  2039.34
358.6  2039.91
358.7  2040.48
358.8  2041.05
358.9  2041.63
359  2042.2
359.1  2042.77
359.2  2043.34
359.3  2043.92
359.4  2044.49
359.5  2045.06
359.6  2045.63
359.7  2046.2
359.8  2046.78
359.9  2047.35
360  2047.92
360.1  2048.49
360.2  2049.07
360.3  2049.64
360.4  2050.21
360.5  2050.78
360.6  2051.36
360.7  2051.93
360.8  2052.5
360.9  2053.07
361  2053.64
361.1  2054.22
361.2  2054.79
361.3  2055.36
361.4  2055.93
361.5  2056.51
361.6  2057.08
361.7  2057.65
361.8  2058.22
361.9  2058.8
362  2059.37
362.1  2059.94
362.2  2060.51
362.3  2061.08
362.4  2061.66
362.5  2062.23
362.6  2062.8
362.7  2063.37
362.8  2063.95
362.9  2064.52
363  2065.09
363.1  2065.66
363.2  2066.24
363.3  2066.81
363.4  2067.38
363.5  2067.95
363.6  2068.52
363.7  2069.1
363.8  2069.67
363.9  2070.24
364  2070.81
364.1  2071.39
364.2  2071.96
364.3  2072.53
364.4  2073.1
364.5  2073.68
364.6  2074.25
364.7  2074.82
364.8  2075.39
364.9  2075.96
365  2076.54
365.1  2077.11
365.2  2077.68
365.3  2078.25
365.4  2078.83
365.5  2079.4
365.6  2079.97
365.7  2080.54
365.8  2081.12
365.9  2081.69
366  2082.26
366.1  2082.83
366.2  2083.4
366.3  2083.98
366.4  2084.55
366.5  2085.12
366.6  2085.69
366.7  2086.27
366.8  2086.84
366.9  2087.41
367  2087.98
367.1  2088.56
367.2  2089.13
367.3  2089.7
367.4  2090.27
367.5  2090.84
367.6  2091.42
367.7  2091.99
367.8  2092.56
367.9  2093.13
368  2093.71
368.1  2094.28
368.2  2094.85
368.3  2095.42
368.4  2096
368.5  2096.57
368.6  2097.14
368.7  2097.71
368.8  2098.28
368.9  2098.86
369  2099.43
369.1  2100
369.2  2100.57
369.3  2101.15
369.4  2101.72
369.5  2102.29
369.6  2102.86
369.7  2103.44
369.8  2104.01
369.9  2104.58
370  2105.15
370.1  2105.72
370.2  2106.3
370.3  2106.87
370.4  2107.44
370.5  2108.01
370.6  2108.59
370.7  2109.16
370.8  2109.73
370.9  2110.3
371  2110.88
371.1  2111.45
371.2  2112.02
371.3  2112.59
371.4  2113.16
371.5  2113.74
371.6  2114.31
371.7  2114.88
371.8  2115.45
371.9  2116.03
372  2116.6
372.1  2117.17
372.2  2117.74
372.3  2118.32
372.4  2118.89
372.5  2119.46
372.6  2120.03
372.7  2120.6
372.8  2121.18
372.9  2121.75
373  2122.32
373.1  2122.89
373.2  2123.47
373.3  2124.04
373.4  2124.61
373.5  2125.18
373.6  2125.76
373.7  2126.33
373.8  2126.9
373.9  2127.47
374  2128.04
374.1  2128.62
374.2  2129.19
374.3  2129.76
374.4  2130.33
374.5  2130.91
374.6  2131.48
374.7  2132.05
374.8  2132.62
374.9  2133.2
375  2133.77
375.1  2134.34
375.2  2134.91
375.3  2135.48
375.4  2136.06
375.5  2136.63
375.6  2137.2
375.7  2137.77
375.8  2138.35
375.9  2138.92
376  2139.49
376.1  2140.06
376.2  2140.64
376.3  2141.21
376.4  2141.78
376.5  2142.35
376.6  2142.92
376.7  2143.5
376.8  2144.07
376.9  2144.64
377  2145.21
377.1  2145.79
377.2  2146.36
377.3  2146.93
377.4  2147.5
377.5  2148.08
377.6  2148.65
377.7  2149.22
377.8  2149.79
377.9  2150.36
378  2150.94
378.1  2151.51
378.2  2152.08
378.3  2152.65
378.4  2153.23
378.5  2153.8
378.6  2154.37
378.7  2154.94
378.8  2155.52
378.9  2156.09
379  2156.66
379.1  2157.23
379.2  2157.8
379.3  2158.38
379.4  2158.95
379.5  2159.52
379.6  2160.09
379.7  2160.67
379.8  2161.24
379.9  2161.81
380  2162.38
380.1  2162.96
380.2  2163.53
380.3  2164.1
380.4  2164.67
380.5  2165.24
380.6  2165.82
380.7  2166.39
380.8  2166.96
380.9  2167.53
381  2168.11
381.1  2168.68
381.2  2169.25
381.3  2169.82
381.4  2170.4
381.5  2170.97
381.6  2171.54
381.7  2172.11
381.8  2172.68
381.9  2173.26
382  2173.83
382.1  2174.4
382.2  2174.97
382.3  2175.55
382.4  2176.12
382.5  2176.69
382.6  2177.26
382.7  2177.84
382.8  2178.41
382.9  2178.98
383  2179.55
383.1  2180.12
383.2  2180.7
383.3  2181.27
383.4  2181.84
383.5  2182.41
383.6  2182.99
383.7  2183.56
383.8  2184.13
383.9  2184.7
384  2185.28
384.1  2185.85
384.2  2186.42
384.3  2186.99
384.4  2187.56
384.5  2188.14
384.6  2188.71
384.7  2189.28
384.8  2189.85
384.9  2190.43
385  2191
385.1  2191.57
385.2  2192.14
385.3  2192.72
385.4  2193.29
385.5  2193.86
385.6  2194.43
385.7  2195
385.8  2195.58
385.9  2196.15
386  2196.72
386.1  2197.29
386.2  2197.87
386.3  2198.44
386.4  2199.01
386.5  2199.58
386.6  2200.16
386.7  2200.73
386.8  2201.3
386.9  2201.87
387  2202.44
387.1  2203.02
387.2  2203.59
387.3  2204.16
387.4  2204.73
387.5  2205.31
387.6  2205.88
387.7  2206.45
387.8  2207.02
387.9  2207.6
388  2208.17
388.1  2208.74
388.2  2209.31
388.3  2209.88
388.4  2210.46
388.5  2211.03
388.6  2211.6
388.7  2212.17
388.8  2212.75
388.9  2213.32
389  2213.89
389.1  2214.46
389.2  2215.04
389.3  2215.61
389.4  2216.18
389.5  2216.75
389.6  2217.32
389.7  2217.9
389.8  2218.47
389.9  2219.04
390  2219.61
390.1  2220.19
390.2  2220.76
390.3  2221.33
390.4  2221.9
390.5  2222.48
390.6  2223.05
390.7  2223.62
390.8  2224.19
390.9  2224.76
391  2225.34
391.1  2225.91
391.2  2226.48
391.3  2227.05
391.4  2227.63
391.5  2228.2
391.6  2228.77
391.7  2229.34
391.8  2229.92
391.9  2230.49
392  2231.06
392.1  2231.63
392.2  2232.2
392.3  2232.78
392.4  2233.35
392.5  2233.92
392.6  2234.49
392.7  2235.07
392.8  2235.64
392.9  2236.21
393  2236.78
393.1  2237.36
393.2  2237.93
393.3  2238.5
393.4  2239.07
393.5  2239.64
393.6  2240.22
393.7  2240.79
393.8  2241.36
393.9  2241.93
394  2242.51
394.1  2243.08
394.2  2243.65
394.3  2244.22
394.4  2244.8
394.5  2245.37
394.6  2245.94
394.7  2246.51
394.8  2247.08
394.9  2247.66
395  2248.23
395.1  2248.8
395.2  2249.37
395.3  2249.95
395.4  2250.52
395.5  2251.09
395.6  2251.66
395.7  2252.24
395.8  2252.81
395.9  2253.38
396  2253.95
396.1  2254.52
396.2  2255.1
396.3  2255.67
396.4  2256.24
396.5  2256.81
396.6  2257.39
396.7  2257.96
396.8  2258.53
396.9  2259.1
397  2259.68
397.1  2260.25
397.2  2260.82
397.3  2261.39
397.4  2261.96
397.5  2262.54
397.6  2263.11
397.7  2263.68
397.8  2264.25
397.9  2264.83
398  2265.4
398.1  2265.97
398.2  2266.54
398.3  2267.12
398.4  2267.69
398.5  2268.26
398.6  2268.83
398.7  2269.4
398.8  2269.98
398.9  2270.55
399  2271.12
399.1  2271.69
399.2  2272.27
399.3  2272.84
399.4  2273.41
399.5  2273.98
399.6  2274.56
399.7  2275.13
399.8  2275.7
399.9  2276.27
