0  3
0.001  2.99992
0.002  2.99981
0.003  2.99971
0.004  2.99961
0.005  2.9995
0.006  2.9994
0.007  2.99929
0.008  2.99918
0.009  2.99907
0.01  2.99896
0.011  2.99885
0.012  2.99874
0.013  2.99863
0.014  2.99851
0.015  2.9984
0.016  2.99828
0.017  2.99816
0.018  2.99804
0.019  2.99792
0.02  2.9978
0.021  2.99768
0.022  2.99756
0.023  2.99743
0.024  2.99731
0.025  2.99718
0.026  2.99705
0.027  2.99693
0.028  2.9968
0.029  2.99667
0.03  2.99653
0.031  2.9964
0.032  2.99627
0.033  2.99613
0.034  2.996
0.035  2.99586
0.036  2.99572
0.037  2.99558
0.038  2.99544
0.039  2.9953
0.04  2.99516
0.041  2.99501
0.042  2.99487
0.043  2.99472
0.044  2.99458
0.045  2.99443
0.046  2.99428
0.047  2.99413
0.048  2.99398
0.049  2.99383
0.05  2.99368
0.051  2.99352
0.052  2.99337
0.053  2.99321
0.054  2.99305
0.055  2.99289
0.056  2.99273
0.057  2.99257
0.058  2.99241
0.059  2.99225
0.06  2.99208
0.061  2.99192
0.062  2.99175
0.063  2.99159
0.064  2.99142
0.065  2.99125
0.066  2.99108
0.067  2.99091
0.068  2.99073
0.069  2.99056
0.07  2.99039
0.071  2.99021
0.072  2.99003
0.073  2.98986
0.074  2.98968
0.075  2.9895
0.076  2.98932
0.077  2.98913
0.078  2.98895
0.079  2.98877
0.08  2.98858
0.081  2.98839
0.082  2.98821
0.083  2.98802
0.084  2.98783
0.085  2.98764
0.086  2.98744
0.087  2.98725
0.088  2.98706
0.089  2.98686
0.09  2.98667
0.091  2.98647
0.092  2.98627
0.093  2.98607
0.094  2.98587
0.095  2.98567
0.096  2.98547
0.097  2.98526
0.098  2.98506
0.099  2.98485
0.1  2.98464
0.101  2.98444
0.102  2.98423
0.103  2.98402
0.104  2.9838
0.105  2.98359
0.106  2.98338
0.107  2.98316
0.108  2.98295
0.109  2.98273
0.11  2.98251
0.111  2.98229
0.112  2.98207
0.113  2.98185
0.114  2.98163
0.115  2.98141
0.116  2.98118
0.117  2.98096
0.118  2.98073
0.119  2.9805
0.12  2.98027
0.121  2.98004
0.122  2.97981
0.123  2.97958
0.124  2.97935
0.125  2.97911
0.126  2.97888
0.127  2.97864
0.128  2.97841
0.129  2.97817
0.13  2.97793
0.131  2.97769
0.132  2.97744
0.133  2.9772
0.134  2.97696
0.135  2.97671
0.136  2.97647
0.137  2.97622
0.138  2.97597
0.139  2.97572
0.14  2.97547
0.141  2.97522
0.142  2.97497
0.143  2.97471
0.144  2.97446
0.145  2.9742
0.146  2.97395
0.147  2.97369
0.148  2.97343
0.149  2.97317
0.15  2.97291
0.151  2.97264
0.152  2.97238
0.153  2.97212
0.154  2.97185
0.155  2.97158
0.156  2.97132
0.157  2.97105
0.158  2.97078
0.159  2.97051
0.16  2.97023
0.161  2.96996
0.162  2.96969
0.163  2.96941
0.164  2.96913
0.165  2.96886
0.166  2.96858
0.167  2.9683
0.168  2.96802
0.169  2.96773
0.17  2.96745
0.171  2.96717
0.172  2.96688
0.173  2.96659
0.174  2.96631
0.175  2.96602
0.176  2.96573
0.177  2.96544
0.178  2.96515
0.179  2.96485
0.18  2.96456
0.181  2.96426
0.182  2.96397
0.183  2.96367
0.184  2.96337
0.185  2.96307
0.186  2.96277
0.187  2.96247
0.188  2.96217
0.189  2.96186
0.19  2.96156
0.191  2.96125
0.192  2.96094
0.193  2.96063
0.194  2.96033
0.195  2.96001
0.196  2.9597
0.197  2.95939
0.198  2.95908
0.199  2.95876
0.2  2.95845
0.201  2.95813
0.202  2.95781
0.203  2.95749
0.204  2.95717
0.205  2.95685
0.206  2.95653
0.207  2.9562
0.208  2.95588
0.209  2.95555
0.21  2.95522
0.211  2.9549
0.212  2.95457
0.213  2.95424
0.214  2.95391
0.215  2.95357
0.216  2.95324
0.217  2.9529
0.218  2.95257
0.219  2.95223
0.22  2.95189
0.221  2.95155
0.222  2.95121
0.223  2.95087
0.224  2.95053
0.225  2.95019
0.226  2.94984
0.227  2.9495
0.228  2.94915
0.229  2.9488
0.23  2.94845
0.231  2.9481
0.232  2.94775
0.233  2.9474
0.234  2.94704
0.235  2.94669
0.236  2.94633
0.237  2.94598
0.238  2.94562
0.239  2.94526
0.24  2.9449
0.241  2.94454
0.242  2.94418
0.243  2.94381
0.244  2.94345
0.245  2.94308
0.246  2.94271
0.247  2.94235
0.248  2.94198
0.249  2.94161
0.25  2.94124
0.251  2.94086
0.252  2.94049
0.253  2.94012
0.254  2.93974
0.255  2.93936
0.256  2.93898
0.257  2.93861
0.258  2.93823
0.259  2.93784
0.26  2.93746
0.261  2.93708
0.262  2.93669
0.263  2.93631
0.264  2.93592
0.265  2.93553
0.266  2.93514
0.267  2.93475
0.268  2.93436
0.269  2.93397
0.27  2.93358
0.271  2.93318
0.272  2.93279
0.273  2.93239
0.274  2.93199
0.275  2.93159
0.276  2.93119
0.277  2.93079
0.278  2.93039
0.279  2.92998
0.28  2.92958
0.281  2.92917
0.282  2.92877
0.283  2.92836
0.284  2.92795
0.285  2.92754
0.286  2.92713
0.287  2.92671
0.288  2.9263
0.289  2.92589
0.29  2.92547
0.291  2.92505
0.292  2.92463
0.293  2.92422
0.294  2.92379
0.295  2.92337
0.296  2.92295
0.297  2.92253
0.298  2.9221
0.299  2.92168
0.3  2.92125
0.301  2.92082
0.302  2.92039
0.303  2.91996
0.304  2.91953
0.305  2.9191
0.306  2.91866
0.307  2.91823
0.308  2.91779
0.309  2.91735
0.31  2.91691
0.311  2.91647
0.312  2.91603
0.313  2.91559
0.314  2.91515
0.315  2.91471
0.316  2.91426
0.317  2.91381
0.318  2.91337
0.319  2.91292
0.32  2.91247
0.321  2.91202
0.322  2.91157
0.323  2.91111
0.324  2.91066
0.325  2.9102
0.326  2.90975
0.327  2.90929
0.328  2.90883
0.329  2.90837
0.33  2.90791
0.331  2.90745
0.332  2.90698
0.333  2.90652
0.334  2.90605
0.335  2.90559
0.336  2.90512
0.337  2.90465
0.338  2.90418
0.339  2.90371
0.34  2.90323
0.341  2.90276
0.342  2.90229
0.343  2.90181
0.344  2.90133
0.345  2.90086
0.346  2.90038
0.347  2.8999
0.348  2.89941
0.349  2.89893
0.35  2.89845
0.351  2.89796
0.352  2.89748
0.353  2.89699
0.354  2.8965
0.355  2.89601
0.356  2.89552
0.357  2.89503
0.358  2.89454
0.359  2.89404
0.36  2.89355
0.361  2.89305
0.362  2.89255
0.363  2.89205
0.364  2.89155
0.365  2.89105
0.366  2.89055
0.367  2.89005
0.368  2.88954
0.369  2.88904
0.37  2.88853
0.371  2.88802
0.372  2.88751
0.373  2.887
0.374  2.88649
0.375  2.88598
0.376  2.88547
0.377  2.88495
0.378  2.88444
0.379  2.88392
0.38  2.8834
0.381  2.88288
0.382  2.88236
0.383  2.88184
0.384  2.88132
0.385  2.88079
0.386  2.88027
0.387  2.87974
0.388  2.87921
0.389  2.87868
0.39  2.87816
0.391  2.87762
0.392  2.87709
0.393  2.87656
0.394  2.87602
0.395  2.87549
0.396  2.87495
0.397  2.87441
0.398  2.87388
0.399  2.87334
0.4  2.87279
0.401  2.87225
0.402  2.87171
0.403  2.87116
0.404  2.87062
0.405  2.87007
0.406  2.86952
0.407  2.86897
0.408  2.86842
0.409  2.86787
0.41  2.86732
0.411  2.86676
0.412  2.86621
0.413  2.86565
0.414  2.86509
0.415  2.86453
0.416  2.86397
0.417  2.86341
0.418  2.86285
0.419  2.86229
0.42  2.86172
0.421  2.86116
0.422  2.86059
0.423  2.86002
0.424  2.85945
0.425  2.85888
0.426  2.85831
0.427  2.85774
0.428  2.85716
0.429  2.85659
0.43  2.85601
0.431  2.85543
0.432  2.85486
0.433  2.85428
0.434  2.8537
0.435  2.85311
0.436  2.85253
0.437  2.85195
0.438  2.85136
0.439  2.85077
0.44  2.85018
0.441  2.8496
0.442  2.849
0.443  2.84841
0.444  2.84782
0.445  2.84723
0.446  2.84663
0.447  2.84604
0.448  2.84544
0.449  2.84484
0.45  2.84424
0.451  2.84364
0.452  2.84304
0.453  2.84243
0.454  2.84183
0.455  2.84122
0.456  2.84061
0.457  2.84001
0.458  2.8394
0.459  2.83879
0.46  2.83818
0.461  2.83756
0.462  2.83695
0.463  2.83633
0.464  2.83572
0.465  2.8351
0.466  2.83448
0.467  2.83386
0.468  2.83324
0.469  2.83262
0.47  2.83199
0.471  2.83137
0.472  2.83074
0.473  2.83012
0.474  2.82949
0.475  2.82886
0.476  2.82823
0.477  2.82759
0.478  2.82696
0.479  2.82633
0.48  2.82569
0.481  2.82505
0.482  2.82442
0.483  2.82378
0.484  2.82314
0.485  2.8225
0.486  2.82185
0.487  2.82121
0.488  2.82056
0.489  2.81992
0.49  2.81927
0.491  2.81862
0.492  2.81797
0.493  2.81732
0.494  2.81667
0.495  2.81601
0.496  2.81536
0.497  2.8147
0.498  2.81405
0.499  2.81339
0.5  2.81273
0.501  2.81207
0.502  2.81141
0.503  2.81074
0.504  2.81008
0.505  2.80941
0.506  2.80875
0.507  2.80808
0.508  2.80741
0.509  2.80674
0.51  2.80607
0.511  2.80539
0.512  2.80472
0.513  2.80405
0.514  2.80337
0.515  2.80269
0.516  2.80201
0.517  2.80133
0.518  2.80065
0.519  2.79997
0.52  2.79928
0.521  2.7986
0.522  2.79791
0.523  2.79723
0.524  2.79654
0.525  2.79585
0.526  2.79516
0.527  2.79446
0.528  2.79377
0.529  2.79308
0.53  2.79238
0.531  2.79168
0.532  2.79098
0.533  2.79028
0.534  2.78958
0.535  2.78888
0.536  2.78818
0.537  2.78747
0.538  2.78677
0.539  2.78606
0.54  2.78535
0.541  2.78464
0.542  2.78393
0.543  2.78322
0.544  2.78251
0.545  2.78179
0.546  2.78108
0.547  2.78036
0.548  2.77964
0.549  2.77892
0.55  2.7782
0.551  2.77748
0.552  2.77676
0.553  2.77603
0.554  2.77531
0.555  2.77458
0.556  2.77385
0.557  2.77313
0.558  2.77239
0.559  2.77166
0.56  2.77093
0.561  2.7702
0.562  2.76946
0.563  2.76872
0.564  2.76799
0.565  2.76725
0.566  2.76651
0.567  2.76577
0.568  2.76502
0.569  2.76428
0.57  2.76353
0.571  2.76279
0.572  2.76204
0.573  2.76129
0.574  2.76054
0.575  2.75979
0.576  2.75903
0.577  2.75828
0.578  2.75753
0.579  2.75677
0.58  2.75601
0.581  2.75525
0.582  2.75449
0.583  2.75373
0.584  2.75297
0.585  2.7522
0.586  2.75144
0.587  2.75067
0.588  2.7499
0.589  2.74913
0.59  2.74836
0.591  2.74759
0.592  2.74682
0.593  2.74605
0.594  2.74527
0.595  2.74449
0.596  2.74372
0.597  2.74294
0.598  2.74216
0.599  2.74137
0.6  2.74059
0.601  2.73981
0.602  2.73902
0.603  2.73823
0.604  2.73745
0.605  2.73666
0.606  2.73587
0.607  2.73507
0.608  2.73428
0.609  2.73349
0.61  2.73269
0.611  2.73189
0.612  2.7311
0.613  2.7303
0.614  2.7295
0.615  2.72869
0.616  2.72789
0.617  2.72709
0.618  2.72628
0.619  2.72547
0.62  2.72466
0.621  2.72385
0.622  2.72304
0.623  2.72223
0.624  2.72142
0.625  2.7206
0.626  2.71979
0.627  2.71897
0.628  2.71815
0.629  2.71733
0.63  2.71651
0.631  2.71569
0.632  2.71486
0.633  2.71404
0.634  2.71321
0.635  2.71238
0.636  2.71156
0.637  2.71073
0.638  2.70989
0.639  2.70906
0.64  2.70823
0.641  2.70739
0.642  2.70655
0.643  2.70572
0.644  2.70488
0.645  2.70404
0.646  2.70319
0.647  2.70235
0.648  2.70151
0.649  2.70066
0.65  2.69981
0.651  2.69897
0.652  2.69812
0.653  2.69726
0.654  2.69641
0.655  2.69556
0.656  2.6947
0.657  2.69385
0.658  2.69299
0.659  2.69213
0.66  2.69127
0.661  2.69041
0.662  2.68955
0.663  2.68868
0.664  2.68782
0.665  2.68695
0.666  2.68608
0.667  2.68521
0.668  2.68434
0.669  2.68347
0.67  2.6826
0.671  2.68172
0.672  2.68085
0.673  2.67997
0.674  2.67909
0.675  2.67821
0.676  2.67733
0.677  2.67645
0.678  2.67556
0.679  2.67468
0.68  2.67379
0.681  2.6729
0.682  2.67201
0.683  2.67112
0.684  2.67023
0.685  2.66934
0.686  2.66844
0.687  2.66755
0.688  2.66665
0.689  2.66575
0.69  2.66485
0.691  2.66395
0.692  2.66305
0.693  2.66215
0.694  2.66124
0.695  2.66033
0.696  2.65943
0.697  2.65852
0.698  2.65761
0.699  2.65669
0.7  2.65578
0.701  2.65487
0.702  2.65395
0.703  2.65303
0.704  2.65211
0.705  2.65119
0.706  2.65027
0.707  2.64935
0.708  2.64843
0.709  2.6475
0.71  2.64658
0.711  2.64565
0.712  2.64472
0.713  2.64379
0.714  2.64285
0.715  2.64192
0.716  2.64099
0.717  2.64005
0.718  2.63911
0.719  2.63817
0.72  2.63723
0.721  2.63629
0.722  2.63535
0.723  2.63441
0.724  2.63346
0.725  2.63251
0.726  2.63156
0.727  2.63061
0.728  2.62966
0.729  2.62871
0.73  2.62776
0.731  2.6268
0.732  2.62585
0.733  2.62489
0.734  2.62393
0.735  2.62297
0.736  2.62201
0.737  2.62104
0.738  2.62008
0.739  2.61911
0.74  2.61814
0.741  2.61717
0.742  2.6162
0.743  2.61523
0.744  2.61426
0.745  2.61328
0.746  2.61231
0.747  2.61133
0.748  2.61035
0.749  2.60937
0.75  2.60839
0.751  2.60741
0.752  2.60642
0.753  2.60544
0.754  2.60445
0.755  2.60346
0.756  2.60247
0.757  2.60148
0.758  2.60049
0.759  2.5995
0.76  2.5985
0.761  2.5975
0.762  2.59651
0.763  2.59551
0.764  2.59451
0.765  2.5935
0.766  2.5925
0.767  2.59149
0.768  2.59049
0.769  2.58948
0.77  2.58847
0.771  2.58746
0.772  2.58645
0.773  2.58543
0.774  2.58442
0.775  2.5834
0.776  2.58239
0.777  2.58137
0.778  2.58035
0.779  2.57932
0.78  2.5783
0.781  2.57728
0.782  2.57625
0.783  2.57522
0.784  2.57419
0.785  2.57316
0.786  2.57213
0.787  2.5711
0.788  2.57006
0.789  2.56902
0.79  2.56799
0.791  2.56695
0.792  2.56591
0.793  2.56487
0.794  2.56382
0.795  2.56278
0.796  2.56173
0.797  2.56068
0.798  2.55963
0.799  2.55858
0.8  2.55753
0.801  2.55648
0.802  2.55542
0.803  2.55437
0.804  2.55331
0.805  2.55225
0.806  2.55119
0.807  2.55013
0.808  2.54906
0.809  2.548
0.81  2.54693
0.811  2.54586
0.812  2.54479
0.813  2.54372
0.814  2.54265
0.815  2.54158
0.816  2.5405
0.817  2.53943
0.818  2.53835
0.819  2.53727
0.82  2.53619
0.821  2.5351
0.822  2.53402
0.823  2.53293
0.824  2.53185
0.825  2.53076
0.826  2.52967
0.827  2.52858
0.828  2.52749
0.829  2.52639
0.83  2.5253
0.831  2.5242
0.832  2.5231
0.833  2.522
0.834  2.5209
0.835  2.51979
0.836  2.51869
0.837  2.51758
0.838  2.51648
0.839  2.51537
0.84  2.51426
0.841  2.51314
0.842  2.51203
0.843  2.51092
0.844  2.5098
0.845  2.50868
0.846  2.50756
0.847  2.50644
0.848  2.50532
0.849  2.50419
0.85  2.50307
0.851  2.50194
0.852  2.50081
0.853  2.49968
0.854  2.49855
0.855  2.49742
0.856  2.49628
0.857  2.49515
0.858  2.49401
0.859  2.49287
0.86  2.49173
0.861  2.49059
0.862  2.48945
0.863  2.4883
0.864  2.48715
0.865  2.48601
0.866  2.48486
0.867  2.48371
0.868  2.48255
0.869  2.4814
0.87  2.48024
0.871  2.47909
0.872  2.47793
0.873  2.47677
0.874  2.4756
0.875  2.47444
0.876  2.47328
0.877  2.47211
0.878  2.47094
0.879  2.46977
0.88  2.4686
0.881  2.46743
0.882  2.46625
0.883  2.46508
0.884  2.4639
0.885  2.46272
0.886  2.46154
0.887  2.46036
0.888  2.45918
0.889  2.45799
0.89  2.45681
0.891  2.45562
0.892  2.45443
0.893  2.45324
0.894  2.45204
0.895  2.45085
0.896  2.44965
0.897  2.44846
0.898  2.44726
0.899  2.44606
0.9  2.44486
0.901  2.44365
0.902  2.44245
0.903  2.44124
0.904  2.44003
0.905  2.43882
0.906  2.43761
0.907  2.4364
0.908  2.43518
0.909  2.43397
0.91  2.43275
0.911  2.43153
0.912  2.43031
0.913  2.42909
0.914  2.42786
0.915  2.42664
0.916  2.42541
0.917  2.42418
0.918  2.42295
0.919  2.42172
0.92  2.42048
0.921  2.41925
0.922  2.41801
0.923  2.41677
0.924  2.41553
0.925  2.41429
0.926  2.41305
0.927  2.4118
0.928  2.41056
0.929  2.40931
0.93  2.40806
0.931  2.40681
0.932  2.40555
0.933  2.4043
0.934  2.40304
0.935  2.40178
0.936  2.40052
0.937  2.39926
0.938  2.398
0.939  2.39674
0.94  2.39547
0.941  2.3942
0.942  2.39293
0.943  2.39166
0.944  2.39039
0.945  2.38912
0.946  2.38784
0.947  2.38656
0.948  2.38528
0.949  2.384
0.95  2.38272
0.951  2.38144
0.952  2.38015
0.953  2.37886
0.954  2.37758
0.955  2.37628
0.956  2.37499
0.957  2.3737
0.958  2.3724
0.959  2.37111
0.96  2.36981
0.961  2.36851
0.962  2.3672
0.963  2.3659
0.964  2.3646
0.965  2.36329
0.966  2.36198
0.967  2.36067
0.968  2.35936
0.969  2.35804
0.97  2.35673
0.971  2.35541
0.972  2.35409
0.973  2.35277
0.974  2.35145
0.975  2.35012
0.976  2.3488
0.977  2.34747
0.978  2.34614
0.979  2.34481
0.98  2.34348
0.981  2.34214
0.982  2.34081
0.983  2.33947
0.984  2.33813
0.985  2.33679
0.986  2.33545
0.987  2.3341
0.988  2.33276
0.989  2.33141
0.99  2.33006
0.991  2.32871
0.992  2.32736
0.993  2.326
0.994  2.32465
0.995  2.32329
0.996  2.32193
0.997  2.32057
0.998  2.3192
0.999  2.31784
1  2.31647
1.001  2.3151
1.002  2.31373
1.003  2.31236
1.004  2.31099
1.005  2.30961
1.006  2.30823
1.007  2.30685
1.008  2.30547
1.009  2.30409
1.01  2.30271
1.011  2.30132
1.012  2.29993
1.013  2.29854
1.014  2.29715
1.015  2.29576
1.016  2.29437
1.017  2.29297
1.018  2.29157
1.019  2.29017
1.02  2.28877
1.021  2.28736
1.022  2.28596
1.023  2.28455
1.024  2.28314
1.025  2.28173
1.026  2.28032
1.027  2.27891
1.028  2.27749
1.029  2.27607
1.03  2.27465
1.031  2.27323
1.032  2.27181
1.033  2.27038
1.034  2.26896
1.035  2.26753
1.036  2.2661
1.037  2.26466
1.038  2.26323
1.039  2.26179
1.04  2.26036
1.041  2.25892
1.042  2.25747
1.043  2.25603
1.044  2.25459
1.045  2.25314
1.046  2.25169
1.047  2.25024
1.048  2.24879
1.049  2.24733
1.05  2.24588
1.051  2.24442
1.052  2.24296
1.053  2.2415
1.054  2.24004
1.055  2.23857
1.056  2.2371
1.057  2.23563
1.058  2.23416
1.059  2.23269
1.06  2.23122
1.061  2.22974
1.062  2.22826
1.063  2.22678
1.064  2.2253
1.065  2.22382
1.066  2.22233
1.067  2.22084
1.068  2.21935
1.069  2.21786
1.07  2.21637
1.071  2.21487
1.072  2.21338
1.073  2.21188
1.074  2.21038
1.075  2.20887
1.076  2.20737
1.077  2.20586
1.078  2.20435
1.079  2.20284
1.08  2.20133
1.081  2.19982
1.082  2.1983
1.083  2.19678
1.084  2.19526
1.085  2.19374
1.086  2.19222
1.087  2.19069
1.088  2.18916
1.089  2.18763
1.09  2.1861
1.091  2.18457
1.092  2.18303
1.093  2.1815
1.094  2.17996
1.095  2.17842
1.096  2.17687
1.097  2.17533
1.098  2.17378
1.099  2.17223
1.1  2.17068
1.101  2.16913
1.102  2.16757
1.103  2.16601
1.104  2.16446
1.105  2.1629
1.106  2.16133
1.107  2.15977
1.108  2.1582
1.109  2.15663
1.11  2.15506
1.111  2.15349
1.112  2.15191
1.113  2.15034
1.114  2.14876
1.115  2.14718
1.116  2.14559
1.117  2.14401
1.118  2.14242
1.119  2.14083
1.12  2.13924
1.121  2.13765
1.122  2.13606
1.123  2.13446
1.124  2.13286
1.125  2.13126
1.126  2.12966
1.127  2.12805
1.128  2.12644
1.129  2.12483
1.13  2.12322
1.131  2.12161
1.132  2.12
1.133  2.11838
1.134  2.11676
1.135  2.11514
1.136  2.11351
1.137  2.11189
1.138  2.11026
1.139  2.10863
1.14  2.107
1.141  2.10537
1.142  2.10373
1.143  2.10209
1.144  2.10045
1.145  2.09881
1.146  2.09717
1.147  2.09552
1.148  2.09387
1.149  2.09222
1.15  2.09057
1.151  2.08891
1.152  2.08726
1.153  2.0856
1.154  2.08394
1.155  2.08227
1.156  2.08061
1.157  2.07894
1.158  2.07727
1.159  2.0756
1.16  2.07392
1.161  2.07225
1.162  2.07057
1.163  2.06889
1.164  2.06721
1.165  2.06552
1.166  2.06383
1.167  2.06215
1.168  2.06045
1.169  2.05876
1.17  2.05707
1.171  2.05537
1.172  2.05367
1.173  2.05197
1.174  2.05026
1.175  2.04856
1.176  2.04685
1.177  2.04514
1.178  2.04342
1.179  2.04171
1.18  2.03999
1.181  2.03827
1.182  2.03655
1.183  2.03483
1.184  2.0331
1.185  2.03137
1.186  2.02964
1.187  2.02791
1.188  2.02617
1.189  2.02443
1.19  2.02269
1.191  2.02095
1.192  2.01921
1.193  2.01746
1.194  2.01571
1.195  2.01396
1.196  2.01221
1.197  2.01045
1.198  2.0087
1.199  2.00694
1.2  2.00517
1.201  2.00341
1.202  2.00164
1.203  1.99987
1.204  1.9981
1.205  1.99633
1.206  1.99455
1.207  1.99277
1.208  1.99099
1.209  1.98921
1.21  1.98742
1.211  1.98564
1.212  1.98385
1.213  1.98205
1.214  1.98026
1.215  1.97846
1.216  1.97666
1.217  1.97486
1.218  1.97306
1.219  1.97125
1.22  1.96944
1.221  1.96763
1.222  1.96582
1.223  1.964
1.224  1.96218
1.225  1.96036
1.226  1.95854
1.227  1.95671
1.228  1.95489
1.229  1.95305
1.23  1.95122
1.231  1.94939
1.232  1.94755
1.233  1.94571
1.234  1.94387
1.235  1.94202
1.236  1.94018
1.237  1.93833
1.238  1.93647
1.239  1.93462
1.24  1.93276
1.241  1.9309
1.242  1.92904
1.243  1.92718
1.244  1.92531
1.245  1.92344
1.246  1.92157
1.247  1.9197
1.248  1.91782
1.249  1.91594
1.25  1.91406
1.251  1.91217
1.252  1.91029
1.253  1.9084
1.254  1.90651
1.255  1.90461
1.256  1.90271
1.257  1.90082
1.258  1.89891
1.259  1.89701
1.26  1.8951
1.261  1.89319
1.262  1.89128
1.263  1.88937
1.264  1.88745
1.265  1.88553
1.266  1.88361
1.267  1.88168
1.268  1.87976
1.269  1.87783
1.27  1.87589
1.271  1.87396
1.272  1.87202
1.273  1.87008
1.274  1.86814
1.275  1.86619
1.276  1.86424
1.277  1.86229
1.278  1.86034
1.279  1.85838
1.28  1.85642
1.281  1.85446
1.282  1.8525
1.283  1.85053
1.284  1.84856
1.285  1.84659
1.286  1.84461
1.287  1.84264
1.288  1.84066
1.289  1.83867
1.29  1.83669
1.291  1.8347
1.292  1.83271
1.293  1.83072
1.294  1.82872
1.295  1.82672
1.296  1.82472
1.297  1.82271
1.298  1.82071
1.299  1.8187
1.3  1.81668
1.301  1.81467
1.302  1.81265
1.303  1.81063
1.304  1.8086
1.305  1.80658
1.306  1.80455
1.307  1.80252
1.308  1.80048
1.309  1.79844
1.31  1.7964
1.311  1.79436
1.312  1.79231
1.313  1.79026
1.314  1.78821
1.315  1.78616
1.316  1.7841
1.317  1.78204
1.318  1.77997
1.319  1.77791
1.32  1.77584
1.321  1.77377
1.322  1.77169
1.323  1.76961
1.324  1.76753
1.325  1.76545
1.326  1.76336
1.327  1.76127
1.328  1.75918
1.329  1.75708
1.33  1.75499
1.331  1.75288
1.332  1.75078
1.333  1.74867
1.334  1.74656
1.335  1.74445
1.336  1.74233
1.337  1.74021
1.338  1.73809
1.339  1.73597
1.34  1.73384
1.341  1.73171
1.342  1.72957
1.343  1.72743
1.344  1.72529
1.345  1.72315
1.346  1.721
1.347  1.71885
1.348  1.7167
1.349  1.71454
1.35  1.71239
1.351  1.71022
1.352  1.70806
1.353  1.70589
1.354  1.70372
1.355  1.70154
1.356  1.69937
1.357  1.69719
1.358  1.695
1.359  1.69282
1.36  1.69062
1.361  1.68843
1.362  1.68623
1.363  1.68404
1.364  1.68183
1.365  1.67963
1.366  1.67742
1.367  1.6752
1.368  1.67299
1.369  1.67077
1.37  1.66855
1.371  1.66632
1.372  1.66409
1.373  1.66186
1.374  1.65962
1.375  1.65739
1.376  1.65514
1.377  1.6529
1.378  1.65065
1.379  1.6484
1.38  1.64614
1.381  1.64388
1.382  1.64162
1.383  1.63936
1.384  1.63709
1.385  1.63481
1.386  1.63254
1.387  1.63026
1.388  1.62798
1.389  1.62569
1.39  1.6234
1.391  1.62111
1.392  1.61881
1.393  1.61651
1.394  1.61421
1.395  1.6119
1.396  1.60959
1.397  1.60728
1.398  1.60496
1.399  1.60264
1.4  1.60032
1.401  1.59799
1.402  1.59566
1.403  1.59333
1.404  1.59099
1.405  1.58865
1.406  1.5863
1.407  1.58395
1.408  1.5816
1.409  1.57924
1.41  1.57688
1.411  1.57452
1.412  1.57215
1.413  1.56978
1.414  1.56741
1.415  1.56503
1.416  1.56265
1.417  1.56026
1.418  1.55787
1.419  1.55548
1.42  1.55308
1.421  1.55068
1.422  1.54828
1.423  1.54587
1.424  1.54346
1.425  1.54104
1.426  1.53862
1.427  1.5362
1.428  1.53377
1.429  1.53134
1.43  1.52891
1.431  1.52647
1.432  1.52403
1.433  1.52158
1.434  1.51913
1.435  1.51668
1.436  1.51422
1.437  1.51176
1.438  1.50929
1.439  1.50682
1.44  1.50435
1.441  1.50187
1.442  1.49939
1.443  1.4969
1.444  1.49441
1.445  1.49192
1.446  1.48942
1.447  1.48692
1.448  1.48441
1.449  1.4819
1.45  1.47939
1.451  1.47687
1.452  1.47435
1.453  1.47182
1.454  1.46929
1.455  1.46675
1.456  1.46422
1.457  1.46167
1.458  1.45912
1.459  1.45657
1.46  1.45402
1.461  1.45146
1.462  1.44889
1.463  1.44632
1.464  1.44375
1.465  1.44117
1.466  1.43859
1.467  1.436
1.468  1.43341
1.469  1.43082
1.47  1.42822
1.471  1.42561
1.472  1.42301
1.473  1.42039
1.474  1.41778
1.475  1.41515
1.476  1.41253
1.477  1.4099
1.478  1.40726
1.479  1.40462
1.48  1.40198
1.481  1.39933
1.482  1.39668
1.483  1.39402
1.484  1.39136
1.485  1.38869
1.486  1.38602
1.487  1.38334
1.488  1.38066
1.489  1.37797
1.49  1.37528
1.491  1.37259
1.492  1.36989
1.493  1.36718
1.494  1.36447
1.495  1.36176
1.496  1.35904
1.497  1.35631
1.498  1.35358
1.499  1.35085
1.5  1.34811
1.501  1.34537
1.502  1.34262
1.503  1.33986
1.504  1.3371
1.505  1.33434
1.506  1.33157
1.507  1.3288
1.508  1.32602
1.509  1.32323
1.51  1.32044
1.511  1.31765
1.512  1.31485
1.513  1.31204
1.514  1.30923
1.515  1.30642
1.516  1.3036
1.517  1.30077
1.518  1.29794
1.519  1.2951
1.52  1.29226
1.521  1.28941
1.522  1.28656
1.523  1.2837
1.524  1.28084
1.525  1.27797
1.526  1.2751
1.527  1.27222
1.528  1.26933
1.529  1.26644
1.53  1.26354
1.531  1.26064
1.532  1.25773
1.533  1.25482
1.534  1.2519
1.535  1.24898
1.536  1.24605
1.537  1.24311
1.538  1.24017
1.539  1.23722
1.54  1.23426
1.541  1.2313
1.542  1.22834
1.543  1.22537
1.544  1.22239
1.545  1.21941
1.546  1.21642
1.547  1.21342
1.548  1.21042
1.549  1.20741
1.55  1.2044
1.551  1.20138
1.552  1.19835
1.553  1.19532
1.554  1.19228
1.555  1.18924
1.556  1.18618
1.557  1.18313
1.558  1.18006
1.559  1.17699
1.56  1.17391
1.561  1.17083
1.562  1.16774
1.563  1.16464
1.564  1.16154
1.565  1.15843
1.566  1.15532
1.567  1.15219
1.568  1.14906
1.569  1.14593
1.57  1.14278
1.571  1.13963
1.572  1.13648
1.573  1.13331
1.574  1.13014
1.575  1.12696
1.576  1.12378
1.577  1.12059
1.578  1.11739
1.579  1.11418
1.58  1.11097
1.581  1.10775
1.582  1.10452
1.583  1.10128
1.584  1.09804
1.585  1.09479
1.586  1.09153
1.587  1.08827
1.588  1.085
1.589  1.08172
1.59  1.07843
1.591  1.07513
1.592  1.07183
1.593  1.06852
1.594  1.0652
1.595  1.06187
1.596  1.05854
1.597  1.0552
1.598  1.05185
1.599  1.04849
1.6  1.04512
1.601  1.04175
1.602  1.03837
1.603  1.03498
1.604  1.03158
1.605  1.02817
1.606  1.02475
1.607  1.02133
1.608  1.0179
1.609  1.01445
1.61  1.011
1.611  1.00754
1.612  1.00408
1.613  1.0006
1.614  0.997115
1.615  0.993621
1.616  0.990117
1.617  0.986605
1.618  0.983083
1.619  0.979553
1.62  0.976013
1.621  0.972463
1.622  0.968905
1.623  0.965337
1.624  0.961759
1.625  0.958172
1.626  0.954575
1.627  0.950968
1.628  0.947351
1.629  0.943725
1.63  0.940089
1.631  0.936442
1.632  0.932786
1.633  0.929119
1.634  0.925442
1.635  0.921755
1.636  0.918057
1.637  0.914349
1.638  0.91063
1.639  0.9069
1.64  0.90316
1.641  0.899409
1.642  0.895646
1.643  0.891873
1.644  0.888089
1.645  0.884293
1.646  0.880486
1.647  0.876668
1.648  0.872838
1.649  0.868996
1.65  0.865143
1.651  0.861278
1.652  0.857401
1.653  0.853512
1.654  0.849611
1.655  0.845697
1.656  0.841771
1.657  0.837833
1.658  0.833882
1.659  0.829919
1.66  0.825942
1.661  0.821953
1.662  0.81795
1.663  0.813934
1.664  0.809905
1.665  0.805863
1.666  0.801807
1.667  0.797737
1.668  0.793653
1.669  0.789555
1.67  0.785443
1.671  0.781317
1.672  0.777176
1.673  0.773021
1.674  0.768851
1.675  0.764666
1.676  0.760465
1.677  0.75625
1.678  0.752019
1.679  0.747773
1.68  0.743511
1.681  0.739232
1.682  0.734938
1.683  0.730628
1.684  0.7263
1.685  0.721957
1.686  0.717596
1.687  0.713218
1.688  0.708823
1.689  0.70441
1.69  0.69998
1.691  0.695531
1.692  0.691065
1.693  0.68658
1.694  0.682076
1.695  0.677554
1.696  0.673012
1.697  0.668451
1.698  0.66387
1.699  0.659269
1.7  0.654648
1.701  0.650007
1.702  0.645345
1.703  0.640661
1.704  0.635956
1.705  0.63123
1.706  0.626481
1.707  0.621711
1.708  0.616917
1.709  0.6121
1.71  0.60726
1.711  0.602397
1.712  0.597509
1.713  0.592596
1.714  0.587659
1.715  0.582696
1.716  0.577708
1.717  0.572693
1.718  0.567651
1.719  0.562583
1.72  0.557486
1.721  0.552362
1.722  0.547209
1.723  0.542027
1.724  0.536815
1.725  0.531572
1.726  0.526299
1.727  0.520995
1.728  0.515658
1.729  0.510288
1.73  0.504885
1.731  0.499448
1.732  0.493975
1.733  0.488467
1.734  0.482923
1.735  0.477341
1.736  0.471721
1.737  0.466062
1.738  0.460363
1.739  0.454623
1.74  0.448841
1.741  0.443016
1.742  0.437147
1.743  0.431233
1.744  0.425271
1.745  0.419262
1.746  0.413204
1.747  0.407095
1.748  0.400934
1.749  0.394719
1.75  0.388448
1.751  0.382121
1.752  0.375734
1.753  0.369286
1.754  0.362776
1.755  0.3562
1.756  0.349556
1.757  0.342842
1.758  0.336054
1.759  0.329191
1.76  0.322249
1.761  0.315225
1.762  0.308115
1.763  0.300915
1.764  0.29362
1.765  0.286227
1.766  0.278731
1.767  0.271125
1.768  0.263404
1.769  0.255561
1.77  0.247589
1.771  0.23948
1.772  0.231224
1.773  0.222811
1.774  0.214231
1.775  0.205468
1.776  0.196509
1.777  0.187336
1.778  0.177929
1.779  0.168262
1.78  0.158308
1.781  0.14803
1.782  0.137385
1.783  0.126319
1.784  0.114758
1.785  0.102607
1.786  0.0897306
1.787  0.0759281
1.788  0.0608776
1.789  0.0439984
1.79  0.0241052
1.791  0.0151875
1.792  0.0511737
1.793  0.084255
1.794  0.116202
1.795  0.147538
1.796  0.178491
1.797  0.209179
1.798  0.239672
1.799  0.270016
1.8  0.300242
1.801  0.330373
1.802  0.360424
1.803  0.390408
1.804  0.420335
1.805  0.450212
1.806  0.480047
1.807  0.509843
1.808  0.539606
1.809  0.569339
1.81  0.599045
1.811  0.628726
1.812  0.658385
1.813  0.688024
1.814  0.717644
1.815  0.747247
1.816  0.776835
1.817  0.806408
1.818  0.835967
1.819  0.865514
1.82  0.89505
1.821  0.924574
1.822  0.954088
1.823  0.983593
1.824  1.01309
1.825  1.04258
1.826  1.07206
1.827  1.10153
1.828  1.13099
1.829  1.16045
1.83  1.1899
1.831  1.21935
1.832  1.24879
1.833  1.27822
1.834  1.30765
1.835  1.33707
1.836  1.36649
1.837  1.39591
1.838  1.42532
1.839  1.45472
1.84  1.48413
1.841  1.51353
1.842  1.54292
1.843  1.57231
1.844  1.6017
1.845  1.63109
1.846  1.66047
1.847  1.68985
1.848  1.71923
1.849  1.7486
1.85  1.77797
1.851  1.80734
1.852  1.83671
1.853  1.86607
1.854  1.89543
1.855  1.92479
1.856  1.95415
1.857  1.98351
1.858  2.01286
1.859  2.01502
1.86  1.99878
1.861  1.98258
1.862  1.9664
1.863  1.95024
1.864  1.93411
1.865  1.91801
1.866  1.90193
1.867  1.88589
1.868  1.86987
1.869  1.85388
1.87  1.83793
1.871  1.822
1.872  1.80611
1.873  1.79025
1.874  1.77442
1.875  1.75863
1.876  1.74288
1.877  1.72716
1.878  1.71148
1.879  1.69583
1.88  1.68023
1.881  1.66467
1.882  1.64915
1.883  1.63368
1.884  1.61824
1.885  1.60286
1.886  1.58752
1.887  1.57223
1.888  1.55699
1.889  1.5418
1.89  1.52667
1.891  1.51158
1.892  1.49656
1.893  1.48159
1.894  1.46669
1.895  1.45184
1.896  1.43706
1.897  1.42234
1.898  1.4077
1.899  1.39312
1.9  1.37861
1.901  1.36418
1.902  1.34983
1.903  1.33555
1.904  1.32136
1.905  1.30725
1.906  1.29322
1.907  1.27929
1.908  1.26545
1.909  1.25171
1.91  1.23807
1.911  1.22453
1.912  1.2111
1.913  1.19778
1.914  1.18457
1.915  1.17148
1.916  1.15851
1.917  1.14567
1.918  1.13296
1.919  1.12038
1.92  1.10794
1.921  1.09565
1.922  1.08351
1.923  1.07152
1.924  1.05969
1.925  1.04802
1.926  1.03653
1.927  1.02522
1.928  1.01408
1.929  1.00314
1.93  0.992387
1.931  0.98184
1.932  0.9715
1.933  0.961376
1.934  0.951473
1.935  0.9418
1.936  0.932363
1.937  0.92317
1.938  0.914228
1.939  0.905545
1.94  0.897127
1.941  0.888984
1.942  0.881122
1.943  0.873549
1.944  0.866273
1.945  0.859302
1.946  0.852642
1.947  0.846302
1.948  0.840289
1.949  0.83461
1.95  0.829271
1.951  0.82428
1.952  0.819642
1.953  0.815365
1.954  0.811454
1.955  0.807913
1.956  0.804749
1.957  0.801965
1.958  0.799566
1.959  0.797554
1.96  0.795934
1.961  0.794707
1.962  0.793875
1.963  0.79344
1.964  0.793402
1.965  0.793762
1.966  0.794518
1.967  0.795669
1.968  0.797215
1.969  0.799152
1.97  0.801477
1.971  0.804188
1.972  0.80728
1.973  0.810749
1.974  0.81459
1.975  0.818798
1.976  0.823367
1.977  0.828291
1.978  0.833564
1.979  0.839179
1.98  0.845129
1.981  0.851407
1.982  0.858006
1.983  0.864919
1.984  0.872137
1.985  0.879654
1.986  0.887461
1.987  0.895551
1.988  0.903917
1.989  0.91255
1.99  0.921443
1.991  0.930589
1.992  0.93998
1.993  0.949608
1.994  0.959467
1.995  0.969549
1.996  0.979848
1.997  0.990356
1.998  1.00107
1.999  1.01198
2  1.02307
2.001  1.03435
2.002  1.04581
2.003  1.05744
2.004  1.06924
2.005  1.0812
2.006  1.09331
2.007  1.10558
2.008  1.11799
2.009  1.13054
2.01  1.14322
2.011  1.15604
2.012  1.16898
2.013  1.18205
2.014  1.19523
2.015  1.20853
2.016  1.22194
2.017  1.23546
2.018  1.24908
2.019  1.2628
2.02  1.27662
2.021  1.29053
2.022  1.30454
2.023  1.31863
2.024  1.3328
2.025  1.34706
2.026  1.3614
2.027  1.37581
2.028  1.3903
2.029  1.40486
2.03  1.41949
2.031  1.43419
2.032  1.44896
2.033  1.46379
2.034  1.47868
2.035  1.49363
2.036  1.50864
2.037  1.5237
2.038  1.53882
2.039  1.554
2.04  1.56922
2.041  1.5845
2.042  1.59982
2.043  1.61519
2.044  1.63061
2.045  1.64607
2.046  1.66157
2.047  1.67712
2.048  1.6927
2.049  1.70833
2.05  1.724
2.051  1.7397
2.052  1.75544
2.053  1.77121
2.054  1.78702
2.055  1.80286
2.056  1.81874
2.057  1.83465
2.058  1.85058
2.059  1.86655
2.06  1.88255
2.061  1.89858
2.062  1.91463
2.063  1.93071
2.064  1.94682
2.065  1.96295
2.066  1.97911
2.067  1.9953
2.068  2.01151
2.069  2.02774
2.07  2.04399
2.071  2.06027
2.072  2.07656
2.073  2.09288
2.074  2.10922
2.075  2.12558
2.076  2.14196
2.077  2.15836
2.078  2.17478
2.079  2.19122
2.08  2.20767
2.081  2.22414
2.082  2.24063
2.083  2.25714
2.084  2.27366
2.085  2.2902
2.086  2.30675
2.087  2.32332
2.088  2.33991
2.089  2.35651
2.09  2.37312
2.091  2.38975
2.092  2.40639
2.093  2.42304
2.094  2.43971
2.095  2.45639
2.096  2.47309
2.097  2.48979
2.098  2.50651
2.099  2.52324
2.1  2.53998
2.101  2.55674
2.102  2.5735
2.103  2.59028
2.104  2.60706
2.105  2.62386
2.106  2.64067
2.107  2.65748
2.108  2.67431
2.109  2.69115
2.11  2.70799
2.111  2.72485
2.112  2.74171
2.113  2.75859
2.114  2.77547
2.115  2.79236
2.116  2.80926
2.117  2.82617
2.118  2.84309
2.119  2.86001
2.12  2.87695
2.121  2.89389
2.122  2.91083
2.123  2.92779
2.124  2.94475
2.125  2.96172
2.126  2.9787
2.127  2.99568
2.128  3.01268
2.129  3.02967
2.13  3.04668
2.131  3.06369
2.132  3.08071
2.133  3.09773
2.134  3.11476
2.135  3.1318
2.136  3.14884
2.137  3.16589
2.138  3.18294
2.139  3.2
2.14  3.21706
2.141  3.23413
2.142  3.25121
2.143  3.26829
2.144  3.28538
2.145  3.30247
2.146  3.31957
2.147  3.33667
2.148  3.35377
2.149  3.37089
2.15  3.388
2.151  3.40512
2.152  3.42225
2.153  3.43938
2.154  3.45651
2.155  3.47365
2.156  3.49079
2.157  3.50794
2.158  3.52509
2.159  3.54225
2.16  3.55941
2.161  3.57657
2.162  3.59374
2.163  3.61091
2.164  3.62809
2.165  3.64527
2.166  3.66245
2.167  3.67964
2.168  3.69683
2.169  3.71402
2.17  3.73122
2.171  3.74842
2.172  3.76563
2.173  3.78284
2.174  3.80005
2.175  3.81726
2.176  3.83448
2.177  3.8517
2.178  3.86892
2.179  3.88615
2.18  3.90338
2.181  3.92061
2.182  3.93785
2.183  3.95509
2.184  3.97233
2.185  3.98958
2.186  4.00683
2.187  4.02408
2.188  4.04133
2.189  4.05859
2.19  4.07584
2.191  4.09311
2.192  4.11037
2.193  4.12764
2.194  4.14491
2.195  4.16218
2.196  4.17945
2.197  4.19673
2.198  4.21401
2.199  4.23129
2.2  4.24857
2.201  4.26586
2.202  4.28315
2.203  4.30044
2.204  4.31773
2.205  4.33502
2.206  4.35232
2.207  4.36962
2.208  4.38692
2.209  4.40423
2.21  4.42153
2.211  4.43884
2.212  4.45615
2.213  4.47346
2.214  4.49078
2.215  4.50809
2.216  4.52541
2.217  4.54273
2.218  4.56005
2.219  4.57737
2.22  4.5947
2.221  4.61202
2.222  4.62935
2.223  4.64668
2.224  4.66402
2.225  4.68135
2.226  4.69869
2.227  4.71602
2.228  4.73336
2.229  4.7507
2.23  4.76805
2.231  4.78539
2.232  4.80274
2.233  4.82008
2.234  4.83743
2.235  4.85478
2.236  4.87213
2.237  4.88949
2.238  4.90684
2.239  4.9242
2.24  4.94156
2.241  4.95891
2.242  4.97628
2.243  4.99364
2.244  5.011
2.245  5.02837
2.246  5.04573
2.247  5.0631
2.248  5.08047
2.249  5.09784
2.25  5.11521
2.251  5.13258
2.252  5.14996
2.253  5.16733
2.254  5.18471
2.255  5.20209
2.256  5.21947
2.257  5.23685
2.258  5.25423
2.259  5.27161
2.26  5.289
2.261  5.30638
2.262  5.32377
2.263  5.34116
2.264  5.35854
2.265  5.37593
2.266  5.39333
2.267  5.41072
2.268  5.42811
2.269  5.4455
2.27  5.4629
2.271  5.4803
2.272  5.49769
2.273  5.51509
2.274  5.53249
2.275  5.54989
2.276  5.56729
2.277  5.5847
2.278  5.6021
2.279  5.6195
2.28  5.63691
2.281  5.65432
2.282  5.67172
2.283  5.68913
2.284  5.70654
2.285  5.72395
2.286  5.74136
2.287  5.75877
2.288  5.77619
2.289  5.7936
2.29  5.81102
2.291  5.82843
2.292  5.84585
2.293  5.86326
2.294  5.88068
2.295  5.8981
2.296  5.91552
2.297  5.93294
2.298  5.95036
2.299  5.96779
2.3  5.98521
2.301  6.00263
2.302  6.02006
2.303  6.03748
2.304  6.05491
2.305  6.07234
2.306  6.08976
2.307  6.10719
2.308  6.12462
2.309  6.14205
2.31  6.15948
2.311  6.17691
2.312  6.19434
2.313  6.21178
2.314  6.22921
2.315  6.24665
2.316  6.26408
2.317  6.28152
2.318  6.29895
2.319  6.31639
2.32  6.33383
2.321  6.35127
2.322  6.3687
2.323  6.38614
2.324  6.40358
2.325  6.42103
2.326  6.43847
2.327  6.45591
2.328  6.47335
2.329  6.4908
2.33  6.50824
2.331  6.52568
2.332  6.54313
2.333  6.56058
2.334  6.57802
2.335  6.59547
2.336  6.61292
2.337  6.63037
2.338  6.64781
2.339  6.66526
2.34  6.68271
2.341  6.70016
2.342  6.71762
2.343  6.73507
2.344  6.75252
2.345  6.76997
2.346  6.78743
2.347  6.80488
2.348  6.82233
2.349  6.83979
2.35  6.85724
2.351  6.8747
2.352  6.89216
2.353  6.90961
2.354  6.92707
2.355  6.94453
2.356  6.96199
2.357  6.97945
2.358  6.99691
2.359  7.01437
2.36  7.03183
2.361  7.04929
2.362  7.06675
2.363  7.08421
2.364  7.10167
2.365  7.11914
2.366  7.1366
2.367  7.15406
2.368  7.17153
2.369  7.18899
2.37  7.20646
2.371  7.22392
2.372  7.24139
2.373  7.25886
2.374  7.27632
2.375  7.29379
2.376  7.31126
2.377  7.32873
2.378  7.3462
2.379  7.36367
2.38  7.38113
2.381  7.3986
2.382  7.41607
2.383  7.43355
2.384  7.45102
2.385  7.46849
2.386  7.48596
2.387  7.50343
2.388  7.52091
2.389  7.53838
2.39  7.55585
2.391  7.57333
2.392  7.5908
2.393  7.60827
2.394  7.62575
2.395  7.64323
2.396  7.6607
2.397  7.67818
2.398  7.69565
2.399  7.71313
2.4  7.73061
2.401  7.74809
2.402  7.76556
2.403  7.78304
2.404  7.80052
2.405  7.818
2.406  7.83548
2.407  7.85296
2.408  7.87044
2.409  7.88792
2.41  7.9054
2.411  7.92288
2.412  7.94036
2.413  7.95784
2.414  7.97533
2.415  7.99281
2.416  8.01029
2.417  8.02777
2.418  8.04526
2.419  8.06274
2.42  8.08022
2.421  8.09771
2.422  8.11519
2.423  8.13268
2.424  8.15016
2.425  8.16765
2.426  8.18513
2.427  8.20262
2.428  8.22011
2.429  8.23759
2.43  8.25508
2.431  8.27257
2.432  8.29006
2.433  8.30754
2.434  8.32503
2.435  8.34252
2.436  8.36001
2.437  8.3775
2.438  8.39499
2.439  8.41248
2.44  8.42997
2.441  8.44746
2.442  8.46495
2.443  8.48244
2.444  8.49993
2.445  8.51742
2.446  8.53491
2.447  8.5524
2.448  8.56989
2.449  8.58739
2.45  8.60488
2.451  8.62237
2.452  8.63986
2.453  8.65736
2.454  8.67485
2.455  8.69235
2.456  8.70984
2.457  8.72733
2.458  8.74483
2.459  8.76232
2.46  8.77982
2.461  8.79731
2.462  8.81481
2.463  8.8323
2.464  8.8498
2.465  8.8673
2.466  8.88479
2.467  8.90229
2.468  8.91979
2.469  8.93728
2.47  8.95478
2.471  8.97228
2.472  8.98978
2.473  9.00727
2.474  9.02477
2.475  9.04227
2.476  9.05977
2.477  9.07727
2.478  9.09477
2.479  9.11227
2.48  9.12977
2.481  9.14727
2.482  9.16477
2.483  9.18227
2.484  9.19977
2.485  9.21727
2.486  9.23477
2.487  9.25227
2.488  9.26977
2.489  9.28727
2.49  9.30477
2.491  9.32227
2.492  9.33978
2.493  9.35728
2.494  9.37478
2.495  9.39228
2.496  9.40979
2.497  9.42729
2.498  9.44479
2.499  9.4623
2.5  9.4798
2.501  9.4973
2.502  9.51481
2.503  9.53231
2.504  9.54982
2.505  9.56732
2.506  9.58482
2.507  9.60233
2.508  9.61983
2.509  9.63734
2.51  9.65485
2.511  9.67235
2.512  9.68986
2.513  9.70736
2.514  9.72487
2.515  9.74238
2.516  9.75988
2.517  9.77739
2.518  9.7949
2.519  9.8124
2.52  9.82991
2.521  9.84742
2.522  9.86492
2.523  9.88243
2.524  9.89994
2.525  9.91745
2.526  9.93496
2.527  9.95246
2.528  9.96997
2.529  9.98748
2.53  10.005
2.531  10.0225
2.532  10.04
2.533  10.0575
2.534  10.075
2.535  10.0925
2.536  10.11
2.537  10.1276
2.538  10.1451
2.539  10.1626
2.54  10.1801
2.541  10.1976
2.542  10.2151
2.543  10.2326
2.544  10.2501
2.545  10.2676
2.546  10.2852
2.547  10.3027
2.548  10.3202
2.549  10.3377
2.55  10.3552
2.551  10.3727
2.552  10.3902
2.553  10.4077
2.554  10.4252
2.555  10.4428
2.556  10.4603
2.557  10.4778
2.558  10.4953
2.559  10.5128
2.56  10.5303
2.561  10.5478
2.562  10.5654
2.563  10.5829
2.564  10.6004
2.565  10.6179
2.566  10.6354
2.567  10.6529
2.568  10.6704
2.569  10.688
2.57  10.7055
2.571  10.723
2.572  10.7405
2.573  10.758
2.574  10.7755
2.575  10.793
2.576  10.8106
2.577  10.8281
2.578  10.8456
2.579  10.8631
2.58  10.8806
2.581  10.8981
2.582  10.9157
2.583  10.9332
2.584  10.9507
2.585  10.9682
2.586  10.9857
2.587  11.0032
2.588  11.0208
2.589  11.0383
2.59  11.0558
2.591  11.0733
2.592  11.0908
2.593  11.1083
2.594  11.1259
2.595  11.1434
2.596  11.1609
2.597  11.1784
2.598  11.1959
2.599  11.2134
2.6  11.231
2.601  11.2485
2.602  11.266
2.603  11.2835
2.604  11.301
2.605  11.3186
2.606  11.3361
2.607  11.3536
2.608  11.3711
2.609  11.3886
2.61  11.4062
2.611  11.4237
2.612  11.4412
2.613  11.4587
2.614  11.4762
2.615  11.4937
2.616  11.5113
2.617  11.5288
2.618  11.5463
2.619  11.5638
2.62  11.5814
2.621  11.5989
2.622  11.6164
2.623  11.6339
2.624  11.6514
2.625  11.669
2.626  11.6865
2.627  11.704
2.628  11.7215
2.629  11.739
2.63  11.7566
2.631  11.7741
2.632  11.7916
2.633  11.8091
2.634  11.8266
2.635  11.8442
2.636  11.8617
2.637  11.8792
2.638  11.8967
2.639  11.9143
2.64  11.9318
2.641  11.9493
2.642  11.9668
2.643  11.9843
2.644  12.0019
2.645  12.0194
2.646  12.0369
2.647  12.0544
2.648  12.072
2.649  12.0895
2.65  12.107
2.651  12.1245
2.652  12.1421
2.653  12.1596
2.654  12.1771
2.655  12.1946
2.656  12.2121
2.657  12.2297
2.658  12.2472
2.659  12.2647
2.66  12.2822
2.661  12.2998
2.662  12.3173
2.663  12.3348
2.664  12.3523
2.665  12.3699
2.666  12.3874
2.667  12.4049
2.668  12.4224
2.669  12.44
2.67  12.4575
2.671  12.475
2.672  12.4925
2.673  12.5101
2.674  12.5276
2.675  12.5451
2.676  12.5626
2.677  12.5802
2.678  12.5977
2.679  12.6152
2.68  12.6327
2.681  12.6503
2.682  12.6678
2.683  12.6853
2.684  12.7029
2.685  12.7204
2.686  12.7379
2.687  12.7554
2.688  12.773
2.689  12.7905
2.69  12.808
2.691  12.8255
2.692  12.8431
2.693  12.8606
2.694  12.8781
2.695  12.8956
2.696  12.9132
2.697  12.9307
2.698  12.9482
2.699  12.9658
2.7  12.9833
2.701  13.0008
2.702  13.0183
2.703  13.0359
2.704  13.0534
2.705  13.0709
2.706  13.0884
2.707  13.106
2.708  13.1235
2.709  13.141
2.71  13.1586
2.711  13.1761
2.712  13.1936
2.713  13.2111
2.714  13.2287
2.715  13.2462
2.716  13.2637
2.717  13.2813
2.718  13.2988
2.719  13.3163
2.72  13.3338
2.721  13.3514
2.722  13.3689
2.723  13.3864
2.724  13.404
2.725  13.4215
2.726  13.439
2.727  13.4565
2.728  13.4741
2.729  13.4916
2.73  13.5091
2.731  13.5267
2.732  13.5442
2.733  13.5617
2.734  13.5792
2.735  13.5968
2.736  13.6143
2.737  13.6318
2.738  13.6494
2.739  13.6669
2.74  13.6844
2.741  13.702
2.742  13.7195
2.743  13.737
2.744  13.7545
2.745  13.7721
2.746  13.7896
2.747  13.8071
2.748  13.8247
2.749  13.8422
2.75  13.8597
2.751  13.8773
2.752  13.8948
2.753  13.9123
2.754  13.9299
2.755  13.9474
2.756  13.9649
2.757  13.9824
2.758  14
2.759  14.0175
2.76  14.035
2.761  14.0526
2.762  14.0701
2.763  14.0876
2.764  14.1052
2.765  14.1227
2.766  14.1402
2.767  14.1578
2.768  14.1753
2.769  14.1928
2.77  14.2104
2.771  14.2279
2.772  14.2454
2.773  14.2629
2.774  14.2805
2.775  14.298
2.776  14.3155
2.777  14.3331
2.778  14.3506
2.779  14.3681
2.78  14.3857
2.781  14.4032
2.782  14.4207
2.783  14.4383
2.784  14.4558
2.785  14.4733
2.786  14.4909
2.787  14.5084
2.788  14.5259
2.789  14.5435
2.79  14.561
2.791  14.5785
2.792  14.5961
2.793  14.6136
2.794  14.6311
2.795  14.6487
2.796  14.6662
2.797  14.6837
2.798  14.7013
2.799  14.7188
2.8  14.7363
2.801  14.7528
2.802  14.7643
2.803  14.7758
2.804  14.7874
2.805  14.7989
2.806  14.8105
2.807  14.822
2.808  14.8336
2.809  14.8451
2.81  14.8566
2.811  14.8682
2.812  14.8797
2.813  14.8913
2.814  14.9028
2.815  14.9144
2.816  14.9259
2.817  14.9374
2.818  14.949
2.819  14.9605
2.82  14.9721
2.821  14.9836
2.822  14.9952
2.823  15.0067
2.824  15.0182
2.825  15.0298
2.826  15.0413
2.827  15.0529
2.828  15.0644
2.829  15.076
2.83  15.0875
2.831  15.0991
2.832  15.1106
2.833  15.1221
2.834  15.1337
2.835  15.1452
2.836  15.1568
2.837  15.1683
2.838  15.1799
2.839  15.1914
2.84  15.2029
2.841  15.2145
2.842  15.226
2.843  15.2376
2.844  15.2491
2.845  15.2607
2.846  15.2722
2.847  15.2837
2.848  15.2953
2.849  15.3068
2.85  15.3184
2.851  15.3299
2.852  15.3415
2.853  15.353
2.854  15.3646
2.855  15.3761
2.856  15.3876
2.857  15.3992
2.858  15.4107
2.859  15.4223
2.86  15.4338
2.861  15.4454
2.862  15.4569
2.863  15.4685
2.864  15.48
2.865  15.4915
2.866  15.5031
2.867  15.5146
2.868  15.5262
2.869  15.5377
2.87  15.5493
2.871  15.5608
2.872  15.5724
2.873  15.5839
2.874  15.5954
2.875  15.607
2.876  15.6185
2.877  15.6301
2.878  15.6416
2.879  15.6532
2.88  15.6647
2.881  15.6763
2.882  15.6878
2.883  15.6993
2.884  15.7109
2.885  15.7224
2.886  15.734
2.887  15.7455
2.888  15.7571
2.889  15.7686
2.89  15.7802
2.891  15.7917
2.892  15.8033
2.893  15.8148
2.894  15.8263
2.895  15.8379
2.896  15.8494
2.897  15.861
2.898  15.8725
2.899  15.8841
2.9  15.8956
2.901  15.9072
2.902  15.9187
2.903  15.9303
2.904  15.9418
2.905  15.9533
2.906  15.9649
2.907  15.9764
2.908  15.988
2.909  15.9995
2.91  16.0111
2.911  16.0226
2.912  16.0342
2.913  16.0457
2.914  16.0573
2.915  16.0688
2.916  16.0803
2.917  16.0919
2.918  16.1034
2.919  16.115
2.92  16.1265
2.921  16.1381
2.922  16.1496
2.923  16.1612
2.924  16.1727
2.925  16.1843
2.926  16.1958
2.927  16.2073
2.928  16.2189
2.929  16.2304
2.93  16.242
2.931  16.2535
2.932  16.2651
2.933  16.2766
2.934  16.2882
2.935  16.2997
2.936  16.3113
2.937  16.3228
2.938  16.3344
2.939  16.3459
2.94  16.3574
2.941  16.369
2.942  16.3805
2.943  16.3921
2.944  16.4036
2.945  16.4152
2.946  16.4267
2.947  16.4383
2.948  16.4498
2.949  16.4614
2.95  16.4729
2.951  16.4845
2.952  16.496
2.953  16.5075
2.954  16.5191
2.955  16.5306
2.956  16.5422
2.957  16.5537
2.958  16.5653
2.959  16.5768
2.96  16.5884
2.961  16.5999
2.962  16.6115
2.963  16.623
2.964  16.6346
2.965  16.6461
2.966  16.6577
2.967  16.6692
2.968  16.6807
2.969  16.6923
2.97  16.7038
2.971  16.7154
2.972  16.7269
2.973  16.7385
2.974  16.75
2.975  16.7616
2.976  16.7731
2.977  16.7847
2.978  16.7962
2.979  16.8078
2.98  16.8193
2.981  16.8309
2.982  16.8424
2.983  16.8539
2.984  16.8655
2.985  16.877
2.986  16.8886
2.987  16.9001
2.988  16.9117
2.989  16.9232
2.99  16.9348
2.991  16.9463
2.992  16.9579
2.993  16.9694
2.994  16.981
2.995  16.9925
2.996  17.0041
2.997  17.0156
2.998  17.0272
2.999  17.0387
3  17.0502
3.001  17.0618
3.002  17.0733
3.003  17.0849
3.004  17.0964
3.005  17.108
3.006  17.1195
3.007  17.1311
3.008  17.1426
3.009  17.1542
3.01  17.1657
3.011  17.1773
3.012  17.1888
3.013  17.2004
3.014  17.2119
3.015  17.2235
3.016  17.235
3.017  17.2466
3.018  17.2581
3.019  17.2697
3.02  17.2812
3.021  17.2927
3.022  17.3043
3.023  17.3158
3.024  17.3274
3.025  17.3389
3.026  17.3505
3.027  17.362
3.028  17.3736
3.029  17.3851
3.03  17.3967
3.031  17.4082
3.032  17.4198
3.033  17.4313
3.034  17.4429
3.035  17.4544
3.036  17.466
3.037  17.4775
3.038  17.4891
3.039  17.5006
3.04  17.5122
3.041  17.5237
3.042  17.5353
3.043  17.5468
3.044  17.5583
3.045  17.5699
3.046  17.5814
3.047  17.593
3.048  17.6045
3.049  17.6161
3.05  17.6276
3.051  17.6392
3.052  17.6507
3.053  17.6623
3.054  17.6738
3.055  17.6854
3.056  17.6969
3.057  17.7085
3.058  17.72
3.059  17.7316
3.06  17.7431
3.061  17.7547
3.062  17.7662
3.063  17.7778
3.064  17.7893
3.065  17.8009
3.066  17.8124
3.067  17.824
3.068  17.8355
3.069  17.8471
3.07  17.8586
3.071  17.8701
3.072  17.8817
3.073  17.8932
3.074  17.9048
3.075  17.9163
3.076  17.9279
3.077  17.9394
3.078  17.951
3.079  17.9625
3.08  17.9741
3.081  17.9856
3.082  17.9972
3.083  18.0087
3.084  18.0203
3.085  18.0318
3.086  18.0434
3.087  18.0549
3.088  18.0665
3.089  18.078
3.09  18.0896
3.091  18.1011
3.092  18.1127
3.093  18.1242
3.094  18.1358
3.095  18.1473
3.096  18.1589
3.097  18.1704
3.098  18.182
3.099  18.1935
3.1  18.2051
3.101  18.2166
3.102  18.2282
3.103  18.2397
3.104  18.2513
3.105  18.2628
3.106  18.2743
3.107  18.2859
3.108  18.2974
3.109  18.309
3.11  18.3205
3.111  18.3321
3.112  18.3436
3.113  18.3552
3.114  18.3667
3.115  18.3783
3.116  18.3898
3.117  18.4014
3.118  18.4129
3.119  18.4245
3.12  18.436
3.121  18.4476
3.122  18.4591
3.123  18.4707
3.124  18.4822
3.125  18.4938
3.126  18.5053
3.127  18.5169
3.128  18.5284
3.129  18.54
3.13  18.5515
3.131  18.5631
3.132  18.5746
3.133  18.5862
3.134  18.5977
3.135  18.6093
3.136  18.6208
3.137  18.6324
3.138  18.6439
3.139  18.6555
3.14  18.667
3.141  18.6786
3.142  18.6901
3.143  18.7017
3.144  18.7132
3.145  18.7248
3.146  18.7363
3.147  18.7479
3.148  18.7594
3.149  18.771
3.15  18.7825
3.151  18.7941
3.152  18.8056
3.153  18.8172
3.154  18.8287
3.155  18.8403
3.156  18.8518
3.157  18.8634
3.158  18.8749
3.159  18.8865
3.16  18.898
3.161  18.9096
3.162  18.9211
3.163  18.9326
3.164  18.9442
3.165  18.9557
3.166  18.9673
3.167  18.9788
3.168  18.9904
3.169  19.0019
3.17  19.0135
3.171  19.025
3.172  19.0366
3.173  19.0481
3.174  19.0597
3.175  19.0712
3.176  19.0828
3.177  19.0943
3.178  19.1059
3.179  19.1174
3.18  19.129
3.181  19.1405
3.182  19.1521
3.183  19.1636
3.184  19.1752
3.185  19.1867
3.186  19.1983
3.187  19.2098
3.188  19.2214
3.189  19.2329
3.19  19.2445
3.191  19.256
3.192  19.2676
3.193  19.2791
3.194  19.2907
3.195  19.3022
3.196  19.3138
3.197  19.3253
3.198  19.3369
3.199  19.3484
3.2  19.36
3.201  19.3715
3.202  19.3831
3.203  19.3946
3.204  19.4062
3.205  19.4177
3.206  19.4293
3.207  19.4408
3.208  19.4524
3.209  19.4639
3.21  19.4755
3.211  19.487
3.212  19.4986
3.213  19.5101
3.214  19.5217
3.215  19.5332
3.216  19.5448
3.217  19.5563
3.218  19.5679
3.219  19.5794
3.22  19.591
3.221  19.6025
3.222  19.6141
3.223  19.6256
3.224  19.6372
3.225  19.6487
3.226  19.6603
3.227  19.6718
3.228  19.6834
3.229  19.6949
3.23  19.7065
3.231  19.718
3.232  19.7296
3.233  19.7411
3.234  19.7527
3.235  19.7642
3.236  19.7758
3.237  19.7873
3.238  19.7989
3.239  19.8104
3.24  19.822
3.241  19.8335
3.242  19.8451
3.243  19.8566
3.244  19.8682
3.245  19.8797
3.246  19.8913
3.247  19.9028
3.248  19.9144
3.249  19.9259
3.25  19.9375
3.251  19.949
3.252  19.9606
3.253  19.9721
3.254  19.9837
3.255  19.9952
3.256  20.0068
3.257  20.0183
3.258  20.0299
3.259  20.0414
3.26  20.053
3.261  20.0645
3.262  20.0761
3.263  20.0876
3.264  20.0992
3.265  20.1107
3.266  20.1223
3.267  20.1338
3.268  20.1454
3.269  20.1569
3.27  20.1685
3.271  20.18
3.272  20.1916
3.273  20.2031
3.274  20.2147
3.275  20.2262
3.276  20.2378
3.277  20.2493
3.278  20.2609
3.279  20.2724
3.28  20.284
3.281  20.2955
3.282  20.3071
3.283  20.3187
3.284  20.3302
3.285  20.3418
3.286  20.3533
3.287  20.3649
3.288  20.3764
3.289  20.388
3.29  20.3995
3.291  20.4111
3.292  20.4226
3.293  20.4342
3.294  20.4457
3.295  20.4573
3.296  20.4688
3.297  20.4804
3.298  20.4919
3.299  20.5035
3.3  20.515
3.301  20.5266
3.302  20.5381
3.303  20.5497
3.304  20.5612
3.305  20.5728
3.306  20.5843
3.307  20.5959
3.308  20.6074
3.309  20.619
3.31  20.6305
3.311  20.6421
3.312  20.6536
3.313  20.6652
3.314  20.6767
3.315  20.6883
3.316  20.6998
3.317  20.7114
3.318  20.7229
3.319  20.7345
3.32  20.746
3.321  20.7576
3.322  20.7691
3.323  20.7807
3.324  20.7922
3.325  20.8038
3.326  20.8153
3.327  20.8269
3.328  20.8384
3.329  20.85
3.33  20.8615
3.331  20.8731
3.332  20.8846
3.333  20.8962
3.334  20.9077
3.335  20.9193
3.336  20.9308
3.337  20.9424
3.338  20.9539
3.339  20.9655
3.34  20.977
3.341  20.9886
3.342  21.0001
3.343  21.0117
3.344  21.0232
3.345  21.0348
3.346  21.0463
3.347  21.0579
3.348  21.0694
3.349  21.081
3.35  21.0925
3.351  21.1041
3.352  21.1156
3.353  21.1272
3.354  21.1388
3.355  21.1503
3.356  21.1619
3.357  21.1734
3.358  21.185
3.359  21.1965
3.36  21.2081
3.361  21.2196
3.362  21.2312
3.363  21.2427
3.364  21.2543
3.365  21.2658
3.366  21.2774
3.367  21.2889
3.368  21.3005
3.369  21.312
3.37  21.3236
3.371  21.3351
3.372  21.3467
3.373  21.3582
3.374  21.3698
3.375  21.3813
3.376  21.3929
3.377  21.4044
3.378  21.416
3.379  21.4275
3.38  21.4391
3.381  21.4506
3.382  21.4622
3.383  21.4737
3.384  21.4853
3.385  21.4968
3.386  21.5084
3.387  21.5199
3.388  21.5315
3.389  21.543
3.39  21.5546
3.391  21.5661
3.392  21.5777
3.393  21.5892
3.394  21.6008
3.395  21.6123
3.396  21.6239
3.397  21.6354
3.398  21.647
3.399  21.6585
3.4  21.6701
3.401  21.6817
3.402  21.6932
3.403  21.7048
3.404  21.7163
3.405  21.7279
3.406  21.7394
3.407  21.751
3.408  21.7625
3.409  21.7741
3.41  21.7856
3.411  21.7972
3.412  21.8087
3.413  21.8203
3.414  21.8318
3.415  21.8434
3.416  21.8549
3.417  21.8665
3.418  21.878
3.419  21.8896
3.42  21.9011
3.421  21.9127
3.422  21.9242
3.423  21.9358
3.424  21.9473
3.425  21.9589
3.426  21.9704
3.427  21.982
3.428  21.9935
3.429  22.0051
3.43  22.0166
3.431  22.0282
3.432  22.0397
3.433  22.0513
3.434  22.0628
3.435  22.0744
3.436  22.0859
3.437  22.0975
3.438  22.109
3.439  22.1206
3.44  22.1322
3.441  22.1437
3.442  22.1553
3.443  22.1668
3.444  22.1784
3.445  22.1899
3.446  22.2015
3.447  22.213
3.448  22.2246
3.449  22.2361
3.45  22.2477
3.451  22.2592
3.452  22.2708
3.453  22.2823
3.454  22.2939
3.455  22.3054
3.456  22.317
3.457  22.3285
3.458  22.3401
3.459  22.3516
3.46  22.3632
3.461  22.3747
3.462  22.3863
3.463  22.3978
3.464  22.4094
3.465  22.4209
3.466  22.4325
3.467  22.444
3.468  22.4556
3.469  22.4671
3.47  22.4787
3.471  22.4902
3.472  22.5018
3.473  22.5133
3.474  22.5249
3.475  22.5365
3.476  22.548
3.477  22.5596
3.478  22.5711
3.479  22.5827
3.48  22.5942
3.481  22.6058
3.482  22.6173
3.483  22.6289
3.484  22.6404
3.485  22.652
3.486  22.6635
3.487  22.6751
3.488  22.6866
3.489  22.6982
3.49  22.7097
3.491  22.7213
3.492  22.7328
3.493  22.7444
3.494  22.7559
3.495  22.7675
3.496  22.779
3.497  22.7906
3.498  22.8021
3.499  22.8137
3.5  22.8252
3.501  22.8368
3.502  22.8483
3.503  22.8599
3.504  22.8714
3.505  22.883
3.506  22.8945
3.507  22.9061
3.508  22.9177
3.509  22.9292
3.51  22.9408
3.511  22.9523
3.512  22.9639
3.513  22.9754
3.514  22.987
3.515  22.9985
3.516  23.0101
3.517  23.0216
3.518  23.0332
3.519  23.0447
3.52  23.0563
3.521  23.0678
3.522  23.0794
3.523  23.0909
3.524  23.1025
3.525  23.114
3.526  23.1256
3.527  23.1371
3.528  23.1487
3.529  23.1602
3.53  23.1718
3.531  23.1833
3.532  23.1949
3.533  23.2064
3.534  23.218
3.535  23.2295
3.536  23.2411
3.537  23.2526
3.538  23.2642
3.539  23.2758
3.54  23.2873
3.541  23.2989
3.542  23.3104
3.543  23.322
3.544  23.3335
3.545  23.3451
3.546  23.3566
3.547  23.3682
3.548  23.3797
3.549  23.3913
3.55  23.4028
3.551  23.4144
3.552  23.4259
3.553  23.4375
3.554  23.449
3.555  23.4606
3.556  23.4721
3.557  23.4837
3.558  23.4952
3.559  23.5068
3.56  23.5183
3.561  23.5299
3.562  23.5414
3.563  23.553
3.564  23.5645
3.565  23.5761
3.566  23.5876
3.567  23.5992
3.568  23.6108
3.569  23.6223
3.57  23.6339
3.571  23.6454
3.572  23.657
3.573  23.6685
3.574  23.6801
3.575  23.6916
3.576  23.7032
3.577  23.7147
3.578  23.7263
3.579  23.7378
3.58  23.7494
3.581  23.7609
3.582  23.7725
3.583  23.784
3.584  23.7956
3.585  23.8071
3.586  23.8187
3.587  23.8302
3.588  23.8418
3.589  23.8533
3.59  23.8649
3.591  23.8764
3.592  23.888
3.593  23.8995
3.594  23.9111
3.595  23.9227
3.596  23.9342
3.597  23.9458
3.598  23.9573
3.599  23.9689
3.6  23.9804
3.601  23.992
3.602  24.0035
3.603  24.0151
3.604  24.0266
3.605  24.0382
3.606  24.0497
3.607  24.0613
3.608  24.0728
3.609  24.0844
3.61  24.0959
3.611  24.1075
3.612  24.119
3.613  24.1306
3.614  24.1421
3.615  24.1537
3.616  24.1652
3.617  24.1768
3.618  24.1883
3.619  24.1999
3.62  24.2114
3.621  24.223
3.622  24.2346
3.623  24.2461
3.624  24.2577
3.625  24.2692
3.626  24.2808
3.627  24.2923
3.628  24.3039
3.629  24.3154
3.63  24.327
3.631  24.3385
3.632  24.3501
3.633  24.3616
3.634  24.3732
3.635  24.3847
3.636  24.3963
3.637  24.4078
3.638  24.4194
3.639  24.4309
3.64  24.4425
3.641  24.454
3.642  24.4656
3.643  24.4771
3.644  24.4887
3.645  24.5002
3.646  24.5118
3.647  24.5234
3.648  24.5349
3.649  24.5465
3.65  24.558
3.651  24.5696
3.652  24.5811
3.653  24.5927
3.654  24.6042
3.655  24.6158
3.656  24.6273
3.657  24.6389
3.658  24.6504
3.659  24.662
3.66  24.6735
3.661  24.6851
3.662  24.6966
3.663  24.7082
3.664  24.7197
3.665  24.7313
3.666  24.7428
3.667  24.7544
3.668  24.7659
3.669  24.7775
3.67  24.789
3.671  24.8006
3.672  24.8122
3.673  24.8237
3.674  24.8353
3.675  24.8468
3.676  24.8584
3.677  24.8699
3.678  24.8815
3.679  24.893
3.68  24.9046
3.681  24.9161
3.682  24.9277
3.683  24.9392
3.684  24.9508
3.685  24.9623
3.686  24.9739
3.687  24.9854
3.688  24.997
3.689  25.0085
3.69  25.0201
3.691  25.0316
3.692  25.0432
3.693  25.0547
3.694  25.0663
3.695  25.0778
3.696  25.0894
3.697  25.101
3.698  25.1125
3.699  25.1241
3.7  25.1356
3.701  25.1472
3.702  25.1587
3.703  25.1703
3.704  25.1818
3.705  25.1934
3.706  25.2049
3.707  25.2165
3.708  25.228
3.709  25.2396
3.71  25.2511
3.711  25.2627
3.712  25.2742
3.713  25.2858
3.714  25.2973
3.715  25.3089
3.716  25.3204
3.717  25.332
3.718  25.3435
3.719  25.3551
3.72  25.3666
3.721  25.3782
3.722  25.3898
3.723  25.4013
3.724  25.4129
3.725  25.4244
3.726  25.436
3.727  25.4475
3.728  25.4591
3.729  25.4706
3.73  25.4822
3.731  25.4937
3.732  25.5053
3.733  25.5168
3.734  25.5284
3.735  25.5399
3.736  25.5515
3.737  25.563
3.738  25.5746
3.739  25.5861
3.74  25.5977
3.741  25.6092
3.742  25.6208
3.743  25.6323
3.744  25.6439
3.745  25.6555
3.746  25.667
3.747  25.6786
3.748  25.6901
3.749  25.7017
3.75  25.7132
3.751  25.7248
3.752  25.7363
3.753  25.7479
3.754  25.7594
3.755  25.771
3.756  25.7825
3.757  25.7941
3.758  25.8056
3.759  25.8172
3.76  25.8287
3.761  25.8403
3.762  25.8518
3.763  25.8634
3.764  25.8749
3.765  25.8865
3.766  25.898
3.767  25.9096
3.768  25.9211
3.769  25.9327
3.77  25.9443
3.771  25.9558
3.772  25.9674
3.773  25.9789
3.774  25.9905
3.775  26.002
3.776  26.0136
3.777  26.0251
3.778  26.0367
3.779  26.0482
3.78  26.0598
3.781  26.0713
3.782  26.0829
3.783  26.0944
3.784  26.106
3.785  26.1175
3.786  26.1291
3.787  26.1406
3.788  26.1522
3.789  26.1637
3.79  26.1753
3.791  26.1868
3.792  26.1984
3.793  26.21
3.794  26.2215
3.795  26.2331
3.796  26.2446
3.797  26.2562
3.798  26.2677
3.799  26.2793
3.8  26.2908
3.801  26.3024
3.802  26.3139
3.803  26.3255
3.804  26.337
3.805  26.3486
3.806  26.3601
3.807  26.3717
3.808  26.3832
3.809  26.3948
3.81  26.4063
3.811  26.4179
3.812  26.4294
3.813  26.441
3.814  26.4525
3.815  26.4641
3.816  26.4757
3.817  26.4872
3.818  26.4988
3.819  26.5103
3.82  26.5219
3.821  26.5334
3.822  26.545
3.823  26.5565
3.824  26.5681
3.825  26.5796
3.826  26.5912
3.827  26.6027
3.828  26.6143
3.829  26.6258
3.83  26.6374
3.831  26.6489
3.832  26.6605
3.833  26.672
3.834  26.6836
3.835  26.6951
3.836  26.7067
3.837  26.7182
3.838  26.7298
3.839  26.7414
3.84  26.7529
3.841  26.7645
3.842  26.776
3.843  26.7876
3.844  26.7991
3.845  26.8107
3.846  26.8222
3.847  26.8338
3.848  26.8453
3.849  26.8569
3.85  26.8684
3.851  26.88
3.852  26.8915
3.853  26.9031
3.854  26.9146
3.855  26.9262
3.856  26.9377
3.857  26.9493
3.858  26.9608
3.859  26.9724
3.86  26.9839
3.861  26.9955
3.862  27.0071
3.863  27.0186
3.864  27.0302
3.865  27.0417
3.866  27.0533
3.867  27.0648
3.868  27.0764
3.869  27.0879
3.87  27.0995
3.871  27.111
3.872  27.1226
3.873  27.1341
3.874  27.1457
3.875  27.1572
3.876  27.1688
3.877  27.1803
3.878  27.1919
3.879  27.2034
3.88  27.215
3.881  27.2265
3.882  27.2381
3.883  27.2496
3.884  27.2612
3.885  27.2728
3.886  27.2843
3.887  27.2959
3.888  27.3074
3.889  27.319
3.89  27.3305
3.891  27.3421
3.892  27.3536
3.893  27.3652
3.894  27.3767
3.895  27.3883
3.896  27.3998
3.897  27.4114
3.898  27.4229
3.899  27.4345
3.9  27.446
3.901  27.4576
3.902  27.4691
3.903  27.4807
3.904  27.4922
3.905  27.5038
3.906  27.5154
3.907  27.5269
3.908  27.5385
3.909  27.55
3.91  27.5616
3.911  27.5731
3.912  27.5847
3.913  27.5962
3.914  27.6078
3.915  27.6193
3.916  27.6309
3.917  27.6424
3.918  27.654
3.919  27.6655
3.92  27.6771
3.921  27.6886
3.922  27.7002
3.923  27.7117
3.924  27.7233
3.925  27.7348
3.926  27.7464
3.927  27.7579
3.928  27.7695
3.929  27.7811
3.93  27.7926
3.931  27.8042
3.932  27.8157
3.933  27.8273
3.934  27.8388
3.935  27.8504
3.936  27.8619
3.937  27.8735
3.938  27.885
3.939  27.8966
3.94  27.9081
3.941  27.9197
3.942  27.9312
3.943  27.9428
3.944  27.9543
3.945  27.9659
3.946  27.9774
3.947  27.989
3.948  28.0005
3.949  28.0121
3.95  28.0236
3.951  28.0352
3.952  28.0468
3.953  28.0583
3.954  28.0699
3.955  28.0814
3.956  28.093
3.957  28.1045
3.958  28.1161
3.959  28.1276
3.96  28.1392
3.961  28.1507
3.962  28.1623
3.963  28.1738
3.964  28.1854
3.965  28.1969
3.966  28.2085
3.967  28.22
3.968  28.2316
3.969  28.2431
3.97  28.2547
3.971  28.2662
3.972  28.2778
3.973  28.2893
3.974  28.3009
3.975  28.3125
3.976  28.324
3.977  28.3356
3.978  28.3471
3.979  28.3587
3.98  28.3702
3.981  28.3818
3.982  28.3933
3.983  28.4049
3.984  28.4164
3.985  28.428
3.986  28.4395
3.987  28.4511
3.988  28.4626
3.989  28.4742
3.99  28.4857
3.991  28.4973
3.992  28.5088
3.993  28.5204
3.994  28.5319
3.995  28.5435
3.996  28.5551
3.997  28.5666
3.998  28.5782
3.999  28.5897
