0 3  -1
0.001 3  -1
0.002 3  -1
0.003 3  -0.999999
0.004 2.99999  -0.999999
0.005 2.99999  -0.999998
0.006 2.99999  -0.999998
0.007 2.99999  -0.999997
0.008 2.99998  -0.999996
0.009 2.99998  -0.999995
0.01 2.99997  -0.999994
0.011 2.99997  -0.999993
0.012 2.99996  -0.999992
0.013 2.99996  -0.999991
0.014 2.99995  -0.999989
0.015 2.99994  -0.999988
0.016 2.99994  -0.999986
0.017 2.99993  -0.999984
0.018 2.99992  -0.999983
0.019 2.99991  -0.999981
0.02 2.9999  -0.999979
0.021 2.99989  -0.999977
0.022 2.99988  -0.999975
0.023 2.99987  -0.999972
0.024 2.99986  -0.99997
0.025 2.99985  -0.999968
0.026 2.99984  -0.999965
0.027 2.99983  -0.999962
0.028 2.99981  -0.99996
0.029 2.9998  -0.999957
0.03 2.99979  -0.999954
0.031 2.99977  -0.999951
0.032 2.99976  -0.999948
0.033 2.99975  -0.999944
0.034 2.99973  -0.999941
0.035 2.99971  -0.999938
0.036 2.9997  -0.999934
0.037 2.99968  -0.999931
0.038 2.99966  -0.999927
0.039 2.99965  -0.999923
0.04 2.99963  -0.999919
0.041 2.99961  -0.999915
0.042 2.99959  -0.999911
0.043 2.99957  -0.999907
0.044 2.99955  -0.999903
0.045 2.99953  -0.999898
0.046 2.99951  -0.999894
0.047 2.99949  -0.999889
0.048 2.99947  -0.999885
0.049 2.99945  -0.99988
0.05 2.99943  -0.999875
0.051 2.9994  -0.99987
0.052 2.99938  -0.999865
0.053 2.99936  -0.99986
0.054 2.99933  -0.999855
0.055 2.99931  -0.999849
0.056 2.99928  -0.999844
0.057 2.99926  -0.999838
0.058 2.99923  -0.999833
0.059 2.99921  -0.999827
0.06 2.99918  -0.999821
0.061 2.99915  -0.999815
0.062 2.99913  -0.999809
0.063 2.9991  -0.999803
0.064 2.99907  -0.999797
0.065 2.99904  -0.99979
0.066 2.99901  -0.999784
0.067 2.99898  -0.999778
0.068 2.99895  -0.999771
0.069 2.99892  -0.999764
0.07 2.99889  -0.999758
0.071 2.99886  -0.999751
0.072 2.99883  -0.999744
0.073 2.99879  -0.999737
0.074 2.99876  -0.999729
0.075 2.99873  -0.999722
0.076 2.99869  -0.999715
0.077 2.99866  -0.999707
0.078 2.99863  -0.9997
0.079 2.99859  -0.999692
0.08 2.99855  -0.999684
0.081 2.99852  -0.999676
0.082 2.99848  -0.999668
0.083 2.99845  -0.99966
0.084 2.99841  -0.999652
0.085 2.99837  -0.999644
0.086 2.99833  -0.999636
0.087 2.99829  -0.999627
0.088 2.99826  -0.999619
0.089 2.99822  -0.99961
0.09 2.99818  -0.999601
0.091 2.99814  -0.999593
0.092 2.99809  -0.999584
0.093 2.99805  -0.999575
0.094 2.99801  -0.999566
0.095 2.99797  -0.999556
0.096 2.99793  -0.999547
0.097 2.99788  -0.999538
0.098 2.99784  -0.999528
0.099 2.9978  -0.999518
0.1 2.99775  -0.999509
0.101 2.99771  -0.999499
0.102 2.99766  -0.999489
0.103 2.99762  -0.999479
0.104 2.99757  -0.999469
0.105 2.99752  -0.999459
0.106 2.99748  -0.999449
0.107 2.99743  -0.999438
0.108 2.99738  -0.999428
0.109 2.99733  -0.999417
0.11 2.99729  -0.999406
0.111 2.99724  -0.999396
0.112 2.99719  -0.999385
0.113 2.99714  -0.999374
0.114 2.99709  -0.999363
0.115 2.99704  -0.999352
0.116 2.99698  -0.99934
0.117 2.99693  -0.999329
0.118 2.99688  -0.999318
0.119 2.99683  -0.999306
0.12 2.99677  -0.999294
0.121 2.99672  -0.999283
0.122 2.99667  -0.999271
0.123 2.99661  -0.999259
0.124 2.99656  -0.999247
0.125 2.9965  -0.999235
0.126 2.99645  -0.999223
0.127 2.99639  -0.99921
0.128 2.99633  -0.999198
0.129 2.99628  -0.999185
0.13 2.99622  -0.999173
0.131 2.99616  -0.99916
0.132 2.9961  -0.999147
0.133 2.99604  -0.999134
0.134 2.99598  -0.999121
0.135 2.99592  -0.999108
0.136 2.99586  -0.999095
0.137 2.9958  -0.999082
0.138 2.99574  -0.999068
0.139 2.99568  -0.999055
0.14 2.99562  -0.999041
0.141 2.99556  -0.999027
0.142 2.99549  -0.999014
0.143 2.99543  -0.999
0.144 2.99537  -0.998986
0.145 2.9953  -0.998972
0.146 2.99524  -0.998958
0.147 2.99517  -0.998943
0.148 2.99511  -0.998929
0.149 2.99504  -0.998914
0.15 2.99497  -0.9989
0.151 2.99491  -0.998885
0.152 2.99484  -0.99887
0.153 2.99477  -0.998856
0.154 2.9947  -0.998841
0.155 2.99464  -0.998826
0.156 2.99457  -0.99881
0.157 2.9945  -0.998795
0.158 2.99443  -0.99878
0.159 2.99436  -0.998764
0.16 2.99429  -0.998749
0.161 2.99422  -0.998733
0.162 2.99414  -0.998717
0.163 2.99407  -0.998702
0.164 2.994  -0.998686
0.165 2.99393  -0.99867
0.166 2.99385  -0.998654
0.167 2.99378  -0.998637
0.168 2.9937  -0.998621
0.169 2.99363  -0.998605
0.17 2.99355  -0.998588
0.171 2.99348  -0.998571
0.172 2.9934  -0.998555
0.173 2.99333  -0.998538
0.174 2.99325  -0.998521
0.175 2.99317  -0.998504
0.176 2.99309  -0.998487
0.177 2.99302  -0.99847
0.178 2.99294  -0.998452
0.179 2.99286  -0.998435
0.18 2.99278  -0.998417
0.181 2.9927  -0.9984
0.182 2.99262  -0.998382
0.183 2.99254  -0.998364
0.184 2.99245  -0.998346
0.185 2.99237  -0.998328
0.186 2.99229  -0.99831
0.187 2.99221  -0.998292
0.188 2.99212  -0.998274
0.189 2.99204  -0.998255
0.19 2.99196  -0.998237
0.191 2.99187  -0.998218
0.192 2.99179  -0.9982
0.193 2.9917  -0.998181
0.194 2.99162  -0.998162
0.195 2.99153  -0.998143
0.196 2.99144  -0.998124
0.197 2.99136  -0.998105
0.198 2.99127  -0.998085
0.199 2.99118  -0.998066
0.2 2.99109  -0.998046
0.201 2.991  -0.998027
0.202 2.99091  -0.998007
0.203 2.99082  -0.997987
0.204 2.99073  -0.997968
0.205 2.99064  -0.997948
0.206 2.99055  -0.997928
0.207 2.99046  -0.997907
0.208 2.99037  -0.997887
0.209 2.99028  -0.997867
0.21 2.99018  -0.997846
0.211 2.99009  -0.997826
0.212 2.98999  -0.997805
0.213 2.9899  -0.997784
0.214 2.98981  -0.997763
0.215 2.98971  -0.997742
0.216 2.98962  -0.997721
0.217 2.98952  -0.9977
0.218 2.98942  -0.997679
0.219 2.98933  -0.997658
0.22 2.98923  -0.997636
0.221 2.98913  -0.997615
0.222 2.98903  -0.997593
0.223 2.98893  -0.997571
0.224 2.98883  -0.997549
0.225 2.98873  -0.997527
0.226 2.98863  -0.997505
0.227 2.98853  -0.997483
0.228 2.98843  -0.997461
0.229 2.98833  -0.997439
0.23 2.98823  -0.997416
0.231 2.98813  -0.997394
0.232 2.98802  -0.997371
0.233 2.98792  -0.997348
0.234 2.98782  -0.997325
0.235 2.98771  -0.997302
0.236 2.98761  -0.997279
0.237 2.9875  -0.997256
0.238 2.9874  -0.997233
0.239 2.98729  -0.99721
0.24 2.98719  -0.997186
0.241 2.98708  -0.997163
0.242 2.98697  -0.997139
0.243 2.98687  -0.997115
0.244 2.98676  -0.997091
0.245 2.98665  -0.997068
0.246 2.98654  -0.997044
0.247 2.98643  -0.997019
0.248 2.98632  -0.996995
0.249 2.98621  -0.996971
0.25 2.9861  -0.996946
0.251 2.98599  -0.996922
0.252 2.98588  -0.996897
0.253 2.98576  -0.996872
0.254 2.98565  -0.996848
0.255 2.98554  -0.996823
0.256 2.98543  -0.996798
0.257 2.98531  -0.996773
0.258 2.9852  -0.996747
0.259 2.98508  -0.996722
0.26 2.98497  -0.996696
0.261 2.98485  -0.996671
0.262 2.98474  -0.996645
0.263 2.98462  -0.99662
0.264 2.9845  -0.996594
0.265 2.98439  -0.996568
0.266 2.98427  -0.996542
0.267 2.98415  -0.996516
0.268 2.98403  -0.996489
0.269 2.98391  -0.996463
0.27 2.98379  -0.996437
0.271 2.98367  -0.99641
0.272 2.98355  -0.996383
0.273 2.98343  -0.996357
0.274 2.98331  -0.99633
0.275 2.98319  -0.996303
0.276 2.98306  -0.996276
0.277 2.98294  -0.996249
0.278 2.98282  -0.996222
0.279 2.98269  -0.996194
0.28 2.98257  -0.996167
0.281 2.98245  -0.996139
0.282 2.98232  -0.996112
0.283 2.9822  -0.996084
0.284 2.98207  -0.996056
0.285 2.98194  -0.996028
0.286 2.98182  -0.996
0.287 2.98169  -0.995972
0.288 2.98156  -0.995944
0.289 2.98143  -0.995915
0.29 2.98131  -0.995887
0.291 2.98118  -0.995858
0.292 2.98105  -0.99583
0.293 2.98092  -0.995801
0.294 2.98079  -0.995772
0.295 2.98066  -0.995743
0.296 2.98052  -0.995714
0.297 2.98039  -0.995685
0.298 2.98026  -0.995656
0.299 2.98013  -0.995626
0.3 2.97999  -0.995597
0.301 2.97986  -0.995567
0.302 2.97973  -0.995538
0.303 2.97959  -0.995508
0.304 2.97946  -0.995478
0.305 2.97932  -0.995448
0.306 2.97919  -0.995418
0.307 2.97905  -0.995388
0.308 2.97891  -0.995358
0.309 2.97878  -0.995327
0.31 2.97864  -0.995297
0.311 2.9785  -0.995266
0.312 2.97836  -0.995236
0.313 2.97822  -0.995205
0.314 2.97809  -0.995174
0.315 2.97795  -0.995143
0.316 2.97781  -0.995112
0.317 2.97766  -0.995081
0.318 2.97752  -0.99505
0.319 2.97738  -0.995018
0.32 2.97724  -0.994987
0.321 2.9771  -0.994955
0.322 2.97695  -0.994923
0.323 2.97681  -0.994892
0.324 2.97667  -0.99486
0.325 2.97652  -0.994828
0.326 2.97638  -0.994796
0.327 2.97623  -0.994764
0.328 2.97609  -0.994731
0.329 2.97594  -0.994699
0.33 2.9758  -0.994666
0.331 2.97565  -0.994634
0.332 2.9755  -0.994601
0.333 2.97535  -0.994568
0.334 2.97521  -0.994535
0.335 2.97506  -0.994502
0.336 2.97491  -0.994469
0.337 2.97476  -0.994436
0.338 2.97461  -0.994403
0.339 2.97446  -0.994369
0.34 2.97431  -0.994336
0.341 2.97415  -0.994302
0.342 2.974  -0.994269
0.343 2.97385  -0.994235
0.344 2.9737  -0.994201
0.345 2.97354  -0.994167
0.346 2.97339  -0.994133
0.347 2.97324  -0.994098
0.348 2.97308  -0.994064
0.349 2.97293  -0.99403
0.35 2.97277  -0.993995
0.351 2.97262  -0.993961
0.352 2.97246  -0.993926
0.353 2.9723  -0.993891
0.354 2.97215  -0.993856
0.355 2.97199  -0.993821
0.356 2.97183  -0.993786
0.357 2.97167  -0.993751
0.358 2.97151  -0.993715
0.359 2.97135  -0.99368
0.36 2.97119  -0.993644
0.361 2.97103  -0.993609
0.362 2.97087  -0.993573
0.363 2.97071  -0.993537
0.364 2.97055  -0.993501
0.365 2.97039  -0.993465
0.366 2.97022  -0.993429
0.367 2.97006  -0.993393
0.368 2.9699  -0.993356
0.369 2.96973  -0.99332
0.37 2.96957  -0.993283
0.371 2.9694  -0.993246
0.372 2.96924  -0.99321
0.373 2.96907  -0.993173
0.374 2.96891  -0.993136
0.375 2.96874  -0.993099
0.376 2.96857  -0.993062
0.377 2.9684  -0.993024
0.378 2.96824  -0.992987
0.379 2.96807  -0.992949
0.38 2.9679  -0.992912
0.381 2.96773  -0.992874
0.382 2.96756  -0.992836
0.383 2.96739  -0.992798
0.384 2.96722  -0.99276
0.385 2.96705  -0.992722
0.386 2.96688  -0.992684
0.387 2.9667  -0.992646
0.388 2.96653  -0.992607
0.389 2.96636  -0.992569
0.39 2.96618  -0.99253
0.391 2.96601  -0.992491
0.392 2.96584  -0.992452
0.393 2.96566  -0.992413
0.394 2.96549  -0.992374
0.395 2.96531  -0.992335
0.396 2.96513  -0.992296
0.397 2.96496  -0.992257
0.398 2.96478  -0.992217
0.399 2.9646  -0.992178
0.4 2.96442  -0.992138
0.401 2.96425  -0.992098
0.402 2.96407  -0.992058
0.403 2.96389  -0.992018
0.404 2.96371  -0.991978
0.405 2.96353  -0.991938
0.406 2.96335  -0.991898
0.407 2.96317  -0.991857
0.408 2.96298  -0.991817
0.409 2.9628  -0.991776
0.41 2.96262  -0.991735
0.411 2.96244  -0.991695
0.412 2.96225  -0.991654
0.413 2.96207  -0.991613
0.414 2.96188  -0.991571
0.415 2.9617  -0.99153
0.416 2.96151  -0.991489
0.417 2.96133  -0.991447
0.418 2.96114  -0.991406
0.419 2.96096  -0.991364
0.42 2.96077  -0.991323
0.421 2.96058  -0.991281
0.422 2.96039  -0.991239
0.423 2.96021  -0.991197
0.424 2.96002  -0.991154
0.425 2.95983  -0.991112
0.426 2.95964  -0.99107
0.427 2.95945  -0.991027
0.428 2.95926  -0.990985
0.429 2.95907  -0.990942
0.43 2.95887  -0.990899
0.431 2.95868  -0.990856
0.432 2.95849  -0.990813
0.433 2.9583  -0.99077
0.434 2.9581  -0.990727
0.435 2.95791  -0.990684
0.436 2.95771  -0.99064
0.437 2.95752  -0.990597
0.438 2.95732  -0.990553
0.439 2.95713  -0.990509
0.44 2.95693  -0.990465
0.441 2.95674  -0.990421
0.442 2.95654  -0.990377
0.443 2.95634  -0.990333
0.444 2.95614  -0.990289
0.445 2.95594  -0.990245
0.446 2.95575  -0.9902
0.447 2.95555  -0.990156
0.448 2.95535  -0.990111
0.449 2.95515  -0.990066
0.45 2.95495  -0.990021
0.451 2.95474  -0.989976
0.452 2.95454  -0.989931
0.453 2.95434  -0.989886
0.454 2.95414  -0.98984
0.455 2.95394  -0.989795
0.456 2.95373  -0.989749
0.457 2.95353  -0.989704
0.458 2.95332  -0.989658
0.459 2.95312  -0.989612
0.46 2.95291  -0.989566
0.461 2.95271  -0.98952
0.462 2.9525  -0.989474
0.463 2.95229  -0.989428
0.464 2.95209  -0.989381
0.465 2.95188  -0.989335
0.466 2.95167  -0.989288
0.467 2.95146  -0.989242
0.468 2.95125  -0.989195
0.469 2.95105  -0.989148
0.47 2.95084  -0.989101
0.471 2.95063  -0.989054
0.472 2.95041  -0.989007
0.473 2.9502  -0.988959
0.474 2.94999  -0.988912
0.475 2.94978  -0.988864
0.476 2.94957  -0.988817
0.477 2.94935  -0.988769
0.478 2.94914  -0.988721
0.479 2.94893  -0.988673
0.48 2.94871  -0.988625
0.481 2.9485  -0.988577
0.482 2.94828  -0.988528
0.483 2.94807  -0.98848
0.484 2.94785  -0.988431
0.485 2.94763  -0.988383
0.486 2.94742  -0.988334
0.487 2.9472  -0.988285
0.488 2.94698  -0.988236
0.489 2.94676  -0.988187
0.49 2.94654  -0.988138
0.491 2.94632  -0.988089
0.492 2.9461  -0.98804
0.493 2.94588  -0.98799
0.494 2.94566  -0.98794
0.495 2.94544  -0.987891
0.496 2.94522  -0.987841
0.497 2.945  -0.987791
0.498 2.94477  -0.987741
0.499 2.94455  -0.987691
0.5 2.94433  -0.987641
0.501 2.9441  -0.98759
0.502 2.94388  -0.98754
0.503 2.94365  -0.987489
0.504 2.94343  -0.987439
0.505 2.9432  -0.987388
0.506 2.94298  -0.987337
0.507 2.94275  -0.987286
0.508 2.94252  -0.987235
0.509 2.94229  -0.987184
0.51 2.94207  -0.987133
0.511 2.94184  -0.987081
0.512 2.94161  -0.98703
0.513 2.94138  -0.986978
0.514 2.94115  -0.986926
0.515 2.94092  -0.986875
0.516 2.94069  -0.986823
0.517 2.94046  -0.986771
0.518 2.94022  -0.986718
0.519 2.93999  -0.986666
0.52 2.93976  -0.986614
0.521 2.93953  -0.986561
0.522 2.93929  -0.986509
0.523 2.93906  -0.986456
0.524 2.93882  -0.986403
0.525 2.93859  -0.98635
0.526 2.93835  -0.986297
0.527 2.93812  -0.986244
0.528 2.93788  -0.986191
0.529 2.93764  -0.986138
0.53 2.93741  -0.986084
0.531 2.93717  -0.986031
0.532 2.93693  -0.985977
0.533 2.93669  -0.985923
0.534 2.93645  -0.985869
0.535 2.93621  -0.985815
0.536 2.93597  -0.985761
0.537 2.93573  -0.985707
0.538 2.93549  -0.985653
0.539 2.93525  -0.985598
0.54 2.93501  -0.985544
0.541 2.93476  -0.985489
0.542 2.93452  -0.985434
0.543 2.93428  -0.985379
0.544 2.93403  -0.985324
0.545 2.93379  -0.985269
0.546 2.93354  -0.985214
0.547 2.9333  -0.985159
0.548 2.93305  -0.985103
0.549 2.93281  -0.985048
0.55 2.93256  -0.984992
0.551 2.93231  -0.984936
0.552 2.93207  -0.984881
0.553 2.93182  -0.984825
0.554 2.93157  -0.984768
0.555 2.93132  -0.984712
0.556 2.93107  -0.984656
0.557 2.93082  -0.9846
0.558 2.93057  -0.984543
0.559 2.93032  -0.984486
0.56 2.93007  -0.98443
0.561 2.92982  -0.984373
0.562 2.92956  -0.984316
0.563 2.92931  -0.984259
0.564 2.92906  -0.984202
0.565 2.9288  -0.984144
0.566 2.92855  -0.984087
0.567 2.9283  -0.98403
0.568 2.92804  -0.983972
0.569 2.92779  -0.983914
0.57 2.92753  -0.983856
0.571 2.92727  -0.983798
0.572 2.92702  -0.98374
0.573 2.92676  -0.983682
0.574 2.9265  -0.983624
0.575 2.92624  -0.983566
0.576 2.92598  -0.983507
0.577 2.92572  -0.983448
0.578 2.92547  -0.98339
0.579 2.9252  -0.983331
0.58 2.92494  -0.983272
0.581 2.92468  -0.983213
0.582 2.92442  -0.983154
0.583 2.92416  -0.983095
0.584 2.9239  -0.983035
0.585 2.92363  -0.982976
0.586 2.92337  -0.982916
0.587 2.92311  -0.982856
0.588 2.92284  -0.982797
0.589 2.92258  -0.982737
0.59 2.92231  -0.982677
0.591 2.92205  -0.982616
0.592 2.92178  -0.982556
0.593 2.92151  -0.982496
0.594 2.92125  -0.982435
0.595 2.92098  -0.982375
0.596 2.92071  -0.982314
0.597 2.92044  -0.982253
0.598 2.92017  -0.982192
0.599 2.9199  -0.982131
0.6 2.91963  -0.98207
0.601 2.91936  -0.982009
0.602 2.91909  -0.981947
0.603 2.91882  -0.981886
0.604 2.91855  -0.981824
0.605 2.91828  -0.981762
0.606 2.918  -0.981701
0.607 2.91773  -0.981639
0.608 2.91746  -0.981577
0.609 2.91718  -0.981514
0.61 2.91691  -0.981452
0.611 2.91663  -0.98139
0.612 2.91636  -0.981327
0.613 2.91608  -0.981265
0.614 2.91581  -0.981202
0.615 2.91553  -0.981139
0.616 2.91525  -0.981076
0.617 2.91497  -0.981013
0.618 2.91469  -0.98095
0.619 2.91442  -0.980887
0.62 2.91414  -0.980823
0.621 2.91386  -0.98076
0.622 2.91358  -0.980696
0.623 2.9133  -0.980632
0.624 2.91301  -0.980569
0.625 2.91273  -0.980505
0.626 2.91245  -0.98044
0.627 2.91217  -0.980376
0.628 2.91188  -0.980312
0.629 2.9116  -0.980248
0.63 2.91132  -0.980183
0.631 2.91103  -0.980118
0.632 2.91075  -0.980054
0.633 2.91046  -0.979989
0.634 2.91018  -0.979924
0.635 2.90989  -0.979859
0.636 2.9096  -0.979793
0.637 2.90932  -0.979728
0.638 2.90903  -0.979663
0.639 2.90874  -0.979597
0.64 2.90845  -0.979531
0.641 2.90816  -0.979466
0.642 2.90787  -0.9794
0.643 2.90758  -0.979334
0.644 2.90729  -0.979268
0.645 2.907  -0.979201
0.646 2.90671  -0.979135
0.647 2.90642  -0.979069
0.648 2.90612  -0.979002
0.649 2.90583  -0.978935
0.65 2.90554  -0.978869
0.651 2.90524  -0.978802
0.652 2.90495  -0.978735
0.653 2.90465  -0.978667
0.654 2.90436  -0.9786
0.655 2.90406  -0.978533
0.656 2.90377  -0.978465
0.657 2.90347  -0.978398
0.658 2.90317  -0.97833
0.659 2.90287  -0.978262
0.66 2.90258  -0.978194
0.661 2.90228  -0.978126
0.662 2.90198  -0.978058
0.663 2.90168  -0.97799
0.664 2.90138  -0.977921
0.665 2.90108  -0.977853
0.666 2.90078  -0.977784
0.667 2.90047  -0.977715
0.668 2.90017  -0.977647
0.669 2.89987  -0.977578
0.67 2.89957  -0.977508
0.671 2.89926  -0.977439
0.672 2.89896  -0.97737
0.673 2.89866  -0.9773
0.674 2.89835  -0.977231
0.675 2.89805  -0.977161
0.676 2.89774  -0.977091
0.677 2.89743  -0.977022
0.678 2.89713  -0.976951
0.679 2.89682  -0.976881
0.68 2.89651  -0.976811
0.681 2.8962  -0.976741
0.682 2.89589  -0.97667
0.683 2.89559  -0.9766
0.684 2.89528  -0.976529
0.685 2.89497  -0.976458
0.686 2.89465  -0.976387
0.687 2.89434  -0.976316
0.688 2.89403  -0.976245
0.689 2.89372  -0.976174
0.69 2.89341  -0.976102
0.691 2.89309  -0.976031
0.692 2.89278  -0.975959
0.693 2.89247  -0.975887
0.694 2.89215  -0.975815
0.695 2.89184  -0.975743
0.696 2.89152  -0.975671
0.697 2.89121  -0.975599
0.698 2.89089  -0.975527
0.699 2.89057  -0.975454
0.7 2.89026  -0.975382
0.701 2.88994  -0.975309
0.702 2.88962  -0.975236
0.703 2.8893  -0.975163
0.704 2.88898  -0.97509
0.705 2.88866  -0.975017
0.706 2.88834  -0.974944
0.707 2.88802  -0.97487
0.708 2.8877  -0.974797
0.709 2.88738  -0.974723
0.71 2.88706  -0.974649
0.711 2.88673  -0.974576
0.712 2.88641  -0.974502
0.713 2.88609  -0.974427
0.714 2.88576  -0.974353
0.715 2.88544  -0.974279
0.716 2.88511  -0.974204
0.717 2.88479  -0.97413
0.718 2.88446  -0.974055
0.719 2.88414  -0.97398
0.72 2.88381  -0.973905
0.721 2.88348  -0.97383
0.722 2.88315  -0.973755
0.723 2.88283  -0.97368
0.724 2.8825  -0.973604
0.725 2.88217  -0.973529
0.726 2.88184  -0.973453
0.727 2.88151  -0.973378
0.728 2.88118  -0.973302
0.729 2.88085  -0.973226
0.73 2.88051  -0.97315
0.731 2.88018  -0.973073
0.732 2.87985  -0.972997
0.733 2.87952  -0.972921
0.734 2.87918  -0.972844
0.735 2.87885  -0.972767
0.736 2.87851  -0.97269
0.737 2.87818  -0.972613
0.738 2.87784  -0.972536
0.739 2.87751  -0.972459
0.74 2.87717  -0.972382
0.741 2.87683  -0.972304
0.742 2.8765  -0.972227
0.743 2.87616  -0.972149
0.744 2.87582  -0.972071
0.745 2.87548  -0.971994
0.746 2.87514  -0.971916
0.747 2.8748  -0.971837
0.748 2.87446  -0.971759
0.749 2.87412  -0.971681
0.75 2.87378  -0.971602
0.751 2.87344  -0.971524
0.752 2.87309  -0.971445
0.753 2.87275  -0.971366
0.754 2.87241  -0.971287
0.755 2.87206  -0.971208
0.756 2.87172  -0.971129
0.757 2.87137  -0.971049
0.758 2.87103  -0.97097
0.759 2.87068  -0.97089
0.76 2.87034  -0.970811
0.761 2.86999  -0.970731
0.762 2.86964  -0.970651
0.763 2.8693  -0.970571
0.764 2.86895  -0.970491
0.765 2.8686  -0.97041
0.766 2.86825  -0.97033
0.767 2.8679  -0.970249
0.768 2.86755  -0.970169
0.769 2.8672  -0.970088
0.77 2.86685  -0.970007
0.771 2.8665  -0.969926
0.772 2.86614  -0.969845
0.773 2.86579  -0.969763
0.774 2.86544  -0.969682
0.775 2.86509  -0.969601
0.776 2.86473  -0.969519
0.777 2.86438  -0.969437
0.778 2.86402  -0.969355
0.779 2.86367  -0.969273
0.78 2.86331  -0.969191
0.781 2.86295  -0.969109
0.782 2.8626  -0.969027
0.783 2.86224  -0.968944
0.784 2.86188  -0.968861
0.785 2.86152  -0.968779
0.786 2.86116  -0.968696
0.787 2.8608  -0.968613
0.788 2.86044  -0.96853
0.789 2.86008  -0.968446
0.79 2.85972  -0.968363
0.791 2.85936  -0.96828
0.792 2.859  -0.968196
0.793 2.85864  -0.968112
0.794 2.85827  -0.968028
0.795 2.85791  -0.967945
0.796 2.85755  -0.96786
0.797 2.85718  -0.967776
0.798 2.85682  -0.967692
0.799 2.85645  -0.967607
0.8 2.85609  -0.967523
0.801 2.85572  -0.967438
0.802 2.85535  -0.967353
0.803 2.85499  -0.967268
0.804 2.85462  -0.967183
0.805 2.85425  -0.967098
0.806 2.85388  -0.967013
0.807 2.85351  -0.966927
0.808 2.85314  -0.966842
0.809 2.85277  -0.966756
0.81 2.8524  -0.96667
0.811 2.85203  -0.966584
0.812 2.85166  -0.966498
0.813 2.85129  -0.966412
0.814 2.85091  -0.966326
0.815 2.85054  -0.966239
0.816 2.85017  -0.966153
0.817 2.84979  -0.966066
0.818 2.84942  -0.965979
0.819 2.84904  -0.965892
0.82 2.84867  -0.965805
0.821 2.84829  -0.965718
0.822 2.84791  -0.965631
0.823 2.84754  -0.965543
0.824 2.84716  -0.965456
0.825 2.84678  -0.965368
0.826 2.8464  -0.96528
0.827 2.84602  -0.965192
0.828 2.84564  -0.965104
0.829 2.84526  -0.965016
0.83 2.84488  -0.964928
0.831 2.8445  -0.964839
0.832 2.84412  -0.964751
0.833 2.84374  -0.964662
0.834 2.84336  -0.964573
0.835 2.84297  -0.964484
0.836 2.84259  -0.964395
0.837 2.8422  -0.964306
0.838 2.84182  -0.964217
0.839 2.84144  -0.964127
0.84 2.84105  -0.964038
0.841 2.84066  -0.963948
0.842 2.84028  -0.963858
0.843 2.83989  -0.963768
0.844 2.8395  -0.963678
0.845 2.83911  -0.963588
0.846 2.83873  -0.963498
0.847 2.83834  -0.963407
0.848 2.83795  -0.963317
0.849 2.83756  -0.963226
0.85 2.83717  -0.963135
0.851 2.83678  -0.963044
0.852 2.83638  -0.962953
0.853 2.83599  -0.962862
0.854 2.8356  -0.96277
0.855 2.83521  -0.962679
0.856 2.83481  -0.962587
0.857 2.83442  -0.962496
0.858 2.83402  -0.962404
0.859 2.83363  -0.962312
0.86 2.83323  -0.96222
0.861 2.83284  -0.962127
0.862 2.83244  -0.962035
0.863 2.83204  -0.961943
0.864 2.83165  -0.96185
0.865 2.83125  -0.961757
0.866 2.83085  -0.961664
0.867 2.83045  -0.961571
0.868 2.83005  -0.961478
0.869 2.82965  -0.961385
0.87 2.82925  -0.961292
0.871 2.82885  -0.961198
0.872 2.82845  -0.961104
0.873 2.82804  -0.961011
0.874 2.82764  -0.960917
0.875 2.82724  -0.960823
0.876 2.82684  -0.960729
0.877 2.82643  -0.960634
0.878 2.82603  -0.96054
0.879 2.82562  -0.960445
0.88 2.82522  -0.960351
0.881 2.82481  -0.960256
0.882 2.8244  -0.960161
0.883 2.824  -0.960066
0.884 2.82359  -0.959971
0.885 2.82318  -0.959875
0.886 2.82277  -0.95978
0.887 2.82236  -0.959684
0.888 2.82195  -0.959589
0.889 2.82154  -0.959493
0.89 2.82113  -0.959397
0.891 2.82072  -0.959301
0.892 2.82031  -0.959204
0.893 2.8199  -0.959108
0.894 2.81948  -0.959012
0.895 2.81907  -0.958915
0.896 2.81866  -0.958818
0.897 2.81824  -0.958721
0.898 2.81783  -0.958624
0.899 2.81741  -0.958527
0.9 2.817  -0.95843
0.901 2.81658  -0.958332
0.902 2.81616  -0.958235
0.903 2.81575  -0.958137
0.904 2.81533  -0.958039
0.905 2.81491  -0.957941
0.906 2.81449  -0.957843
0.907 2.81407  -0.957745
0.908 2.81365  -0.957647
0.909 2.81323  -0.957548
0.91 2.81281  -0.95745
0.911 2.81239  -0.957351
0.912 2.81197  -0.957252
0.913 2.81155  -0.957153
0.914 2.81112  -0.957054
0.915 2.8107  -0.956955
0.916 2.81028  -0.956855
0.917 2.80985  -0.956756
0.918 2.80943  -0.956656
0.919 2.809  -0.956557
0.92 2.80858  -0.956457
0.921 2.80815  -0.956357
0.922 2.80772  -0.956256
0.923 2.8073  -0.956156
0.924 2.80687  -0.956056
0.925 2.80644  -0.955955
0.926 2.80601  -0.955854
0.927 2.80558  -0.955753
0.928 2.80515  -0.955652
0.929 2.80472  -0.955551
0.93 2.80429  -0.95545
0.931 2.80386  -0.955349
0.932 2.80343  -0.955247
0.933 2.80299  -0.955146
0.934 2.80256  -0.955044
0.935 2.80213  -0.954942
0.936 2.80169  -0.95484
0.937 2.80126  -0.954738
0.938 2.80082  -0.954635
0.939 2.80039  -0.954533
0.94 2.79995  -0.95443
0.941 2.79951  -0.954328
0.942 2.79908  -0.954225
0.943 2.79864  -0.954122
0.944 2.7982  -0.954019
0.945 2.79776  -0.953915
0.946 2.79732  -0.953812
0.947 2.79688  -0.953708
0.948 2.79644  -0.953605
0.949 2.796  -0.953501
0.95 2.79556  -0.953397
0.951 2.79512  -0.953293
0.952 2.79468  -0.953189
0.953 2.79423  -0.953084
0.954 2.79379  -0.95298
0.955 2.79335  -0.952875
0.956 2.7929  -0.952771
0.957 2.79246  -0.952666
0.958 2.79201  -0.952561
0.959 2.79157  -0.952456
0.96 2.79112  -0.95235
0.961 2.79067  -0.952245
0.962 2.79022  -0.952139
0.963 2.78978  -0.952034
0.964 2.78933  -0.951928
0.965 2.78888  -0.951822
0.966 2.78843  -0.951716
0.967 2.78798  -0.951609
0.968 2.78753  -0.951503
0.969 2.78708  -0.951397
0.97 2.78663  -0.95129
0.971 2.78617  -0.951183
0.972 2.78572  -0.951076
0.973 2.78527  -0.950969
0.974 2.78481  -0.950862
0.975 2.78436  -0.950755
0.976 2.78391  -0.950647
0.977 2.78345  -0.950539
0.978 2.78299  -0.950432
0.979 2.78254  -0.950324
0.98 2.78208  -0.950216
0.981 2.78162  -0.950108
0.982 2.78117  -0.949999
0.983 2.78071  -0.949891
0.984 2.78025  -0.949782
0.985 2.77979  -0.949674
0.986 2.77933  -0.949565
0.987 2.77887  -0.949456
0.988 2.77841  -0.949347
0.989 2.77795  -0.949237
0.99 2.77748  -0.949128
0.991 2.77702  -0.949018
0.992 2.77656  -0.948909
0.993 2.77609  -0.948799
0.994 2.77563  -0.948689
0.995 2.77517  -0.948579
0.996 2.7747  -0.948468
0.997 2.77423  -0.948358
0.998 2.77377  -0.948247
0.999 2.7733  -0.948137
1 2.77283  -0.948026
1.001 2.77237  -0.947915
1.002 2.7719  -0.947804
1.003 2.77143  -0.947693
1.004 2.77096  -0.947581
1.005 2.77049  -0.94747
1.006 2.77002  -0.947358
1.007 2.76955  -0.947246
1.008 2.76908  -0.947134
1.009 2.76861  -0.947022
1.01 2.76813  -0.94691
1.011 2.76766  -0.946798
1.012 2.76719  -0.946685
1.013 2.76671  -0.946573
1.014 2.76624  -0.94646
1.015 2.76576  -0.946347
1.016 2.76529  -0.946234
1.017 2.76481  -0.946121
1.018 2.76433  -0.946007
1.019 2.76386  -0.945894
1.02 2.76338  -0.94578
1.021 2.7629  -0.945666
1.022 2.76242  -0.945552
1.023 2.76194  -0.945438
1.024 2.76146  -0.945324
1.025 2.76098  -0.94521
1.026 2.7605  -0.945095
1.027 2.76002  -0.944981
1.028 2.75954  -0.944866
1.029 2.75905  -0.944751
1.03 2.75857  -0.944636
1.031 2.75809  -0.944521
1.032 2.7576  -0.944405
1.033 2.75712  -0.94429
1.034 2.75663  -0.944174
1.035 2.75615  -0.944059
1.036 2.75566  -0.943943
1.037 2.75517  -0.943827
1.038 2.75469  -0.94371
1.039 2.7542  -0.943594
1.04 2.75371  -0.943477
1.041 2.75322  -0.943361
1.042 2.75273  -0.943244
1.043 2.75224  -0.943127
1.044 2.75175  -0.94301
1.045 2.75126  -0.942893
1.046 2.75077  -0.942775
1.047 2.75028  -0.942658
1.048 2.74978  -0.94254
1.049 2.74929  -0.942422
1.05 2.7488  -0.942305
1.051 2.7483  -0.942186
1.052 2.74781  -0.942068
1.053 2.74731  -0.94195
1.054 2.74682  -0.941831
1.055 2.74632  -0.941713
1.056 2.74582  -0.941594
1.057 2.74532  -0.941475
1.058 2.74483  -0.941356
1.059 2.74433  -0.941236
1.06 2.74383  -0.941117
1.061 2.74333  -0.940998
1.062 2.74283  -0.940878
1.063 2.74233  -0.940758
1.064 2.74183  -0.940638
1.065 2.74132  -0.940518
1.066 2.74082  -0.940398
1.067 2.74032  -0.940277
1.068 2.73982  -0.940157
1.069 2.73931  -0.940036
1.07 2.73881  -0.939915
1.071 2.7383  -0.939794
1.072 2.7378  -0.939673
1.073 2.73729  -0.939551
1.074 2.73678  -0.93943
1.075 2.73628  -0.939308
1.076 2.73577  -0.939187
1.077 2.73526  -0.939065
1.078 2.73475  -0.938943
1.079 2.73424  -0.93882
1.08 2.73373  -0.938698
1.081 2.73322  -0.938576
1.082 2.73271  -0.938453
1.083 2.7322  -0.93833
1.084 2.73169  -0.938207
1.085 2.73117  -0.938084
1.086 2.73066  -0.937961
1.087 2.73015  -0.937837
1.088 2.72963  -0.937714
1.089 2.72912  -0.93759
1.09 2.7286  -0.937466
1.091 2.72809  -0.937342
1.092 2.72757  -0.937218
1.093 2.72705  -0.937094
1.094 2.72654  -0.936969
1.095 2.72602  -0.936845
1.096 2.7255  -0.93672
1.097 2.72498  -0.936595
1.098 2.72446  -0.93647
1.099 2.72394  -0.936345
1.1 2.72342  -0.93622
1.101 2.7229  -0.936094
1.102 2.72238  -0.935968
1.103 2.72185  -0.935843
1.104 2.72133  -0.935717
1.105 2.72081  -0.935591
1.106 2.72028  -0.935464
1.107 2.71976  -0.935338
1.108 2.71923  -0.935211
1.109 2.71871  -0.935085
1.11 2.71818  -0.934958
1.111 2.71765  -0.934831
1.112 2.71713  -0.934704
1.113 2.7166  -0.934576
1.114 2.71607  -0.934449
1.115 2.71554  -0.934321
1.116 2.71501  -0.934193
1.117 2.71448  -0.934065
1.118 2.71395  -0.933937
1.119 2.71342  -0.933809
1.12 2.71289  -0.933681
1.121 2.71235  -0.933552
1.122 2.71182  -0.933423
1.123 2.71129  -0.933295
1.124 2.71075  -0.933166
1.125 2.71022  -0.933036
1.126 2.70968  -0.932907
1.127 2.70915  -0.932778
1.128 2.70861  -0.932648
1.129 2.70808  -0.932518
1.13 2.70754  -0.932388
1.131 2.707  -0.932258
1.132 2.70646  -0.932128
1.133 2.70592  -0.931997
1.134 2.70538  -0.931867
1.135 2.70484  -0.931736
1.136 2.7043  -0.931605
1.137 2.70376  -0.931474
1.138 2.70322  -0.931343
1.139 2.70268  -0.931212
1.14 2.70213  -0.93108
1.141 2.70159  -0.930949
1.142 2.70105  -0.930817
1.143 2.7005  -0.930685
1.144 2.69996  -0.930553
1.145 2.69941  -0.93042
1.146 2.69887  -0.930288
1.147 2.69832  -0.930155
1.148 2.69777  -0.930023
1.149 2.69722  -0.92989
1.15 2.69668  -0.929757
1.151 2.69613  -0.929624
1.152 2.69558  -0.92949
1.153 2.69503  -0.929357
1.154 2.69448  -0.929223
1.155 2.69392  -0.929089
1.156 2.69337  -0.928955
1.157 2.69282  -0.928821
1.158 2.69227  -0.928687
1.159 2.69171  -0.928552
1.16 2.69116  -0.928417
1.161 2.69061  -0.928283
1.162 2.69005  -0.928148
1.163 2.6895  -0.928013
1.164 2.68894  -0.927877
1.165 2.68838  -0.927742
1.166 2.68782  -0.927606
1.167 2.68727  -0.92747
1.168 2.68671  -0.927335
1.169 2.68615  -0.927199
1.17 2.68559  -0.927062
1.171 2.68503  -0.926926
1.172 2.68447  -0.926789
1.173 2.68391  -0.926653
1.174 2.68335  -0.926516
1.175 2.68278  -0.926379
1.176 2.68222  -0.926241
1.177 2.68166  -0.926104
1.178 2.68109  -0.925967
1.179 2.68053  -0.925829
1.18 2.67996  -0.925691
1.181 2.6794  -0.925553
1.182 2.67883  -0.925415
1.183 2.67826  -0.925277
1.184 2.6777  -0.925138
1.185 2.67713  -0.924999
1.186 2.67656  -0.924861
1.187 2.67599  -0.924722
1.188 2.67542  -0.924583
1.189 2.67485  -0.924443
1.19 2.67428  -0.924304
1.191 2.67371  -0.924164
1.192 2.67313  -0.924024
1.193 2.67256  -0.923884
1.194 2.67199  -0.923744
1.195 2.67141  -0.923604
1.196 2.67084  -0.923464
1.197 2.67027  -0.923323
1.198 2.66969  -0.923182
1.199 2.66911  -0.923041
1.2 2.66854  -0.9229
1.201 2.66796  -0.922759
1.202 2.66738  -0.922617
1.203 2.6668  -0.922476
1.204 2.66623  -0.922334
1.205 2.66565  -0.922192
1.206 2.66507  -0.92205
1.207 2.66448  -0.921908
1.208 2.6639  -0.921765
1.209 2.66332  -0.921623
1.21 2.66274  -0.92148
1.211 2.66216  -0.921337
1.212 2.66157  -0.921194
1.213 2.66099  -0.921051
1.214 2.6604  -0.920907
1.215 2.65982  -0.920764
1.216 2.65923  -0.92062
1.217 2.65865  -0.920476
1.218 2.65806  -0.920332
1.219 2.65747  -0.920188
1.22 2.65688  -0.920043
1.221 2.6563  -0.919899
1.222 2.65571  -0.919754
1.223 2.65512  -0.919609
1.224 2.65453  -0.919464
1.225 2.65394  -0.919319
1.226 2.65334  -0.919173
1.227 2.65275  -0.919028
1.228 2.65216  -0.918882
1.229 2.65157  -0.918736
1.23 2.65097  -0.91859
1.231 2.65038  -0.918444
1.232 2.64978  -0.918297
1.233 2.64919  -0.918151
1.234 2.64859  -0.918004
1.235 2.64799  -0.917857
1.236 2.6474  -0.91771
1.237 2.6468  -0.917563
1.238 2.6462  -0.917415
1.239 2.6456  -0.917267
1.24 2.645  -0.91712
1.241 2.6444  -0.916972
1.242 2.6438  -0.916824
1.243 2.6432  -0.916675
1.244 2.6426  -0.916527
1.245 2.64199  -0.916378
1.246 2.64139  -0.916229
1.247 2.64079  -0.91608
1.248 2.64018  -0.915931
1.249 2.63958  -0.915782
1.25 2.63897  -0.915632
1.251 2.63837  -0.915483
1.252 2.63776  -0.915333
1.253 2.63715  -0.915183
1.254 2.63654  -0.915033
1.255 2.63594  -0.914882
1.256 2.63533  -0.914732
1.257 2.63472  -0.914581
1.258 2.63411  -0.91443
1.259 2.6335  -0.914279
1.26 2.63288  -0.914128
1.261 2.63227  -0.913976
1.262 2.63166  -0.913825
1.263 2.63105  -0.913673
1.264 2.63043  -0.913521
1.265 2.62982  -0.913369
1.266 2.6292  -0.913217
1.267 2.62859  -0.913064
1.268 2.62797  -0.912912
1.269 2.62736  -0.912759
1.27 2.62674  -0.912606
1.271 2.62612  -0.912453
1.272 2.6255  -0.912299
1.273 2.62488  -0.912146
1.274 2.62426  -0.911992
1.275 2.62364  -0.911838
1.276 2.62302  -0.911684
1.277 2.6224  -0.91153
1.278 2.62178  -0.911376
1.279 2.62116  -0.911221
1.28 2.62053  -0.911066
1.281 2.61991  -0.910911
1.282 2.61928  -0.910756
1.283 2.61866  -0.910601
1.284 2.61803  -0.910446
1.285 2.61741  -0.91029
1.286 2.61678  -0.910134
1.287 2.61615  -0.909978
1.288 2.61553  -0.909822
1.289 2.6149  -0.909666
1.29 2.61427  -0.909509
1.291 2.61364  -0.909353
1.292 2.61301  -0.909196
1.293 2.61238  -0.909039
1.294 2.61175  -0.908881
1.295 2.61111  -0.908724
1.296 2.61048  -0.908566
1.297 2.60985  -0.908409
1.298 2.60921  -0.908251
1.299 2.60858  -0.908092
1.3 2.60794  -0.907934
1.301 2.60731  -0.907776
1.302 2.60667  -0.907617
1.303 2.60603  -0.907458
1.304 2.6054  -0.907299
1.305 2.60476  -0.90714
1.306 2.60412  -0.90698
1.307 2.60348  -0.906821
1.308 2.60284  -0.906661
1.309 2.6022  -0.906501
1.31 2.60156  -0.906341
1.311 2.60092  -0.906181
1.312 2.60028  -0.90602
1.313 2.59963  -0.90586
1.314 2.59899  -0.905699
1.315 2.59834  -0.905538
1.316 2.5977  -0.905376
1.317 2.59705  -0.905215
1.318 2.59641  -0.905053
1.319 2.59576  -0.904892
1.32 2.59511  -0.90473
1.321 2.59447  -0.904568
1.322 2.59382  -0.904405
1.323 2.59317  -0.904243
1.324 2.59252  -0.90408
1.325 2.59187  -0.903917
1.326 2.59122  -0.903754
1.327 2.59057  -0.903591
1.328 2.58992  -0.903427
1.329 2.58926  -0.903264
1.33 2.58861  -0.9031
1.331 2.58796  -0.902936
1.332 2.5873  -0.902772
1.333 2.58665  -0.902607
1.334 2.58599  -0.902443
1.335 2.58533  -0.902278
1.336 2.58468  -0.902113
1.337 2.58402  -0.901948
1.338 2.58336  -0.901783
1.339 2.5827  -0.901617
1.34 2.58204  -0.901452
1.341 2.58138  -0.901286
1.342 2.58072  -0.90112
1.343 2.58006  -0.900953
1.344 2.5794  -0.900787
1.345 2.57874  -0.90062
1.346 2.57807  -0.900454
1.347 2.57741  -0.900287
1.348 2.57675  -0.900119
1.349 2.57608  -0.899952
1.35 2.57542  -0.899784
1.351 2.57475  -0.899617
1.352 2.57408  -0.899449
1.353 2.57342  -0.899281
1.354 2.57275  -0.899112
1.355 2.57208  -0.898944
1.356 2.57141  -0.898775
1.357 2.57074  -0.898606
1.358 2.57007  -0.898437
1.359 2.5694  -0.898268
1.36 2.56873  -0.898098
1.361 2.56806  -0.897929
1.362 2.56738  -0.897759
1.363 2.56671  -0.897589
1.364 2.56603  -0.897418
1.365 2.56536  -0.897248
1.366 2.56468  -0.897077
1.367 2.56401  -0.896907
1.368 2.56333  -0.896736
1.369 2.56265  -0.896564
1.37 2.56198  -0.896393
1.371 2.5613  -0.896221
1.372 2.56062  -0.89605
1.373 2.55994  -0.895878
1.374 2.55926  -0.895705
1.375 2.55858  -0.895533
1.376 2.5579  -0.89536
1.377 2.55721  -0.895188
1.378 2.55653  -0.895015
1.379 2.55585  -0.894842
1.38 2.55516  -0.894668
1.381 2.55448  -0.894495
1.382 2.55379  -0.894321
1.383 2.55311  -0.894147
1.384 2.55242  -0.893973
1.385 2.55173  -0.893799
1.386 2.55105  -0.893624
1.387 2.55036  -0.893449
1.388 2.54967  -0.893274
1.389 2.54898  -0.893099
1.39 2.54829  -0.892924
1.391 2.5476  -0.892748
1.392 2.5469  -0.892573
1.393 2.54621  -0.892397
1.394 2.54552  -0.892221
1.395 2.54483  -0.892044
1.396 2.54413  -0.891868
1.397 2.54344  -0.891691
1.398 2.54274  -0.891514
1.399 2.54205  -0.891337
1.4 2.54135  -0.89116
1.401 2.54065  -0.890982
1.402 2.53995  -0.890804
1.403 2.53925  -0.890627
1.404 2.53856  -0.890448
1.405 2.53786  -0.89027
1.406 2.53715  -0.890092
1.407 2.53645  -0.889913
1.408 2.53575  -0.889734
1.409 2.53505  -0.889555
1.41 2.53435  -0.889376
1.411 2.53364  -0.889196
1.412 2.53294  -0.889016
1.413 2.53223  -0.888836
1.414 2.53153  -0.888656
1.415 2.53082  -0.888476
1.416 2.53011  -0.888295
1.417 2.52941  -0.888115
1.418 2.5287  -0.887934
1.419 2.52799  -0.887752
1.42 2.52728  -0.887571
1.421 2.52657  -0.88739
1.422 2.52586  -0.887208
1.423 2.52515  -0.887026
1.424 2.52444  -0.886844
1.425 2.52372  -0.886661
1.426 2.52301  -0.886479
1.427 2.5223  -0.886296
1.428 2.52158  -0.886113
1.429 2.52087  -0.88593
1.43 2.52015  -0.885746
1.431 2.51943  -0.885563
1.432 2.51872  -0.885379
1.433 2.518  -0.885195
1.434 2.51728  -0.88501
1.435 2.51656  -0.884826
1.436 2.51584  -0.884641
1.437 2.51512  -0.884456
1.438 2.5144  -0.884271
1.439 2.51368  -0.884086
1.44 2.51296  -0.883901
1.441 2.51223  -0.883715
1.442 2.51151  -0.883529
1.443 2.51078  -0.883343
1.444 2.51006  -0.883157
1.445 2.50933  -0.88297
1.446 2.50861  -0.882783
1.447 2.50788  -0.882596
1.448 2.50715  -0.882409
1.449 2.50643  -0.882222
1.45 2.5057  -0.882034
1.451 2.50497  -0.881846
1.452 2.50424  -0.881658
1.453 2.50351  -0.88147
1.454 2.50277  -0.881282
1.455 2.50204  -0.881093
1.456 2.50131  -0.880904
1.457 2.50058  -0.880715
1.458 2.49984  -0.880526
1.459 2.49911  -0.880336
1.46 2.49837  -0.880146
1.461 2.49764  -0.879956
1.462 2.4969  -0.879766
1.463 2.49616  -0.879576
1.464 2.49542  -0.879385
1.465 2.49468  -0.879194
1.466 2.49395  -0.879003
1.467 2.49321  -0.878812
1.468 2.49246  -0.878621
1.469 2.49172  -0.878429
1.47 2.49098  -0.878237
1.471 2.49024  -0.878045
1.472 2.4895  -0.877853
1.473 2.48875  -0.87766
1.474 2.48801  -0.877468
1.475 2.48726  -0.877275
1.476 2.48652  -0.877081
1.477 2.48577  -0.876888
1.478 2.48502  -0.876694
1.479 2.48427  -0.8765
1.48 2.48352  -0.876306
1.481 2.48278  -0.876112
1.482 2.48203  -0.875918
1.483 2.48127  -0.875723
1.484 2.48052  -0.875528
1.485 2.47977  -0.875333
1.486 2.47902  -0.875137
1.487 2.47827  -0.874942
1.488 2.47751  -0.874746
1.489 2.47676  -0.87455
1.49 2.476  -0.874354
1.491 2.47525  -0.874157
1.492 2.47449  -0.87396
1.493 2.47373  -0.873764
1.494 2.47297  -0.873566
1.495 2.47222  -0.873369
1.496 2.47146  -0.873171
1.497 2.4707  -0.872974
1.498 2.46994  -0.872776
1.499 2.46917  -0.872577
1.5 2.46841  -0.872379
1.501 2.46765  -0.87218
1.502 2.46689  -0.871981
1.503 2.46612  -0.871782
1.504 2.46536  -0.871583
1.505 2.46459  -0.871383
1.506 2.46383  -0.871183
1.507 2.46306  -0.870983
1.508 2.46229  -0.870783
1.509 2.46152  -0.870582
1.51 2.46076  -0.870381
1.511 2.45999  -0.87018
1.512 2.45922  -0.869979
1.513 2.45844  -0.869778
1.514 2.45767  -0.869576
1.515 2.4569  -0.869374
1.516 2.45613  -0.869172
1.517 2.45535  -0.86897
1.518 2.45458  -0.868767
1.519 2.45381  -0.868564
1.52 2.45303  -0.868361
1.521 2.45225  -0.868158
1.522 2.45148  -0.867955
1.523 2.4507  -0.867751
1.524 2.44992  -0.867547
1.525 2.44914  -0.867343
1.526 2.44836  -0.867138
1.527 2.44758  -0.866934
1.528 2.4468  -0.866729
1.529 2.44602  -0.866524
1.53 2.44524  -0.866318
1.531 2.44445  -0.866113
1.532 2.44367  -0.865907
1.533 2.44289  -0.865701
1.534 2.4421  -0.865494
1.535 2.44132  -0.865288
1.536 2.44053  -0.865081
1.537 2.43974  -0.864874
1.538 2.43895  -0.864667
1.539 2.43816  -0.86446
1.54 2.43738  -0.864252
1.541 2.43659  -0.864044
1.542 2.4358  -0.863836
1.543 2.435  -0.863627
1.544 2.43421  -0.863419
1.545 2.43342  -0.86321
1.546 2.43263  -0.863001
1.547 2.43183  -0.862791
1.548 2.43104  -0.862582
1.549 2.43024  -0.862372
1.55 2.42944  -0.862162
1.551 2.42865  -0.861952
1.552 2.42785  -0.861741
1.553 2.42705  -0.86153
1.554 2.42625  -0.861319
1.555 2.42545  -0.861108
1.556 2.42465  -0.860896
1.557 2.42385  -0.860685
1.558 2.42305  -0.860473
1.559 2.42225  -0.860261
1.56 2.42144  -0.860048
1.561 2.42064  -0.859835
1.562 2.41984  -0.859622
1.563 2.41903  -0.859409
1.564 2.41822  -0.859196
1.565 2.41742  -0.858982
1.566 2.41661  -0.858768
1.567 2.4158  -0.858554
1.568 2.41499  -0.85834
1.569 2.41418  -0.858125
1.57 2.41337  -0.85791
1.571 2.41256  -0.857695
1.572 2.41175  -0.85748
1.573 2.41094  -0.857264
1.574 2.41013  -0.857048
1.575 2.40931  -0.856832
1.576 2.4085  -0.856616
1.577 2.40768  -0.856399
1.578 2.40687  -0.856182
1.579 2.40605  -0.855965
1.58 2.40523  -0.855748
1.581 2.40442  -0.85553
1.582 2.4036  -0.855312
1.583 2.40278  -0.855094
1.584 2.40196  -0.854876
1.585 2.40114  -0.854657
1.586 2.40032  -0.854438
1.587 2.39949  -0.854219
1.588 2.39867  -0.854
1.589 2.39785  -0.85378
1.59 2.39702  -0.85356
1.591 2.3962  -0.85334
1.592 2.39537  -0.85312
1.593 2.39454  -0.852899
1.594 2.39372  -0.852678
1.595 2.39289  -0.852457
1.596 2.39206  -0.852236
1.597 2.39123  -0.852014
1.598 2.3904  -0.851792
1.599 2.38957  -0.85157
1.6 2.38874  -0.851348
1.601 2.38791  -0.851125
1.602 2.38707  -0.850902
1.603 2.38624  -0.850679
1.604 2.38541  -0.850456
1.605 2.38457  -0.850232
1.606 2.38373  -0.850008
1.607 2.3829  -0.849784
1.608 2.38206  -0.84956
1.609 2.38122  -0.849335
1.61 2.38038  -0.84911
1.611 2.37954  -0.848885
1.612 2.3787  -0.84866
1.613 2.37786  -0.848434
1.614 2.37702  -0.848208
1.615 2.37618  -0.847982
1.616 2.37534  -0.847755
1.617 2.37449  -0.847528
1.618 2.37365  -0.847301
1.619 2.3728  -0.847074
1.62 2.37196  -0.846847
1.621 2.37111  -0.846619
1.622 2.37026  -0.846391
1.623 2.36941  -0.846162
1.624 2.36856  -0.845934
1.625 2.36771  -0.845705
1.626 2.36686  -0.845476
1.627 2.36601  -0.845247
1.628 2.36516  -0.845017
1.629 2.36431  -0.844787
1.63 2.36346  -0.844557
1.631 2.3626  -0.844326
1.632 2.36175  -0.844096
1.633 2.36089  -0.843865
1.634 2.36003  -0.843634
1.635 2.35918  -0.843402
1.636 2.35832  -0.84317
1.637 2.35746  -0.842938
1.638 2.3566  -0.842706
1.639 2.35574  -0.842474
1.64 2.35488  -0.842241
1.641 2.35402  -0.842008
1.642 2.35316  -0.841774
1.643 2.35229  -0.841541
1.644 2.35143  -0.841307
1.645 2.35057  -0.841073
1.646 2.3497  -0.840838
1.647 2.34884  -0.840603
1.648 2.34797  -0.840368
1.649 2.3471  -0.840133
1.65 2.34623  -0.839898
1.651 2.34536  -0.839662
1.652 2.34449  -0.839426
1.653 2.34362  -0.83919
1.654 2.34275  -0.838953
1.655 2.34188  -0.838716
1.656 2.34101  -0.838479
1.657 2.34014  -0.838241
1.658 2.33926  -0.838004
1.659 2.33839  -0.837766
1.66 2.33751  -0.837528
1.661 2.33663  -0.837289
1.662 2.33576  -0.83705
1.663 2.33488  -0.836811
1.664 2.334  -0.836572
1.665 2.33312  -0.836332
1.666 2.33224  -0.836092
1.667 2.33136  -0.835852
1.668 2.33048  -0.835612
1.669 2.3296  -0.835371
1.67 2.32871  -0.83513
1.671 2.32783  -0.834888
1.672 2.32694  -0.834647
1.673 2.32606  -0.834405
1.674 2.32517  -0.834163
1.675 2.32429  -0.83392
1.676 2.3234  -0.833678
1.677 2.32251  -0.833435
1.678 2.32162  -0.833192
1.679 2.32073  -0.832948
1.68 2.31984  -0.832704
1.681 2.31895  -0.83246
1.682 2.31806  -0.832216
1.683 2.31716  -0.831971
1.684 2.31627  -0.831726
1.685 2.31537  -0.831481
1.686 2.31448  -0.831235
1.687 2.31358  -0.830989
1.688 2.31269  -0.830743
1.689 2.31179  -0.830497
1.69 2.31089  -0.83025
1.691 2.30999  -0.830003
1.692 2.30909  -0.829756
1.693 2.30819  -0.829508
1.694 2.30729  -0.829261
1.695 2.30639  -0.829012
1.696 2.30548  -0.828764
1.697 2.30458  -0.828515
1.698 2.30368  -0.828266
1.699 2.30277  -0.828017
1.7 2.30186  -0.827767
1.701 2.30096  -0.827518
1.702 2.30005  -0.827267
1.703 2.29914  -0.827017
1.704 2.29823  -0.826766
1.705 2.29732  -0.826515
1.706 2.29641  -0.826264
1.707 2.2955  -0.826012
1.708 2.29459  -0.82576
1.709 2.29367  -0.825508
1.71 2.29276  -0.825256
1.711 2.29185  -0.825003
1.712 2.29093  -0.82475
1.713 2.29001  -0.824496
1.714 2.2891  -0.824243
1.715 2.28818  -0.823989
1.716 2.28726  -0.823735
1.717 2.28634  -0.82348
1.718 2.28542  -0.823225
1.719 2.2845  -0.82297
1.72 2.28358  -0.822714
1.721 2.28266  -0.822459
1.722 2.28173  -0.822203
1.723 2.28081  -0.821946
1.724 2.27988  -0.82169
1.725 2.27896  -0.821433
1.726 2.27803  -0.821175
1.727 2.27711  -0.820918
1.728 2.27618  -0.82066
1.729 2.27525  -0.820402
1.73 2.27432  -0.820143
1.731 2.27339  -0.819884
1.732 2.27246  -0.819625
1.733 2.27153  -0.819366
1.734 2.27059  -0.819106
1.735 2.26966  -0.818846
1.736 2.26872  -0.818586
1.737 2.26779  -0.818325
1.738 2.26685  -0.818064
1.739 2.26592  -0.817803
1.74 2.26498  -0.817542
1.741 2.26404  -0.81728
1.742 2.2631  -0.817018
1.743 2.26216  -0.816755
1.744 2.26122  -0.816493
1.745 2.26028  -0.816229
1.746 2.25934  -0.815966
1.747 2.25839  -0.815702
1.748 2.25745  -0.815438
1.749 2.25651  -0.815174
1.75 2.25556  -0.814909
1.751 2.25461  -0.814645
1.752 2.25367  -0.814379
1.753 2.25272  -0.814114
1.754 2.25177  -0.813848
1.755 2.25082  -0.813582
1.756 2.24987  -0.813315
1.757 2.24892  -0.813048
1.758 2.24797  -0.812781
1.759 2.24702  -0.812514
1.76 2.24606  -0.812246
1.761 2.24511  -0.811978
1.762 2.24415  -0.81171
1.763 2.2432  -0.811441
1.764 2.24224  -0.811172
1.765 2.24128  -0.810903
1.766 2.24032  -0.810633
1.767 2.23936  -0.810363
1.768 2.2384  -0.810093
1.769 2.23744  -0.809822
1.77 2.23648  -0.809551
1.771 2.23552  -0.80928
1.772 2.23456  -0.809008
1.773 2.23359  -0.808736
1.774 2.23263  -0.808464
1.775 2.23166  -0.808192
1.776 2.23069  -0.807919
1.777 2.22973  -0.807645
1.778 2.22876  -0.807372
1.779 2.22779  -0.807098
1.78 2.22682  -0.806824
1.781 2.22585  -0.80655
1.782 2.22488  -0.806275
1.783 2.22391  -0.806
1.784 2.22293  -0.805724
1.785 2.22196  -0.805448
1.786 2.22098  -0.805172
1.787 2.22001  -0.804896
1.788 2.21903  -0.804619
1.789 2.21805  -0.804342
1.79 2.21708  -0.804065
1.791 2.2161  -0.803787
1.792 2.21512  -0.803509
1.793 2.21414  -0.80323
1.794 2.21316  -0.802952
1.795 2.21217  -0.802673
1.796 2.21119  -0.802393
1.797 2.21021  -0.802113
1.798 2.20922  -0.801833
1.799 2.20824  -0.801553
1.8 2.20725  -0.801272
1.801 2.20626  -0.800991
1.802 2.20527  -0.80071
1.803 2.20429  -0.800428
1.804 2.2033  -0.800146
1.805 2.20231  -0.799864
1.806 2.20131  -0.799581
1.807 2.20032  -0.799298
1.808 2.19933  -0.799014
1.809 2.19833  -0.798731
1.81 2.19734  -0.798446
1.811 2.19634  -0.798162
1.812 2.19535  -0.797877
1.813 2.19435  -0.797592
1.814 2.19335  -0.797306
1.815 2.19235  -0.79702
1.816 2.19135  -0.796734
1.817 2.19035  -0.796447
1.818 2.18935  -0.79616
1.819 2.18835  -0.795873
1.82 2.18734  -0.795585
1.821 2.18634  -0.795297
1.822 2.18533  -0.795009
1.823 2.18433  -0.79472
1.824 2.18332  -0.794431
1.825 2.18231  -0.794141
1.826 2.1813  -0.793851
1.827 2.18029  -0.793561
1.828 2.17928  -0.79327
1.829 2.17827  -0.792979
1.83 2.17726  -0.792687
1.831 2.17624  -0.792395
1.832 2.17523  -0.792102
1.833 2.17421  -0.79181
1.834 2.1732  -0.791516
1.835 2.17218  -0.791223
1.836 2.17116  -0.790928
1.837 2.17014  -0.790634
1.838 2.16912  -0.790339
1.839 2.1681  -0.790043
1.84 2.16708  -0.789747
1.841 2.16605  -0.789451
1.842 2.16503  -0.789154
1.843 2.164  -0.788857
1.844 2.16298  -0.788559
1.845 2.16195  -0.788261
1.846 2.16092  -0.787962
1.847 2.15989  -0.787663
1.848 2.15886  -0.787363
1.849 2.15783  -0.787063
1.85 2.15679  -0.786762
1.851 2.15576  -0.78646
1.852 2.15473  -0.786159
1.853 2.15369  -0.785856
1.854 2.15265  -0.785553
1.855 2.15161  -0.78525
1.856 2.15058  -0.784946
1.857 2.14953  -0.784641
1.858 2.14849  -0.784336
1.859 2.14745  -0.78403
1.86 2.14641  -0.783723
1.861 2.14536  -0.783416
1.862 2.14432  -0.783109
1.863 2.14327  -0.7828
1.864 2.14222  -0.782491
1.865 2.14117  -0.782181
1.866 2.14012  -0.781871
1.867 2.13907  -0.78156
1.868 2.13801  -0.781248
1.869 2.13696  -0.780936
1.87 2.1359  -0.780623
1.871 2.13484  -0.780309
1.872 2.13378  -0.779994
1.873 2.13272  -0.779678
1.874 2.13166  -0.779362
1.875 2.1306  -0.779045
1.876 2.12954  -0.778727
1.877 2.12847  -0.778408
1.878 2.1274  -0.778088
1.879 2.12634  -0.777768
1.88 2.12527  -0.777446
1.881 2.12419  -0.777124
1.882 2.12312  -0.776801
1.883 2.12205  -0.776476
1.884 2.12097  -0.776151
1.885 2.1199  -0.775825
1.886 2.11882  -0.775497
1.887 2.11774  -0.775169
1.888 2.11665  -0.774839
1.889 2.11557  -0.774509
1.89 2.11449  -0.774177
1.891 2.1134  -0.773844
1.892 2.11231  -0.773509
1.893 2.11122  -0.773174
1.894 2.11013  -0.772837
1.895 2.10904  -0.772499
1.896 2.10794  -0.77216
1.897 2.10685  -0.771819
1.898 2.10575  -0.771477
1.899 2.10465  -0.771133
1.9 2.10355  -0.770788
1.901 2.10244  -0.770441
1.902 2.10134  -0.770093
1.903 2.10023  -0.769743
1.904 2.09912  -0.769391
1.905 2.09801  -0.769038
1.906 2.0969  -0.768683
1.907 2.09578  -0.768326
1.908 2.09466  -0.767967
1.909 2.09354  -0.767606
1.91 2.09242  -0.767244
1.911 2.0913  -0.766879
1.912 2.09018  -0.766512
1.913 2.08905  -0.766143
1.914 2.08792  -0.765772
1.915 2.08679  -0.765398
1.916 2.08566  -0.765022
1.917 2.08452  -0.764644
1.918 2.08338  -0.764263
1.919 2.08224  -0.763879
1.92 2.0811  -0.763493
1.921 2.07996  -0.763104
1.922 2.07881  -0.762712
1.923 2.07766  -0.762317
1.924 2.07651  -0.761919
1.925 2.07536  -0.761518
1.926 2.0742  -0.761114
1.927 2.07305  -0.760707
1.928 2.07189  -0.760296
1.929 2.07072  -0.759882
1.93 2.06956  -0.759464
1.931 2.06839  -0.759042
1.932 2.06723  -0.758617
1.933 2.06606  -0.758187
1.934 2.06488  -0.757754
1.935 2.06371  -0.757316
1.936 2.06253  -0.756874
1.937 2.06135  -0.756428
1.938 2.06017  -0.755977
1.939 2.05899  -0.755522
1.94 2.05781  -0.755062
1.941 2.05662  -0.754597
1.942 2.05543  -0.754127
1.943 2.05424  -0.753652
1.944 2.05305  -0.753172
1.945 2.05186  -0.752686
1.946 2.05066  -0.752195
1.947 2.04947  -0.751699
1.948 2.04827  -0.751197
1.949 2.04707  -0.750689
1.95 2.04587  -0.750176
1.951 2.04467  -0.749656
1.952 2.04347  -0.749131
1.953 2.04227  -0.748599
1.954 2.04107  -0.748062
1.955 2.03986  -0.747518
1.956 2.03866  -0.746968
1.957 2.03745  -0.746412
1.958 2.03625  -0.74585
1.959 2.03505  -0.745281
1.96 2.03384  -0.744706
1.961 2.03264  -0.744124
1.962 2.03144  -0.743536
1.963 2.03024  -0.742942
1.964 2.02904  -0.742341
1.965 2.02783  -0.741734
1.966 2.02664  -0.741121
1.967 2.02544  -0.740502
1.968 2.02424  -0.739876
1.969 2.02305  -0.739245
1.97 2.02185  -0.738607
1.971 2.02066  -0.737964
1.972 2.01947  -0.737314
1.973 2.01828  -0.736659
1.974 2.0171  -0.735998
1.975 2.01591  -0.735332
1.976 2.01473  -0.73466
1.977 2.01355  -0.733983
1.978 2.01238  -0.733301
1.979 2.0112  -0.732613
1.98 2.01003  -0.731921
1.981 2.00886  -0.731224
1.982 2.00769  -0.730522
1.983 2.00653  -0.729816
1.984 2.00537  -0.729105
1.985 2.00421  -0.72839
1.986 2.00305  -0.72767
1.987 2.0019  -0.726947
1.988 2.00075  -0.72622
1.989 1.9996  -0.725488
1.99 1.99846  -0.724753
1.991 1.99732  -0.724015
1.992 1.99618  -0.723273
1.993 1.99504  -0.722528
1.994 1.99391  -0.721779
1.995 1.99278  -0.721028
1.996 1.99165  -0.720273
1.997 1.99052  -0.719516
1.998 1.9894  -0.718756
1.999 1.98828  -0.717993
2 1.98717  -0.717227
2.001 1.98605  -0.716459
2.002 1.98494  -0.715689
2.003 1.98383  -0.714916
2.004 1.98272  -0.714141
2.005 1.98162  -0.713364
2.006 1.98052  -0.712585
2.007 1.97942  -0.711803
2.008 1.97832  -0.71102
2.009 1.97723  -0.710235
2.01 1.97614  -0.709448
2.011 1.97505  -0.70866
2.012 1.97396  -0.70787
2.013 1.97288  -0.707078
2.014 1.97179  -0.706285
2.015 1.97071  -0.70549
2.016 1.96963  -0.704693
2.017 1.96856  -0.703896
2.018 1.96748  -0.703097
2.019 1.96641  -0.702296
2.02 1.96534  -0.701495
2.021 1.96427  -0.700692
2.022 1.96321  -0.699888
2.023 1.96214  -0.699083
2.024 1.96108  -0.698277
2.025 1.96002  -0.69747
2.026 1.95896  -0.696662
2.027 1.9579  -0.695853
2.028 1.95685  -0.695043
2.029 1.95579  -0.694232
2.03 1.95474  -0.693421
2.031 1.95369  -0.692608
2.032 1.95264  -0.691795
2.033 1.95159  -0.69098
2.034 1.95055  -0.690165
2.035 1.9495  -0.68935
2.036 1.94846  -0.688533
2.037 1.94742  -0.687716
2.038 1.94638  -0.686899
2.039 1.94534  -0.68608
2.04 1.9443  -0.685261
2.041 1.94327  -0.684442
2.042 1.94223  -0.683622
2.043 1.9412  -0.682801
2.044 1.94017  -0.68198
2.045 1.93914  -0.681158
2.046 1.93811  -0.680336
2.047 1.93708  -0.679513
2.048 1.93605  -0.67869
2.049 1.93503  -0.677866
2.05 1.934  -0.677042
2.051 1.93298  -0.676217
2.052 1.93196  -0.675392
2.053 1.93094  -0.674567
2.054 1.92992  -0.673741
2.055 1.9289  -0.672915
2.056 1.92788  -0.672088
2.057 1.92686  -0.671261
2.058 1.92585  -0.670434
2.059 1.92483  -0.669606
2.06 1.92382  -0.668778
2.061 1.9228  -0.66795
2.062 1.92179  -0.667121
2.063 1.92078  -0.666292
2.064 1.91977  -0.665463
2.065 1.91876  -0.664634
2.066 1.91775  -0.663804
2.067 1.91674  -0.662974
2.068 1.91574  -0.662143
2.069 1.91473  -0.661313
2.07 1.91372  -0.660482
2.071 1.91272  -0.659651
2.072 1.91172  -0.65882
2.073 1.91071  -0.657988
2.074 1.90971  -0.657156
2.075 1.90871  -0.656324
2.076 1.90771  -0.655492
2.077 1.90671  -0.65466
2.078 1.90571  -0.653827
2.079 1.90471  -0.652994
2.08 1.90371  -0.652161
2.081 1.90272  -0.651328
2.082 1.90172  -0.650495
2.083 1.90072  -0.649661
2.084 1.89973  -0.648827
2.085 1.89873  -0.647993
2.086 1.89774  -0.647159
2.087 1.89674  -0.646325
2.088 1.89575  -0.645491
2.089 1.89476  -0.644656
2.09 1.89377  -0.643822
2.091 1.89278  -0.642987
2.092 1.89179  -0.642152
2.093 1.8908  -0.641317
2.094 1.88981  -0.640481
2.095 1.88882  -0.639646
2.096 1.88783  -0.638811
2.097 1.88684  -0.637975
2.098 1.88585  -0.637139
2.099 1.88487  -0.636303
2.1 1.88388  -0.635467
2.101 1.88289  -0.634631
2.102 1.88191  -0.633795
2.103 1.88092  -0.632959
2.104 1.87994  -0.632122
2.105 1.87896  -0.631286
2.106 1.87797  -0.630449
2.107 1.87699  -0.629612
2.108 1.87601  -0.628775
2.109 1.87503  -0.627938
2.11 1.87404  -0.627101
2.111 1.87306  -0.626264
2.112 1.87208  -0.625427
2.113 1.8711  -0.62459
2.114 1.87012  -0.623752
2.115 1.86914  -0.622915
2.116 1.86816  -0.622077
2.117 1.86718  -0.62124
2.118 1.8662  -0.620402
2.119 1.86523  -0.619564
2.12 1.86425  -0.618726
2.121 1.86327  -0.617888
2.122 1.8623  -0.61705
2.123 1.86132  -0.616212
2.124 1.86034  -0.615374
2.125 1.85937  -0.614536
2.126 1.85839  -0.613697
2.127 1.85742  -0.612859
2.128 1.85644  -0.612021
2.129 1.85547  -0.611182
2.13 1.85449  -0.610344
2.131 1.85352  -0.609505
2.132 1.85255  -0.608666
2.133 1.85157  -0.607828
2.134 1.8506  -0.606989
2.135 1.84963  -0.60615
2.136 1.84865  -0.605311
2.137 1.84768  -0.604472
2.138 1.84671  -0.603633
2.139 1.84574  -0.602794
2.14 1.84477  -0.601955
2.141 1.8438  -0.601116
2.142 1.84283  -0.600276
2.143 1.84186  -0.599437
2.144 1.84089  -0.598598
2.145 1.83992  -0.597758
2.146 1.83895  -0.596919
2.147 1.83798  -0.596079
2.148 1.83701  -0.59524
2.149 1.83604  -0.5944
2.15 1.83507  -0.593561
2.151 1.8341  -0.592721
2.152 1.83314  -0.591882
2.153 1.83217  -0.591042
2.154 1.8312  -0.590202
2.155 1.83023  -0.589362
2.156 1.82927  -0.588522
2.157 1.8283  -0.587683
2.158 1.82733  -0.586843
2.159 1.82637  -0.586003
2.16 1.8254  -0.585163
2.161 1.82444  -0.584323
2.162 1.82347  -0.583483
2.163 1.82251  -0.582642
2.164 1.82154  -0.581802
2.165 1.82058  -0.580962
2.166 1.81961  -0.580122
2.167 1.81865  -0.579282
2.168 1.81768  -0.578442
2.169 1.81672  -0.577601
2.17 1.81575  -0.576761
2.171 1.81479  -0.575921
2.172 1.81383  -0.57508
2.173 1.81286  -0.57424
2.174 1.8119  -0.573399
2.175 1.81094  -0.572559
2.176 1.80997  -0.571718
2.177 1.80901  -0.570878
2.178 1.80805  -0.570037
2.179 1.80709  -0.569197
2.18 1.80613  -0.568356
2.181 1.80516  -0.567515
2.182 1.8042  -0.566675
2.183 1.80324  -0.565834
2.184 1.80228  -0.564993
2.185 1.80132  -0.564153
2.186 1.80036  -0.563312
2.187 1.7994  -0.562471
2.188 1.79844  -0.56163
2.189 1.79747  -0.56079
2.19 1.79651  -0.559949
2.191 1.79555  -0.559108
2.192 1.79459  -0.558267
2.193 1.79363  -0.557426
2.194 1.79267  -0.556585
2.195 1.79172  -0.555744
2.196 1.79076  -0.554903
2.197 1.7898  -0.554062
2.198 1.78884  -0.553221
2.199 1.78788  -0.55238
2.2 1.78692  -0.551539
2.201 1.78596  -0.550698
2.202 1.785  -0.549857
2.203 1.78404  -0.549016
2.204 1.78309  -0.548175
2.205 1.78213  -0.547333
2.206 1.78117  -0.546492
2.207 1.78021  -0.545651
2.208 1.77925  -0.54481
2.209 1.7783  -0.543969
2.21 1.77734  -0.543127
2.211 1.77638  -0.542286
2.212 1.77542  -0.541445
2.213 1.77447  -0.540604
2.214 1.77351  -0.539762
2.215 1.77255  -0.538921
2.216 1.7716  -0.53808
2.217 1.77064  -0.537238
2.218 1.76968  -0.536397
2.219 1.76873  -0.535555
2.22 1.76777  -0.534714
2.221 1.76681  -0.533873
2.222 1.76586  -0.533031
2.223 1.7649  -0.53219
2.224 1.76395  -0.531348
2.225 1.76299  -0.530507
2.226 1.76203  -0.529665
2.227 1.76108  -0.528824
2.228 1.76012  -0.527982
2.229 1.75917  -0.527141
2.23 1.75821  -0.526299
2.231 1.75726  -0.525458
2.232 1.7563  -0.524616
2.233 1.75535  -0.523775
2.234 1.75439  -0.522933
2.235 1.75344  -0.522091
2.236 1.75248  -0.52125
2.237 1.75153  -0.520408
2.238 1.75057  -0.519566
2.239 1.74962  -0.518725
2.24 1.74866  -0.517883
2.241 1.74771  -0.517041
2.242 1.74676  -0.5162
2.243 1.7458  -0.515358
2.244 1.74485  -0.514516
2.245 1.74389  -0.513675
2.246 1.74294  -0.512833
2.247 1.74199  -0.511991
2.248 1.74103  -0.511149
2.249 1.74008  -0.510308
2.25 1.73913  -0.509466
2.251 1.73817  -0.508624
2.252 1.73722  -0.507782
2.253 1.73627  -0.50694
2.254 1.73531  -0.506099
2.255 1.73436  -0.505257
2.256 1.73341  -0.504415
2.257 1.73246  -0.503573
2.258 1.7315  -0.502731
2.259 1.73055  -0.501889
2.26 1.7296  -0.501047
2.261 1.72864  -0.500206
2.262 1.72769  -0.499364
2.263 1.72674  -0.498522
2.264 1.72579  -0.49768
2.265 1.72483  -0.496838
2.266 1.72388  -0.495996
2.267 1.72293  -0.495154
2.268 1.72198  -0.494312
2.269 1.72103  -0.49347
2.27 1.72007  -0.492628
2.271 1.71912  -0.491786
2.272 1.71817  -0.490944
2.273 1.71722  -0.490102
2.274 1.71627  -0.48926
2.275 1.71532  -0.488418
2.276 1.71436  -0.487576
2.277 1.71341  -0.486734
2.278 1.71246  -0.485892
2.279 1.71151  -0.48505
2.28 1.71056  -0.484208
2.281 1.70961  -0.483366
2.282 1.70866  -0.482524
2.283 1.70771  -0.481682
2.284 1.70675  -0.48084
2.285 1.7058  -0.479998
2.286 1.70485  -0.479155
2.287 1.7039  -0.478313
2.288 1.70295  -0.477471
2.289 1.702  -0.476629
2.29 1.70105  -0.475787
2.291 1.7001  -0.474945
2.292 1.69915  -0.474103
2.293 1.6982  -0.473261
2.294 1.69725  -0.472418
2.295 1.6963  -0.471576
2.296 1.69535  -0.470734
2.297 1.6944  -0.469892
2.298 1.69345  -0.46905
2.299 1.6925  -0.468207
2.3 1.69155  -0.467365
2.301 1.6906  -0.466523
2.302 1.68965  -0.465681
2.303 1.6887  -0.464839
2.304 1.68775  -0.463996
2.305 1.6868  -0.463154
2.306 1.68585  -0.462312
2.307 1.6849  -0.46147
2.308 1.68395  -0.460627
2.309 1.683  -0.459785
2.31 1.68205  -0.458943
2.311 1.6811  -0.458101
2.312 1.68015  -0.457258
2.313 1.6792  -0.456416
2.314 1.67825  -0.455574
2.315 1.6773  -0.454732
2.316 1.67635  -0.453889
2.317 1.6754  -0.453047
2.318 1.67445  -0.452205
2.319 1.6735  -0.451362
2.32 1.67255  -0.45052
2.321 1.6716  -0.449678
2.322 1.67065  -0.448835
2.323 1.6697  -0.447993
2.324 1.66875  -0.447151
2.325 1.66781  -0.446308
2.326 1.66686  -0.445466
2.327 1.66591  -0.444624
2.328 1.66496  -0.443781
2.329 1.66401  -0.442939
2.33 1.66306  -0.442097
2.331 1.66211  -0.441254
2.332 1.66116  -0.440412
2.333 1.66021  -0.43957
2.334 1.65927  -0.438727
2.335 1.65832  -0.437885
2.336 1.65737  -0.437042
2.337 1.65642  -0.4362
2.338 1.65547  -0.435358
2.339 1.65452  -0.434515
2.34 1.65357  -0.433673
2.341 1.65263  -0.43283
2.342 1.65168  -0.431988
2.343 1.65073  -0.431145
2.344 1.64978  -0.430303
2.345 1.64883  -0.429461
2.346 1.64788  -0.428618
2.347 1.64694  -0.427776
2.348 1.64599  -0.426933
2.349 1.64504  -0.426091
2.35 1.64409  -0.425248
2.351 1.64314  -0.424406
2.352 1.64219  -0.423563
2.353 1.64125  -0.422721
2.354 1.6403  -0.421878
2.355 1.63935  -0.421036
2.356 1.6384  -0.420193
2.357 1.63745  -0.419351
2.358 1.63651  -0.418508
2.359 1.63556  -0.417666
2.36 1.63461  -0.416823
2.361 1.63366  -0.415981
2.362 1.63272  -0.415138
2.363 1.63177  -0.414296
2.364 1.63082  -0.413453
2.365 1.62987  -0.412611
2.366 1.62892  -0.411768
2.367 1.62798  -0.410926
2.368 1.62703  -0.410083
2.369 1.62608  -0.409241
2.37 1.62513  -0.408398
2.371 1.62419  -0.407556
2.372 1.62324  -0.406713
2.373 1.62229  -0.405871
2.374 1.62134  -0.405028
2.375 1.6204  -0.404186
2.376 1.61945  -0.403343
2.377 1.6185  -0.4025
2.378 1.61755  -0.401658
2.379 1.61661  -0.400815
2.38 1.61566  -0.399973
2.381 1.61471  -0.39913
2.382 1.61376  -0.398288
2.383 1.61282  -0.397445
2.384 1.61187  -0.396602
2.385 1.61092  -0.39576
2.386 1.60997  -0.394917
2.387 1.60903  -0.394075
2.388 1.60808  -0.393232
2.389 1.60713  -0.392389
2.39 1.60619  -0.391547
2.391 1.60524  -0.390704
2.392 1.60429  -0.389862
2.393 1.60334  -0.389019
2.394 1.6024  -0.388176
2.395 1.60145  -0.387334
2.396 1.6005  -0.386491
2.397 1.59956  -0.385648
2.398 1.59861  -0.384806
2.399 1.59766  -0.383963
2.4 1.59672  -0.38312
2.401 1.59577  -0.382278
2.402 1.59482  -0.381435
2.403 1.59387  -0.380593
2.404 1.59293  -0.37975
2.405 1.59198  -0.378907
2.406 1.59103  -0.378065
2.407 1.59009  -0.377222
2.408 1.58914  -0.376379
2.409 1.58819  -0.375537
2.41 1.58725  -0.374694
2.411 1.5863  -0.373851
2.412 1.58535  -0.373009
2.413 1.58441  -0.372166
2.414 1.58346  -0.371323
2.415 1.58251  -0.370481
2.416 1.58157  -0.369638
2.417 1.58062  -0.368795
2.418 1.57967  -0.367952
2.419 1.57873  -0.36711
2.42 1.57778  -0.366267
2.421 1.57683  -0.365424
2.422 1.57589  -0.364582
2.423 1.57494  -0.363739
2.424 1.57399  -0.362896
2.425 1.57305  -0.362054
2.426 1.5721  -0.361211
2.427 1.57115  -0.360368
2.428 1.57021  -0.359525
2.429 1.56926  -0.358683
2.43 1.56831  -0.35784
2.431 1.56737  -0.356997
2.432 1.56642  -0.356154
2.433 1.56547  -0.355312
2.434 1.56453  -0.354469
2.435 1.56358  -0.353626
2.436 1.56263  -0.352784
2.437 1.56169  -0.351941
2.438 1.56074  -0.351098
2.439 1.5598  -0.350255
2.44 1.55885  -0.349413
2.441 1.5579  -0.34857
2.442 1.55696  -0.347727
2.443 1.55601  -0.346884
2.444 1.55506  -0.346041
2.445 1.55412  -0.345199
2.446 1.55317  -0.344356
2.447 1.55222  -0.343513
2.448 1.55128  -0.34267
2.449 1.55033  -0.341828
2.45 1.54939  -0.340985
2.451 1.54844  -0.340142
2.452 1.54749  -0.339299
2.453 1.54655  -0.338457
2.454 1.5456  -0.337614
2.455 1.54465  -0.336771
2.456 1.54371  -0.335928
2.457 1.54276  -0.335085
2.458 1.54182  -0.334243
2.459 1.54087  -0.3334
2.46 1.53992  -0.332557
2.461 1.53898  -0.331714
2.462 1.53803  -0.330871
2.463 1.53709  -0.330029
2.464 1.53614  -0.329186
2.465 1.53519  -0.328343
2.466 1.53425  -0.3275
2.467 1.5333  -0.326657
2.468 1.53235  -0.325815
2.469 1.53141  -0.324972
2.47 1.53046  -0.324129
2.471 1.52952  -0.323286
2.472 1.52857  -0.322443
2.473 1.52762  -0.3216
2.474 1.52668  -0.320758
2.475 1.52573  -0.319915
2.476 1.52479  -0.319072
2.477 1.52384  -0.318229
2.478 1.52289  -0.317386
2.479 1.52195  -0.316543
2.48 1.521  -0.315701
2.481 1.52006  -0.314858
2.482 1.51911  -0.314015
2.483 1.51816  -0.313172
2.484 1.51722  -0.312329
2.485 1.51627  -0.311486
2.486 1.51533  -0.310644
2.487 1.51438  -0.309801
2.488 1.51343  -0.308958
2.489 1.51249  -0.308115
2.49 1.51154  -0.307272
2.491 1.5106  -0.306429
2.492 1.50965  -0.305586
2.493 1.50871  -0.304744
2.494 1.50776  -0.303901
2.495 1.50681  -0.303058
2.496 1.50587  -0.302215
2.497 1.50492  -0.301372
2.498 1.50398  -0.300529
2.499 1.50303  -0.299686
2.5 1.50208  -0.298843
2.501 1.50114  -0.298001
2.502 1.50019  -0.297158
2.503 1.49925  -0.296315
2.504 1.4983  -0.295472
2.505 1.49735  -0.294629
2.506 1.49641  -0.293786
2.507 1.49546  -0.292943
2.508 1.49452  -0.2921
2.509 1.49357  -0.291258
2.51 1.49263  -0.290415
2.511 1.49168  -0.289572
2.512 1.49073  -0.288729
2.513 1.48979  -0.287886
2.514 1.48884  -0.287043
2.515 1.4879  -0.2862
2.516 1.48695  -0.285357
2.517 1.486  -0.284514
2.518 1.48506  -0.283671
2.519 1.48411  -0.282829
2.52 1.48317  -0.281986
2.521 1.48222  -0.281143
2.522 1.48128  -0.2803
2.523 1.48033  -0.279457
2.524 1.47938  -0.278614
2.525 1.47844  -0.277771
2.526 1.47749  -0.276928
2.527 1.47655  -0.276085
2.528 1.4756  -0.275242
2.529 1.47466  -0.274399
2.53 1.47371  -0.273556
2.531 1.47276  -0.272713
2.532 1.47182  -0.271871
2.533 1.47087  -0.271028
2.534 1.46993  -0.270185
2.535 1.46898  -0.269342
2.536 1.46804  -0.268499
2.537 1.46709  -0.267656
2.538 1.46614  -0.266813
2.539 1.4652  -0.26597
2.54 1.46425  -0.265127
2.541 1.46331  -0.264284
2.542 1.46236  -0.263441
2.543 1.46142  -0.262598
2.544 1.46047  -0.261755
2.545 1.45952  -0.260912
2.546 1.45858  -0.260069
2.547 1.45763  -0.259226
2.548 1.45669  -0.258383
2.549 1.45574  -0.257541
2.55 1.4548  -0.256698
2.551 1.45385  -0.255855
2.552 1.4529  -0.255012
2.553 1.45196  -0.254169
2.554 1.45101  -0.253326
2.555 1.45007  -0.252483
2.556 1.44912  -0.25164
2.557 1.44818  -0.250797
2.558 1.44723  -0.249954
2.559 1.44628  -0.249111
2.56 1.44534  -0.248268
2.561 1.44439  -0.247425
2.562 1.44345  -0.246582
2.563 1.4425  -0.245739
2.564 1.44156  -0.244896
2.565 1.44061  -0.244053
2.566 1.43966  -0.24321
2.567 1.43872  -0.242367
2.568 1.43777  -0.241524
2.569 1.43683  -0.240681
2.57 1.43588  -0.239838
2.571 1.43494  -0.238995
2.572 1.43399  -0.238152
2.573 1.43305  -0.237309
2.574 1.4321  -0.236466
2.575 1.43115  -0.235623
2.576 1.43021  -0.23478
2.577 1.42926  -0.233937
2.578 1.42832  -0.233094
2.579 1.42737  -0.232251
2.58 1.42643  -0.231408
2.581 1.42548  -0.230565
2.582 1.42453  -0.229722
2.583 1.42359  -0.228879
2.584 1.42264  -0.228036
2.585 1.4217  -0.227193
2.586 1.42075  -0.22635
2.587 1.41981  -0.225507
2.588 1.41886  -0.224664
2.589 1.41791  -0.223821
2.59 1.41697  -0.222978
2.591 1.41602  -0.222135
2.592 1.41508  -0.221292
2.593 1.41413  -0.220449
2.594 1.41319  -0.219606
2.595 1.41224  -0.218763
2.596 1.41129  -0.21792
2.597 1.41035  -0.217077
2.598 1.4094  -0.216234
2.599 1.40846  -0.215391
2.6 1.40751  -0.214548
2.601 1.40657  -0.213705
2.602 1.40562  -0.212862
2.603 1.40468  -0.212019
2.604 1.40373  -0.211176
2.605 1.40278  -0.210333
2.606 1.40184  -0.20949
2.607 1.40089  -0.208647
2.608 1.39995  -0.207804
2.609 1.399  -0.206961
2.61 1.39806  -0.206118
2.611 1.39711  -0.205275
2.612 1.39616  -0.204432
2.613 1.39522  -0.203589
2.614 1.39427  -0.202746
2.615 1.39333  -0.201903
2.616 1.39238  -0.20106
2.617 1.39144  -0.200216
2.618 1.39049  -0.199373
2.619 1.38954  -0.19853
2.62 1.3886  -0.197687
2.621 1.38765  -0.196844
2.622 1.38671  -0.196001
2.623 1.38576  -0.195158
2.624 1.38482  -0.194315
2.625 1.38387  -0.193472
2.626 1.38292  -0.192629
2.627 1.38198  -0.191786
2.628 1.38103  -0.190943
2.629 1.38009  -0.1901
2.63 1.37914  -0.189257
2.631 1.3782  -0.188414
2.632 1.37725  -0.187571
2.633 1.3763  -0.186728
2.634 1.37536  -0.185885
2.635 1.37441  -0.185042
2.636 1.37347  -0.184199
2.637 1.37252  -0.183355
2.638 1.37158  -0.182512
2.639 1.37063  -0.181669
2.64 1.36968  -0.180826
2.641 1.36874  -0.179983
2.642 1.36779  -0.17914
2.643 1.36685  -0.178297
2.644 1.3659  -0.177454
2.645 1.36496  -0.176611
2.646 1.36401  -0.175768
2.647 1.36306  -0.174925
2.648 1.36212  -0.174082
2.649 1.36117  -0.173239
2.65 1.36023  -0.172396
2.651 1.35928  -0.171552
2.652 1.35834  -0.170709
2.653 1.35739  -0.169866
2.654 1.35644  -0.169023
2.655 1.3555  -0.16818
2.656 1.35455  -0.167337
2.657 1.35361  -0.166494
2.658 1.35266  -0.165651
2.659 1.35172  -0.164808
2.66 1.35077  -0.163965
2.661 1.34982  -0.163122
2.662 1.34888  -0.162279
2.663 1.34793  -0.161435
2.664 1.34699  -0.160592
2.665 1.34604  -0.159749
2.666 1.3451  -0.158906
2.667 1.34415  -0.158063
2.668 1.3432  -0.15722
2.669 1.34226  -0.156377
2.67 1.34131  -0.155534
2.671 1.34037  -0.154691
2.672 1.33942  -0.153848
2.673 1.33848  -0.153005
2.674 1.33753  -0.152161
2.675 1.33658  -0.151318
2.676 1.33564  -0.150475
2.677 1.33469  -0.149632
2.678 1.33375  -0.148789
2.679 1.3328  -0.147946
2.68 1.33185  -0.147103
2.681 1.33091  -0.14626
2.682 1.32996  -0.145417
2.683 1.32902  -0.144574
2.684 1.32807  -0.14373
2.685 1.32713  -0.142887
2.686 1.32618  -0.142044
2.687 1.32523  -0.141201
2.688 1.32429  -0.140358
2.689 1.32334  -0.139515
2.69 1.3224  -0.138672
2.691 1.32145  -0.137829
2.692 1.3205  -0.136986
2.693 1.31956  -0.136142
2.694 1.31861  -0.135299
2.695 1.31767  -0.134456
2.696 1.31672  -0.133613
2.697 1.31578  -0.13277
2.698 1.31483  -0.131927
2.699 1.31388  -0.131084
2.7 1.31294  -0.130241
2.701 1.31199  -0.129397
2.702 1.31105  -0.128554
2.703 1.3101  -0.127711
2.704 1.30915  -0.126868
2.705 1.30821  -0.126025
2.706 1.30726  -0.125182
2.707 1.30632  -0.124339
2.708 1.30537  -0.123496
2.709 1.30442  -0.122652
2.71 1.30348  -0.121809
2.711 1.30253  -0.120966
2.712 1.30159  -0.120123
2.713 1.30064  -0.11928
2.714 1.2997  -0.118437
2.715 1.29875  -0.117594
2.716 1.2978  -0.116751
2.717 1.29686  -0.115907
2.718 1.29591  -0.115064
2.719 1.29497  -0.114221
2.72 1.29402  -0.113378
2.721 1.29307  -0.112535
2.722 1.29213  -0.111692
2.723 1.29118  -0.110849
2.724 1.29024  -0.110005
2.725 1.28929  -0.109162
2.726 1.28834  -0.108319
2.727 1.2874  -0.107476
2.728 1.28645  -0.106633
2.729 1.28551  -0.10579
2.73 1.28456  -0.104947
2.731 1.28361  -0.104103
2.732 1.28267  -0.10326
2.733 1.28172  -0.102417
2.734 1.28078  -0.101574
2.735 1.27983  -0.100731
2.736 1.27888  -0.0998877
2.737 1.27794  -0.0990445
2.738 1.27699  -0.0982014
2.739 1.27605  -0.0973582
2.74 1.2751  -0.0965151
2.741 1.27415  -0.0956719
2.742 1.27321  -0.0948288
2.743 1.27226  -0.0939856
2.744 1.27132  -0.0931425
2.745 1.27037  -0.0922993
2.746 1.26942  -0.0914562
2.747 1.26848  -0.090613
2.748 1.26753  -0.0897698
2.749 1.26659  -0.0889267
2.75 1.26564  -0.0880835
2.751 1.26469  -0.0872404
2.752 1.26375  -0.0863972
2.753 1.2628  -0.085554
2.754 1.26186  -0.0847109
2.755 1.26091  -0.0838677
2.756 1.25996  -0.0830246
2.757 1.25902  -0.0821814
2.758 1.25807  -0.0813382
2.759 1.25712  -0.0804951
2.76 1.25618  -0.0796519
2.761 1.25523  -0.0788087
2.762 1.25429  -0.0779656
2.763 1.25334  -0.0771224
2.764 1.25239  -0.0762792
2.765 1.25145  -0.0754361
2.766 1.2505  -0.0745929
2.767 1.24956  -0.0737497
2.768 1.24861  -0.0729065
2.769 1.24766  -0.0720634
2.77 1.24672  -0.0712202
2.771 1.24577  -0.070377
2.772 1.24483  -0.0695339
2.773 1.24388  -0.0686907
2.774 1.24293  -0.0678475
2.775 1.24199  -0.0670043
2.776 1.24104  -0.0661611
2.777 1.24009  -0.065318
2.778 1.23915  -0.0644748
2.779 1.2382  -0.0636316
2.78 1.23726  -0.0627884
2.781 1.23631  -0.0619453
2.782 1.23536  -0.0611021
2.783 1.23442  -0.0602589
2.784 1.23347  -0.0594157
2.785 1.23253  -0.0585725
2.786 1.23158  -0.0577293
2.787 1.23063  -0.0568862
2.788 1.22969  -0.056043
2.789 1.22874  -0.0551998
2.79 1.22779  -0.0543566
2.791 1.22685  -0.0535134
2.792 1.2259  -0.0526702
2.793 1.22496  -0.051827
2.794 1.22401  -0.0509839
2.795 1.22306  -0.0501407
2.796 1.22212  -0.0492975
2.797 1.22117  -0.0484543
2.798 1.22022  -0.0476111
2.799 1.21928  -0.0467679
2.8 1.21833  -0.0459247
2.801 1.21739  -0.0450815
2.802 1.21644  -0.0442383
2.803 1.21549  -0.0433951
2.804 1.21455  -0.0425519
2.805 1.2136  -0.0417087
2.806 1.21265  -0.0408655
2.807 1.21171  -0.0400224
2.808 1.21076  -0.0391792
2.809 1.20981  -0.038336
2.81 1.20887  -0.0374928
2.811 1.20792  -0.0366496
2.812 1.20698  -0.0358064
2.813 1.20603  -0.0349632
2.814 1.20508  -0.03412
2.815 1.20414  -0.0332768
2.816 1.20319  -0.0324336
2.817 1.20224  -0.0315904
2.818 1.2013  -0.0307472
2.819 1.20035  -0.0299039
2.82 1.19941  -0.0290607
2.821 1.19846  -0.0282175
2.822 1.19751  -0.0273743
2.823 1.19657  -0.0265311
2.824 1.19562  -0.0256879
2.825 1.19467  -0.0248447
2.826 1.19373  -0.0240015
2.827 1.19278  -0.0231583
2.828 1.19183  -0.0223151
2.829 1.19089  -0.0214719
2.83 1.18994  -0.0206287
2.831 1.18899  -0.0197855
2.832 1.18805  -0.0189423
2.833 1.1871  -0.018099
2.834 1.18616  -0.0172558
2.835 1.18521  -0.0164126
2.836 1.18426  -0.0155694
2.837 1.18332  -0.0147262
2.838 1.18237  -0.013883
2.839 1.18142  -0.0130398
2.84 1.18048  -0.0121966
2.841 1.17953  -0.0113533
2.842 1.17858  -0.0105101
2.843 1.17764  -0.0096669
2.844 1.17669  -0.00882368
2.845 1.17574  -0.00798047
2.846 1.1748  -0.00713725
2.847 1.17385  -0.00629403
2.848 1.1729  -0.00545081
2.849 1.17196  -0.00460759
2.85 1.17101  -0.00376437
2.851 1.17007  -0.00292115
2.852 1.16912  -0.00207793
2.853 1.16817  -0.00123471
2.854 1.16723  -0.000391484
2.855 1.16628  0.000451739
2.856 1.16533  0.00129496
2.857 1.16439  0.00213819
2.858 1.16344  0.00298141
2.859 1.16249  0.00382464
2.86 1.16155  0.00466786
2.861 1.1606  0.00551109
2.862 1.15965  0.00635431
2.863 1.15871  0.00719754
2.864 1.15776  0.00804077
2.865 1.15681  0.008884
2.866 1.15587  0.00972723
2.867 1.15492  0.0105705
2.868 1.15397  0.0114137
2.869 1.15303  0.0122569
2.87 1.15208  0.0131001
2.871 1.15113  0.0139434
2.872 1.15019  0.0147866
2.873 1.14924  0.0156298
2.874 1.14829  0.0164731
2.875 1.14735  0.0173163
2.876 1.1464  0.0181595
2.877 1.14545  0.0190028
2.878 1.14451  0.019846
2.879 1.14356  0.0206892
2.88 1.14261  0.0215325
2.881 1.14167  0.0223757
2.882 1.14072  0.023219
2.883 1.13977  0.0240622
2.884 1.13883  0.0249054
2.885 1.13788  0.0257487
2.886 1.13693  0.0265919
2.887 1.13599  0.0274351
2.888 1.13504  0.0282784
2.889 1.13409  0.0291216
2.89 1.13315  0.0299649
2.891 1.1322  0.0308081
2.892 1.13125  0.0316513
2.893 1.13031  0.0324946
2.894 1.12936  0.0333378
2.895 1.12841  0.0341811
2.896 1.12747  0.0350243
2.897 1.12652  0.0358676
2.898 1.12557  0.0367108
2.899 1.12463  0.037554
2.9 1.12368  0.0383973
2.901 1.12273  0.0392405
2.902 1.12179  0.0400838
2.903 1.12084  0.040927
2.904 1.11989  0.0417703
2.905 1.11895  0.0426135
2.906 1.118  0.0434568
2.907 1.11705  0.0443
2.908 1.11611  0.0451433
2.909 1.11516  0.0459865
2.91 1.11421  0.0468298
2.911 1.11327  0.047673
2.912 1.11232  0.0485163
2.913 1.11137  0.0493595
2.914 1.11043  0.0502028
2.915 1.10948  0.051046
2.916 1.10853  0.0518893
2.917 1.10758  0.0527325
2.918 1.10664  0.0535758
2.919 1.10569  0.054419
2.92 1.10474  0.0552623
2.921 1.1038  0.0561055
2.922 1.10285  0.0569488
2.923 1.1019  0.057792
2.924 1.10096  0.0586353
2.925 1.10001  0.0594786
2.926 1.09906  0.0603218
2.927 1.09812  0.0611651
2.928 1.09717  0.0620083
2.929 1.09622  0.0628516
2.93 1.09528  0.0636948
2.931 1.09433  0.0645381
2.932 1.09338  0.0653814
2.933 1.09243  0.0662246
2.934 1.09149  0.0670679
2.935 1.09054  0.0679111
2.936 1.08959  0.0687544
2.937 1.08865  0.0695977
2.938 1.0877  0.0704409
2.939 1.08675  0.0712842
2.94 1.08581  0.0721275
2.941 1.08486  0.0729707
2.942 1.08391  0.073814
2.943 1.08296  0.0746572
2.944 1.08202  0.0755005
2.945 1.08107  0.0763438
2.946 1.08012  0.077187
2.947 1.07918  0.0780303
2.948 1.07823  0.0788736
2.949 1.07728  0.0797168
2.95 1.07634  0.0805601
2.951 1.07539  0.0814034
2.952 1.07444  0.0822466
2.953 1.07349  0.0830899
2.954 1.07255  0.0839332
2.955 1.0716  0.0847764
2.956 1.07065  0.0856197
2.957 1.06971  0.086463
2.958 1.06876  0.0873062
2.959 1.06781  0.0881495
2.96 1.06687  0.0889928
2.961 1.06592  0.0898361
2.962 1.06497  0.0906793
2.963 1.06402  0.0915226
2.964 1.06308  0.0923659
2.965 1.06213  0.0932091
2.966 1.06118  0.0940524
2.967 1.06024  0.0948957
2.968 1.05929  0.095739
2.969 1.05834  0.0965822
2.97 1.05739  0.0974255
2.971 1.05645  0.0982688
2.972 1.0555  0.0991121
2.973 1.05455  0.0999553
2.974 1.05361  0.100799
2.975 1.05266  0.101642
2.976 1.05171  0.102485
2.977 1.05076  0.103328
2.978 1.04982  0.104172
2.979 1.04887  0.105015
2.98 1.04792  0.105858
2.981 1.04698  0.106702
2.982 1.04603  0.107545
2.983 1.04508  0.108388
2.984 1.04413  0.109231
2.985 1.04319  0.110075
2.986 1.04224  0.110918
2.987 1.04129  0.111761
2.988 1.04035  0.112605
2.989 1.0394  0.113448
2.99 1.03845  0.114291
2.991 1.0375  0.115134
2.992 1.03656  0.115978
2.993 1.03561  0.116821
2.994 1.03466  0.117664
2.995 1.03371  0.118507
2.996 1.03277  0.119351
2.997 1.03182  0.120194
2.998 1.03087  0.121037
2.999 1.02993  0.121881
3 1.02898  0.122724
3.001 1.02803  0.123567
3.002 1.02708  0.12441
3.003 1.02614  0.125254
3.004 1.02519  0.126097
3.005 1.02424  0.12694
3.006 1.02329  0.127784
3.007 1.02235  0.128627
3.008 1.0214  0.12947
3.009 1.02045  0.130313
3.01 1.01951  0.131157
3.011 1.01856  0.132
3.012 1.01761  0.132843
3.013 1.01666  0.133687
3.014 1.01572  0.13453
3.015 1.01477  0.135373
3.016 1.01382  0.136217
3.017 1.01287  0.13706
3.018 1.01193  0.137903
3.019 1.01098  0.138746
3.02 1.01003  0.13959
3.021 1.00908  0.140433
3.022 1.00814  0.141276
3.023 1.00719  0.14212
3.024 1.00624  0.142963
3.025 1.0053  0.143806
3.026 1.00435  0.144649
3.027 1.0034  0.145493
3.028 1.00245  0.146336
3.029 1.00151  0.147179
3.03 1.00056  0.148023
3.031 0.999611  0.148866
3.032 0.998663  0.149709
3.033 0.997716  0.150553
3.034 0.996768  0.151396
3.035 0.995821  0.152239
3.036 0.994873  0.153082
3.037 0.993926  0.153926
3.038 0.992979  0.154769
3.039 0.992031  0.155612
3.04 0.991084  0.156456
3.041 0.990136  0.157299
3.042 0.989189  0.158142
3.043 0.988241  0.158986
3.044 0.987294  0.159829
3.045 0.986346  0.160672
3.046 0.985399  0.161515
3.047 0.984451  0.162359
3.048 0.983504  0.163202
3.049 0.982556  0.164045
3.05 0.981609  0.164889
3.051 0.980661  0.165732
3.052 0.979713  0.166575
3.053 0.978766  0.167419
3.054 0.977818  0.168262
3.055 0.976871  0.169105
3.056 0.975923  0.169948
3.057 0.974976  0.170792
3.058 0.974028  0.171635
3.059 0.973081  0.172478
3.06 0.972133  0.173322
3.061 0.971185  0.174165
3.062 0.970238  0.175008
3.063 0.96929  0.175852
3.064 0.968343  0.176695
3.065 0.967395  0.177538
3.066 0.966447  0.178381
3.067 0.9655  0.179225
3.068 0.964552  0.180068
3.069 0.963604  0.180911
3.07 0.962657  0.181755
3.071 0.961709  0.182598
3.072 0.960762  0.183441
3.073 0.959814  0.184285
3.074 0.958866  0.185128
3.075 0.957919  0.185971
3.076 0.956971  0.186815
3.077 0.956023  0.187658
3.078 0.955076  0.188501
3.079 0.954128  0.189345
3.08 0.95318  0.190188
3.081 0.952233  0.191031
3.082 0.951285  0.191874
3.083 0.950337  0.192718
3.084 0.949389  0.193561
3.085 0.948442  0.194404
3.086 0.947494  0.195248
3.087 0.946546  0.196091
3.088 0.945599  0.196934
3.089 0.944651  0.197778
3.09 0.943703  0.198621
3.091 0.942755  0.199464
3.092 0.941808  0.200308
3.093 0.94086  0.201151
3.094 0.939912  0.201994
3.095 0.938964  0.202838
3.096 0.938017  0.203681
3.097 0.937069  0.204524
3.098 0.936121  0.205367
3.099 0.935173  0.206211
3.1 0.934226  0.207054
3.101 0.933278  0.207897
3.102 0.93233  0.208741
3.103 0.931382  0.209584
3.104 0.930434  0.210427
3.105 0.929487  0.211271
3.106 0.928539  0.212114
3.107 0.927591  0.212957
3.108 0.926643  0.213801
3.109 0.925695  0.214644
3.11 0.924747  0.215487
3.111 0.9238  0.216331
3.112 0.922852  0.217174
3.113 0.921904  0.218017
3.114 0.920956  0.218861
3.115 0.920008  0.219704
3.116 0.91906  0.220547
3.117 0.918112  0.221391
3.118 0.917165  0.222234
3.119 0.916217  0.223077
3.12 0.915269  0.22392
3.121 0.914321  0.224764
3.122 0.913373  0.225607
3.123 0.912425  0.22645
3.124 0.911477  0.227294
3.125 0.910529  0.228137
3.126 0.909581  0.22898
3.127 0.908633  0.229824
3.128 0.907685  0.230667
3.129 0.906738  0.23151
3.13 0.90579  0.232354
3.131 0.904842  0.233197
3.132 0.903894  0.23404
3.133 0.902946  0.234884
3.134 0.901998  0.235727
3.135 0.90105  0.23657
3.136 0.900102  0.237414
3.137 0.899154  0.238257
3.138 0.898206  0.2391
3.139 0.897258  0.239944
3.14 0.89631  0.240787
3.141 0.895362  0.24163
3.142 0.894414  0.242474
3.143 0.893466  0.243317
3.144 0.892518  0.24416
3.145 0.89157  0.245004
3.146 0.890622  0.245847
3.147 0.889674  0.24669
3.148 0.888726  0.247534
3.149 0.887778  0.248377
3.15 0.88683  0.24922
3.151 0.885882  0.250064
3.152 0.884934  0.250907
3.153 0.883986  0.25175
3.154 0.883038  0.252594
3.155 0.88209  0.253437
3.156 0.881141  0.25428
3.157 0.880193  0.255124
3.158 0.879245  0.255967
3.159 0.878297  0.25681
3.16 0.877349  0.257654
3.161 0.876401  0.258497
3.162 0.875453  0.25934
3.163 0.874505  0.260184
3.164 0.873557  0.261027
3.165 0.872609  0.26187
3.166 0.871661  0.262714
3.167 0.870712  0.263557
3.168 0.869764  0.2644
3.169 0.868816  0.265244
3.17 0.867868  0.266087
3.171 0.86692  0.26693
3.172 0.865972  0.267774
3.173 0.865024  0.268617
3.174 0.864075  0.26946
3.175 0.863127  0.270304
3.176 0.862179  0.271147
3.177 0.861231  0.27199
3.178 0.860283  0.272834
3.179 0.859335  0.273677
3.18 0.858386  0.27452
3.181 0.857438  0.275364
3.182 0.85649  0.276207
3.183 0.855542  0.27705
3.184 0.854594  0.277894
3.185 0.853645  0.278737
3.186 0.852697  0.27958
3.187 0.851749  0.280424
3.188 0.850801  0.281267
3.189 0.849852  0.28211
3.19 0.848904  0.282954
3.191 0.847956  0.283797
3.192 0.847008  0.28464
3.193 0.84606  0.285484
3.194 0.845111  0.286327
3.195 0.844163  0.28717
3.196 0.843215  0.288014
3.197 0.842266  0.288857
3.198 0.841318  0.2897
3.199 0.84037  0.290544
3.2 0.839422  0.291387
3.201 0.838473  0.29223
3.202 0.837525  0.293074
3.203 0.836577  0.293917
3.204 0.835628  0.29476
3.205 0.83468  0.295604
3.206 0.833732  0.296447
3.207 0.832783  0.29729
3.208 0.831835  0.298134
3.209 0.830887  0.298977
3.21 0.829939  0.29982
3.211 0.82899  0.300664
3.212 0.828042  0.301507
3.213 0.827093  0.302351
3.214 0.826145  0.303194
3.215 0.825197  0.304037
3.216 0.824248  0.304881
3.217 0.8233  0.305724
3.218 0.822352  0.306567
3.219 0.821403  0.307411
3.22 0.820455  0.308254
3.221 0.819507  0.309097
3.222 0.818558  0.309941
3.223 0.81761  0.310784
3.224 0.816661  0.311627
3.225 0.815713  0.312471
3.226 0.814765  0.313314
3.227 0.813816  0.314157
3.228 0.812868  0.315001
3.229 0.811919  0.315844
3.23 0.810971  0.316687
3.231 0.810022  0.317531
3.232 0.809074  0.318374
3.233 0.808126  0.319217
3.234 0.807177  0.320061
3.235 0.806229  0.320904
3.236 0.80528  0.321747
3.237 0.804332  0.322591
3.238 0.803383  0.323434
3.239 0.802435  0.324278
3.24 0.801486  0.325121
3.241 0.800538  0.325964
3.242 0.799589  0.326808
3.243 0.798641  0.327651
3.244 0.797692  0.328494
3.245 0.796744  0.329338
3.246 0.795795  0.330181
3.247 0.794847  0.331024
3.248 0.793898  0.331868
3.249 0.79295  0.332711
3.25 0.792001  0.333554
3.251 0.791053  0.334398
3.252 0.790104  0.335241
3.253 0.789156  0.336084
3.254 0.788207  0.336928
3.255 0.787258  0.337771
3.256 0.78631  0.338614
3.257 0.785361  0.339458
3.258 0.784413  0.340301
3.259 0.783464  0.341145
3.26 0.782516  0.341988
3.261 0.781567  0.342831
3.262 0.780619  0.343675
3.263 0.77967  0.344518
3.264 0.778721  0.345361
3.265 0.777773  0.346205
3.266 0.776824  0.347048
3.267 0.775876  0.347891
3.268 0.774927  0.348735
3.269 0.773978  0.349578
3.27 0.77303  0.350421
3.271 0.772081  0.351265
3.272 0.771132  0.352108
3.273 0.770184  0.352952
3.274 0.769235  0.353795
3.275 0.768286  0.354638
3.276 0.767338  0.355482
3.277 0.766389  0.356325
3.278 0.765441  0.357168
3.279 0.764492  0.358012
3.28 0.763543  0.358855
3.281 0.762595  0.359698
3.282 0.761646  0.360542
3.283 0.760697  0.361385
3.284 0.759748  0.362228
3.285 0.7588  0.363072
3.286 0.757851  0.363915
3.287 0.756902  0.364759
3.288 0.755954  0.365602
3.289 0.755005  0.366445
3.29 0.754056  0.367289
3.291 0.753108  0.368132
3.292 0.752159  0.368975
3.293 0.75121  0.369819
3.294 0.750261  0.370662
3.295 0.749313  0.371505
3.296 0.748364  0.372349
3.297 0.747415  0.373192
3.298 0.746466  0.374035
3.299 0.745518  0.374879
3.3 0.744569  0.375722
3.301 0.74362  0.376566
3.302 0.742671  0.377409
3.303 0.741723  0.378252
3.304 0.740774  0.379096
3.305 0.739825  0.379939
3.306 0.738876  0.380782
3.307 0.737927  0.381626
3.308 0.736979  0.382469
3.309 0.73603  0.383312
3.31 0.735081  0.384156
3.311 0.734132  0.384999
3.312 0.733183  0.385843
3.313 0.732235  0.386686
3.314 0.731286  0.387529
3.315 0.730337  0.388373
3.316 0.729388  0.389216
3.317 0.728439  0.390059
3.318 0.72749  0.390903
3.319 0.726541  0.391746
3.32 0.725593  0.392589
3.321 0.724644  0.393433
3.322 0.723695  0.394276
3.323 0.722746  0.39512
3.324 0.721797  0.395963
3.325 0.720848  0.396806
3.326 0.719899  0.39765
3.327 0.718951  0.398493
3.328 0.718002  0.399336
3.329 0.717053  0.40018
3.33 0.716104  0.401023
3.331 0.715155  0.401866
3.332 0.714206  0.40271
3.333 0.713257  0.403553
3.334 0.712308  0.404397
3.335 0.711359  0.40524
3.336 0.71041  0.406083
3.337 0.709461  0.406927
3.338 0.708512  0.40777
3.339 0.707564  0.408613
3.34 0.706615  0.409457
3.341 0.705666  0.4103
3.342 0.704717  0.411143
3.343 0.703768  0.411987
3.344 0.702819  0.41283
3.345 0.70187  0.413674
3.346 0.700921  0.414517
3.347 0.699972  0.41536
3.348 0.699023  0.416204
3.349 0.698074  0.417047
3.35 0.697125  0.41789
3.351 0.696176  0.418734
3.352 0.695227  0.419577
3.353 0.694278  0.420421
3.354 0.693329  0.421264
3.355 0.69238  0.422107
3.356 0.691431  0.422951
3.357 0.690482  0.423794
3.358 0.689533  0.424637
3.359 0.688584  0.425481
3.36 0.687635  0.426324
3.361 0.686686  0.427168
3.362 0.685737  0.428011
3.363 0.684788  0.428854
3.364 0.683839  0.429698
3.365 0.682889  0.430541
3.366 0.68194  0.431384
3.367 0.680991  0.432228
3.368 0.680042  0.433071
3.369 0.679093  0.433914
3.37 0.678144  0.434758
3.371 0.677195  0.435601
3.372 0.676246  0.436445
3.373 0.675297  0.437288
3.374 0.674348  0.438131
3.375 0.673399  0.438975
3.376 0.67245  0.439818
3.377 0.6715  0.440661
3.378 0.670551  0.441505
3.379 0.669602  0.442348
3.38 0.668653  0.443192
3.381 0.667704  0.444035
3.382 0.666755  0.444878
3.383 0.665806  0.445722
3.384 0.664856  0.446565
3.385 0.663907  0.447408
3.386 0.662958  0.448252
3.387 0.662009  0.449095
3.388 0.66106  0.449939
3.389 0.660111  0.450782
3.39 0.659162  0.451625
3.391 0.658212  0.452469
3.392 0.657263  0.453312
3.393 0.656314  0.454155
3.394 0.655365  0.454999
3.395 0.654416  0.455842
3.396 0.653466  0.456686
3.397 0.652517  0.457529
3.398 0.651568  0.458372
3.399 0.650619  0.459216
3.4 0.64967  0.460059
3.401 0.64872  0.460902
3.402 0.647771  0.461746
3.403 0.646822  0.462589
3.404 0.645873  0.463433
3.405 0.644923  0.464276
3.406 0.643974  0.465119
3.407 0.643025  0.465963
3.408 0.642076  0.466806
3.409 0.641126  0.467649
3.41 0.640177  0.468493
3.411 0.639228  0.469336
3.412 0.638279  0.47018
3.413 0.637329  0.471023
3.414 0.63638  0.471866
3.415 0.635431  0.47271
3.416 0.634482  0.473553
3.417 0.633532  0.474396
3.418 0.632583  0.47524
3.419 0.631634  0.476083
3.42 0.630684  0.476927
3.421 0.629735  0.47777
3.422 0.628786  0.478613
3.423 0.627836  0.479457
3.424 0.626887  0.4803
3.425 0.625938  0.481144
3.426 0.624988  0.481987
3.427 0.624039  0.48283
3.428 0.62309  0.483674
3.429 0.62214  0.484517
3.43 0.621191  0.48536
3.431 0.620242  0.486204
3.432 0.619292  0.487047
3.433 0.618343  0.487891
3.434 0.617394  0.488734
3.435 0.616444  0.489577
3.436 0.615495  0.490421
3.437 0.614546  0.491264
3.438 0.613596  0.492107
3.439 0.612647  0.492951
3.44 0.611697  0.493794
3.441 0.610748  0.494638
3.442 0.609799  0.495481
3.443 0.608849  0.496324
3.444 0.6079  0.497168
3.445 0.60695  0.498011
3.446 0.606001  0.498855
3.447 0.605052  0.499698
3.448 0.604102  0.500541
3.449 0.603153  0.501385
3.45 0.602203  0.502228
3.451 0.601254  0.503071
3.452 0.600304  0.503915
3.453 0.599355  0.504758
3.454 0.598406  0.505602
3.455 0.597456  0.506445
3.456 0.596507  0.507288
3.457 0.595557  0.508132
3.458 0.594608  0.508975
3.459 0.593658  0.509819
3.46 0.592709  0.510662
3.461 0.591759  0.511505
3.462 0.59081  0.512349
3.463 0.58986  0.513192
3.464 0.588911  0.514035
3.465 0.587961  0.514879
3.466 0.587012  0.515722
3.467 0.586062  0.516566
3.468 0.585113  0.517409
3.469 0.584163  0.518252
3.47 0.583214  0.519096
3.471 0.582264  0.519939
3.472 0.581315  0.520783
3.473 0.580365  0.521626
3.474 0.579416  0.522469
3.475 0.578466  0.523313
3.476 0.577517  0.524156
3.477 0.576567  0.524999
3.478 0.575618  0.525843
3.479 0.574668  0.526686
3.48 0.573718  0.52753
3.481 0.572769  0.528373
3.482 0.571819  0.529216
3.483 0.57087  0.53006
3.484 0.56992  0.530903
3.485 0.568971  0.531747
3.486 0.568021  0.53259
3.487 0.567071  0.533433
3.488 0.566122  0.534277
3.489 0.565172  0.53512
3.49 0.564223  0.535963
3.491 0.563273  0.536807
3.492 0.562323  0.53765
3.493 0.561374  0.538494
3.494 0.560424  0.539337
3.495 0.559475  0.54018
3.496 0.558525  0.541024
3.497 0.557575  0.541867
3.498 0.556626  0.542711
3.499 0.555676  0.543554
3.5 0.554726  0.544397
3.501 0.553777  0.545241
3.502 0.552827  0.546084
3.503 0.551877  0.546928
3.504 0.550928  0.547771
3.505 0.549978  0.548614
3.506 0.549028  0.549458
3.507 0.548079  0.550301
3.508 0.547129  0.551144
3.509 0.546179  0.551988
3.51 0.54523  0.552831
3.511 0.54428  0.553675
3.512 0.54333  0.554518
3.513 0.542381  0.555361
3.514 0.541431  0.556205
3.515 0.540481  0.557048
3.516 0.539532  0.557892
3.517 0.538582  0.558735
3.518 0.537632  0.559578
3.519 0.536682  0.560422
3.52 0.535733  0.561265
3.521 0.534783  0.562109
3.522 0.533833  0.562952
3.523 0.532884  0.563795
3.524 0.531934  0.564639
3.525 0.530984  0.565482
3.526 0.530034  0.566325
3.527 0.529085  0.567169
3.528 0.528135  0.568012
3.529 0.527185  0.568856
3.53 0.526235  0.569699
3.531 0.525286  0.570542
3.532 0.524336  0.571386
3.533 0.523386  0.572229
3.534 0.522436  0.573073
3.535 0.521486  0.573916
3.536 0.520537  0.574759
3.537 0.519587  0.575603
3.538 0.518637  0.576446
3.539 0.517687  0.57729
3.54 0.516737  0.578133
3.541 0.515788  0.578976
3.542 0.514838  0.57982
3.543 0.513888  0.580663
3.544 0.512938  0.581507
3.545 0.511988  0.58235
3.546 0.511039  0.583193
3.547 0.510089  0.584037
3.548 0.509139  0.58488
3.549 0.508189  0.585724
3.55 0.507239  0.586567
3.551 0.506289  0.58741
3.552 0.505339  0.588254
3.553 0.50439  0.589097
3.554 0.50344  0.589941
3.555 0.50249  0.590784
3.556 0.50154  0.591627
3.557 0.50059  0.592471
3.558 0.49964  0.593314
3.559 0.49869  0.594157
3.56 0.497741  0.595001
3.561 0.496791  0.595844
3.562 0.495841  0.596688
3.563 0.494891  0.597531
3.564 0.493941  0.598374
3.565 0.492991  0.599218
3.566 0.492041  0.600061
3.567 0.491091  0.600905
3.568 0.490141  0.601748
3.569 0.489191  0.602591
3.57 0.488241  0.603435
3.571 0.487292  0.604278
3.572 0.486342  0.605122
3.573 0.485392  0.605965
3.574 0.484442  0.606808
3.575 0.483492  0.607652
3.576 0.482542  0.608495
3.577 0.481592  0.609339
3.578 0.480642  0.610182
3.579 0.479692  0.611025
3.58 0.478742  0.611869
3.581 0.477792  0.612712
3.582 0.476842  0.613556
3.583 0.475892  0.614399
3.584 0.474942  0.615242
3.585 0.473992  0.616086
3.586 0.473042  0.616929
3.587 0.472092  0.617773
3.588 0.471142  0.618616
3.589 0.470192  0.619459
3.59 0.469242  0.620303
3.591 0.468292  0.621146
3.592 0.467342  0.62199
3.593 0.466392  0.622833
3.594 0.465442  0.623676
3.595 0.464492  0.62452
3.596 0.463542  0.625363
3.597 0.462592  0.626207
3.598 0.461642  0.62705
3.599 0.460692  0.627893
3.6 0.459742  0.628737
3.601 0.458792  0.62958
3.602 0.457842  0.630424
3.603 0.456892  0.631267
3.604 0.455942  0.63211
3.605 0.454992  0.632954
3.606 0.454042  0.633797
3.607 0.453092  0.634641
3.608 0.452142  0.635484
3.609 0.451191  0.636327
3.61 0.450241  0.637171
3.611 0.449291  0.638014
3.612 0.448341  0.638858
3.613 0.447391  0.639701
3.614 0.446441  0.640544
3.615 0.445491  0.641388
3.616 0.444541  0.642231
3.617 0.443591  0.643075
3.618 0.442641  0.643918
3.619 0.44169  0.644761
3.62 0.44074  0.645605
3.621 0.43979  0.646448
3.622 0.43884  0.647292
3.623 0.43789  0.648135
3.624 0.43694  0.648978
3.625 0.43599  0.649822
3.626 0.43504  0.650665
3.627 0.434089  0.651509
3.628 0.433139  0.652352
3.629 0.432189  0.653195
3.63 0.431239  0.654039
3.631 0.430289  0.654882
3.632 0.429339  0.655726
3.633 0.428388  0.656569
3.634 0.427438  0.657412
3.635 0.426488  0.658256
3.636 0.425538  0.659099
3.637 0.424588  0.659943
3.638 0.423638  0.660786
3.639 0.422687  0.661629
3.64 0.421737  0.662473
3.641 0.420787  0.663316
3.642 0.419837  0.66416
3.643 0.418887  0.665003
3.644 0.417936  0.665846
3.645 0.416986  0.66669
3.646 0.416036  0.667533
3.647 0.415086  0.668377
3.648 0.414136  0.66922
3.649 0.413185  0.670063
3.65 0.412235  0.670907
3.651 0.411285  0.67175
3.652 0.410335  0.672594
3.653 0.409384  0.673437
3.654 0.408434  0.67428
3.655 0.407484  0.675124
3.656 0.406534  0.675967
3.657 0.405583  0.676811
3.658 0.404633  0.677654
3.659 0.403683  0.678497
3.66 0.402733  0.679341
3.661 0.401782  0.680184
3.662 0.400832  0.681028
3.663 0.399882  0.681871
3.664 0.398931  0.682714
3.665 0.397981  0.683558
3.666 0.397031  0.684401
3.667 0.396081  0.685245
3.668 0.39513  0.686088
3.669 0.39418  0.686931
3.67 0.39323  0.687775
3.671 0.392279  0.688618
3.672 0.391329  0.689462
3.673 0.390379  0.690305
3.674 0.389428  0.691149
3.675 0.388478  0.691992
3.676 0.387528  0.692835
3.677 0.386577  0.693679
3.678 0.385627  0.694522
3.679 0.384677  0.695366
3.68 0.383726  0.696209
3.681 0.382776  0.697052
3.682 0.381826  0.697896
3.683 0.380875  0.698739
3.684 0.379925  0.699583
3.685 0.378975  0.700426
3.686 0.378024  0.701269
3.687 0.377074  0.702113
3.688 0.376124  0.702956
3.689 0.375173  0.7038
3.69 0.374223  0.704643
3.691 0.373272  0.705486
3.692 0.372322  0.70633
3.693 0.371372  0.707173
3.694 0.370421  0.708017
3.695 0.369471  0.70886
3.696 0.36852  0.709703
3.697 0.36757  0.710547
3.698 0.36662  0.71139
3.699 0.365669  0.712234
3.7 0.364719  0.713077
3.701 0.363768  0.71392
3.702 0.362818  0.714764
3.703 0.361867  0.715607
3.704 0.360917  0.716451
3.705 0.359967  0.717294
3.706 0.359016  0.718138
3.707 0.358066  0.718981
3.708 0.357115  0.719824
3.709 0.356165  0.720668
3.71 0.355214  0.721511
3.711 0.354264  0.722355
3.712 0.353313  0.723198
3.713 0.352363  0.724041
3.714 0.351413  0.724885
3.715 0.350462  0.725728
3.716 0.349512  0.726572
3.717 0.348561  0.727415
3.718 0.347611  0.728258
3.719 0.34666  0.729102
3.72 0.34571  0.729945
3.721 0.344759  0.730789
3.722 0.343809  0.731632
3.723 0.342858  0.732475
3.724 0.341908  0.733319
3.725 0.340957  0.734162
3.726 0.340007  0.735006
3.727 0.339056  0.735849
3.728 0.338106  0.736693
3.729 0.337155  0.737536
3.73 0.336205  0.738379
3.731 0.335254  0.739223
3.732 0.334304  0.740066
3.733 0.333353  0.74091
3.734 0.332402  0.741753
3.735 0.331452  0.742596
3.736 0.330501  0.74344
3.737 0.329551  0.744283
3.738 0.3286  0.745127
3.739 0.32765  0.74597
3.74 0.326699  0.746813
3.741 0.325749  0.747657
3.742 0.324798  0.7485
3.743 0.323847  0.749344
3.744 0.322897  0.750187
3.745 0.321946  0.75103
3.746 0.320996  0.751874
3.747 0.320045  0.752717
3.748 0.319095  0.753561
3.749 0.318144  0.754404
3.75 0.317193  0.755248
3.751 0.316243  0.756091
3.752 0.315292  0.756934
3.753 0.314342  0.757778
3.754 0.313391  0.758621
3.755 0.31244  0.759465
3.756 0.31149  0.760308
3.757 0.310539  0.761151
3.758 0.309588  0.761995
3.759 0.308638  0.762838
3.76 0.307687  0.763682
3.761 0.306737  0.764525
3.762 0.305786  0.765368
3.763 0.304835  0.766212
3.764 0.303885  0.767055
3.765 0.302934  0.767899
3.766 0.301983  0.768742
3.767 0.301033  0.769586
3.768 0.300082  0.770429
3.769 0.299131  0.771272
3.77 0.298181  0.772116
3.771 0.29723  0.772959
3.772 0.296279  0.773803
3.773 0.295329  0.774646
3.774 0.294378  0.775489
3.775 0.293427  0.776333
3.776 0.292477  0.777176
3.777 0.291526  0.77802
3.778 0.290575  0.778863
3.779 0.289625  0.779706
3.78 0.288674  0.78055
3.781 0.287723  0.781393
3.782 0.286772  0.782237
3.783 0.285822  0.78308
3.784 0.284871  0.783924
3.785 0.28392  0.784767
3.786 0.28297  0.78561
3.787 0.282019  0.786454
3.788 0.281068  0.787297
3.789 0.280117  0.788141
3.79 0.279167  0.788984
3.791 0.278216  0.789827
3.792 0.277265  0.790671
3.793 0.276314  0.791514
3.794 0.275364  0.792358
3.795 0.274413  0.793201
3.796 0.273462  0.794044
3.797 0.272511  0.794888
3.798 0.271561  0.795731
3.799 0.27061  0.796575
3.8 0.269659  0.797418
3.801 0.268708  0.798262
3.802 0.267758  0.799105
3.803 0.266807  0.799948
3.804 0.265856  0.800792
3.805 0.264905  0.801635
3.806 0.263955  0.802479
3.807 0.263004  0.803322
3.808 0.262053  0.804165
3.809 0.261102  0.805009
3.81 0.260151  0.805852
3.811 0.259201  0.806696
3.812 0.25825  0.807539
3.813 0.257299  0.808383
3.814 0.256348  0.809226
3.815 0.255397  0.810069
3.816 0.254446  0.810913
3.817 0.253496  0.811756
3.818 0.252545  0.8126
3.819 0.251594  0.813443
3.82 0.250643  0.814286
3.821 0.249692  0.81513
3.822 0.248741  0.815973
3.823 0.247791  0.816817
3.824 0.24684  0.81766
3.825 0.245889  0.818504
3.826 0.244938  0.819347
3.827 0.243987  0.82019
3.828 0.243036  0.821034
3.829 0.242085  0.821877
3.83 0.241135  0.822721
3.831 0.240184  0.823564
3.832 0.239233  0.824407
3.833 0.238282  0.825251
3.834 0.237331  0.826094
3.835 0.23638  0.826938
3.836 0.235429  0.827781
3.837 0.234478  0.828624
3.838 0.233527  0.829468
3.839 0.232577  0.830311
3.84 0.231626  0.831155
3.841 0.230675  0.831998
3.842 0.229724  0.832842
3.843 0.228773  0.833685
3.844 0.227822  0.834528
3.845 0.226871  0.835372
3.846 0.22592  0.836215
3.847 0.224969  0.837059
3.848 0.224018  0.837902
3.849 0.223067  0.838745
3.85 0.222116  0.839589
3.851 0.221166  0.840432
3.852 0.220215  0.841276
3.853 0.219264  0.842119
3.854 0.218313  0.842963
3.855 0.217362  0.843806
3.856 0.216411  0.844649
3.857 0.21546  0.845493
3.858 0.214509  0.846336
3.859 0.213558  0.84718
3.86 0.212607  0.848023
3.861 0.211656  0.848866
3.862 0.210705  0.84971
3.863 0.209754  0.850553
3.864 0.208803  0.851397
3.865 0.207852  0.85224
3.866 0.206901  0.853084
3.867 0.20595  0.853927
3.868 0.204999  0.85477
3.869 0.204048  0.855614
3.87 0.203097  0.856457
3.871 0.202146  0.857301
3.872 0.201195  0.858144
3.873 0.200244  0.858987
3.874 0.199293  0.859831
3.875 0.198342  0.860674
3.876 0.197391  0.861518
3.877 0.19644  0.862361
3.878 0.195489  0.863205
3.879 0.194538  0.864048
3.88 0.193587  0.864891
3.881 0.192636  0.865735
3.882 0.191685  0.866578
3.883 0.190734  0.867422
3.884 0.189783  0.868265
3.885 0.188832  0.869109
3.886 0.187881  0.869952
3.887 0.18693  0.870795
3.888 0.185979  0.871639
3.889 0.185027  0.872482
3.89 0.184076  0.873326
3.891 0.183125  0.874169
3.892 0.182174  0.875012
3.893 0.181223  0.875856
3.894 0.180272  0.876699
3.895 0.179321  0.877543
3.896 0.17837  0.878386
3.897 0.177419  0.87923
3.898 0.176468  0.880073
3.899 0.175517  0.880916
3.9 0.174566  0.88176
3.901 0.173614  0.882603
3.902 0.172663  0.883447
3.903 0.171712  0.88429
3.904 0.170761  0.885133
3.905 0.16981  0.885977
3.906 0.168859  0.88682
3.907 0.167908  0.887664
3.908 0.166957  0.888507
3.909 0.166006  0.889351
3.91 0.165054  0.890194
3.911 0.164103  0.891037
3.912 0.163152  0.891881
3.913 0.162201  0.892724
3.914 0.16125  0.893568
3.915 0.160299  0.894411
3.916 0.159348  0.895255
3.917 0.158396  0.896098
3.918 0.157445  0.896941
3.919 0.156494  0.897785
3.92 0.155543  0.898628
3.921 0.154592  0.899472
3.922 0.153641  0.900315
3.923 0.152689  0.901158
3.924 0.151738  0.902002
3.925 0.150787  0.902845
3.926 0.149836  0.903689
3.927 0.148885  0.904532
3.928 0.147933  0.905376
3.929 0.146982  0.906219
3.93 0.146031  0.907062
3.931 0.14508  0.907906
3.932 0.144129  0.908749
3.933 0.143178  0.909593
3.934 0.142226  0.910436
3.935 0.141275  0.911279
3.936 0.140324  0.912123
3.937 0.139373  0.912966
3.938 0.138421  0.91381
3.939 0.13747  0.914653
3.94 0.136519  0.915497
3.941 0.135568  0.91634
3.942 0.134617  0.917183
3.943 0.133665  0.918027
3.944 0.132714  0.91887
3.945 0.131763  0.919714
3.946 0.130812  0.920557
3.947 0.12986  0.921401
3.948 0.128909  0.922244
3.949 0.127958  0.923087
3.95 0.127007  0.923931
3.951 0.126055  0.924774
3.952 0.125104  0.925618
3.953 0.124153  0.926461
3.954 0.123202  0.927304
3.955 0.12225  0.928148
3.956 0.121299  0.928991
3.957 0.120348  0.929835
3.958 0.119396  0.930678
3.959 0.118445  0.931522
3.96 0.117494  0.932365
3.961 0.116543  0.933208
3.962 0.115591  0.934052
3.963 0.11464  0.934895
3.964 0.113689  0.935739
3.965 0.112737  0.936582
3.966 0.111786  0.937426
3.967 0.110835  0.938269
3.968 0.109883  0.939112
3.969 0.108932  0.939956
3.97 0.107981  0.940799
3.971 0.10703  0.941643
3.972 0.106078  0.942486
3.973 0.105127  0.94333
3.974 0.104176  0.944173
3.975 0.103224  0.945016
3.976 0.102273  0.94586
3.977 0.101322  0.946703
3.978 0.10037  0.947547
3.979 0.0994188  0.94839
3.98 0.0984675  0.949233
3.981 0.0975161  0.950077
3.982 0.0965648  0.95092
3.983 0.0956134  0.951764
3.984 0.0946621  0.952607
3.985 0.0937107  0.953451
3.986 0.0927593  0.954294
3.987 0.091808  0.955137
3.988 0.0908566  0.955981
3.989 0.0899052  0.956824
3.99 0.0889538  0.957668
3.991 0.0880025  0.958511
3.992 0.0870511  0.959355
3.993 0.0860997  0.960198
3.994 0.0851483  0.961041
3.995 0.0841969  0.961885
3.996 0.0832455  0.962728
3.997 0.0822941  0.963572
3.998 0.0813427  0.964415
3.999 0.0803913  0.965259
