0 2.99998  -0.999995
0.01 2.99991  -0.999981
0.02 2.9998  -0.999957
0.03 2.99965  -0.999923
0.04 2.99945  -0.99988
0.05 2.99921  -0.999827
0.06 2.99892  -0.999764
0.07 2.99859  -0.999692
0.08 2.99822  -0.99961
0.09 2.9978  -0.999519
0.1 2.99733  -0.999417
0.11 2.99683  -0.999306
0.12 2.99628  -0.999185
0.13 2.99568  -0.999055
0.14 2.99504  -0.998915
0.15 2.99436  -0.998765
0.16 2.99363  -0.998605
0.17 2.99286  -0.998435
0.18 2.99204  -0.998256
0.19 2.99118  -0.998066
0.2 2.99028  -0.997867
0.21 2.98933  -0.997658
0.22 2.98833  -0.997439
0.23 2.98729  -0.99721
0.24 2.98621  -0.996971
0.25 2.98508  -0.996722
0.26 2.98391  -0.996464
0.27 2.98269  -0.996195
0.28 2.98143  -0.995916
0.29 2.98013  -0.995627
0.3 2.97878  -0.995328
0.31 2.97738  -0.995019
0.32 2.97594  -0.994699
0.33 2.97446  -0.99437
0.34 2.97293  -0.99403
0.35 2.97135  -0.993681
0.36 2.96973  -0.993321
0.37 2.96807  -0.99295
0.38 2.96636  -0.992569
0.39 2.9646  -0.992178
0.4 2.9628  -0.991777
0.41 2.96096  -0.991365
0.42 2.95907  -0.990943
0.43 2.95713  -0.99051
0.44 2.95515  -0.990067
0.45 2.95312  -0.989614
0.46 2.95105  -0.989149
0.47 2.94893  -0.988674
0.48 2.94676  -0.988189
0.49 2.94455  -0.987692
0.5 2.94229  -0.987186
0.51 2.93999  -0.986668
0.52 2.93764  -0.986139
0.53 2.93525  -0.9856
0.54 2.93281  -0.98505
0.55 2.93032  -0.984488
0.56 2.92779  -0.983916
0.57 2.9252  -0.983333
0.58 2.92258  -0.982739
0.59 2.9199  -0.982133
0.6 2.91718  -0.981517
0.61 2.91442  -0.980889
0.62 2.9116  -0.98025
0.63 2.90874  -0.9796
0.64 2.90583  -0.978938
0.65 2.90287  -0.978265
0.66 2.89987  -0.97758
0.67 2.89682  -0.976884
0.68 2.89372  -0.976176
0.69 2.89057  -0.975457
0.7 2.88738  -0.974726
0.71 2.88414  -0.973983
0.72 2.88085  -0.973229
0.73 2.87751  -0.972463
0.74 2.87412  -0.971684
0.75 2.87068  -0.970894
0.76 2.8672  -0.970091
0.77 2.86367  -0.969277
0.78 2.86008  -0.96845
0.79 2.85645  -0.967611
0.8 2.85277  -0.96676
0.81 2.84904  -0.965896
0.82 2.84526  -0.96502
0.83 2.84144  -0.964132
0.84 2.83756  -0.96323
0.85 2.83363  -0.962316
0.86 2.82965  -0.96139
0.87 2.82562  -0.96045
0.88 2.82154  -0.959498
0.89 2.81741  -0.958532
0.9 2.81323  -0.957553
0.91 2.809  -0.956562
0.92 2.80472  -0.955557
0.93 2.80039  -0.954538
0.94 2.796  -0.953507
0.95 2.79157  -0.952461
0.96 2.78708  -0.951402
0.97 2.78254  -0.95033
0.98 2.77795  -0.949243
0.99 2.7733  -0.948143
1 2.76861  -0.947029
1.01 2.76386  -0.9459
1.02 2.75905  -0.944758
1.03 2.7542  -0.943601
1.04 2.74929  -0.942429
1.05 2.74433  -0.941243
1.06 2.73931  -0.940043
1.07 2.73424  -0.938828
1.08 2.72912  -0.937598
1.09 2.72394  -0.936353
1.1 2.71871  -0.935092
1.11 2.71342  -0.933817
1.12 2.70808  -0.932526
1.13 2.70268  -0.93122
1.14 2.69722  -0.929898
1.15 2.69171  -0.928561
1.16 2.68615  -0.927207
1.17 2.68053  -0.925838
1.18 2.67485  -0.924452
1.19 2.66911  -0.92305
1.2 2.66332  -0.921632
1.21 2.65747  -0.920197
1.22 2.65156  -0.918746
1.23 2.6456  -0.917277
1.24 2.63958  -0.915792
1.25 2.6335  -0.914289
1.26 2.62735  -0.912769
1.27 2.62116  -0.911232
1.28 2.6149  -0.909676
1.29 2.60858  -0.908103
1.3 2.6022  -0.906512
1.31 2.59576  -0.904903
1.32 2.58926  -0.903275
1.33 2.5827  -0.901629
1.34 2.57608  -0.899964
1.35 2.5694  -0.89828
1.36 2.56265  -0.896577
1.37 2.55585  -0.894854
1.38 2.54898  -0.893112
1.39 2.54204  -0.89135
1.4 2.53505  -0.889568
1.41 2.52799  -0.887766
1.42 2.52087  -0.885943
1.43 2.51368  -0.8841
1.44 2.50642  -0.882236
1.45 2.49911  -0.88035
1.46 2.49172  -0.878444
1.47 2.48427  -0.876515
1.48 2.47676  -0.874565
1.49 2.46917  -0.872592
1.5 2.46152  -0.870597
1.51 2.45381  -0.86858
1.52 2.44602  -0.866539
1.53 2.43816  -0.864476
1.54 2.43024  -0.862388
1.55 2.42225  -0.860277
1.56 2.41418  -0.858142
1.57 2.40605  -0.855982
1.58 2.39785  -0.853797
1.59 2.38957  -0.851588
1.6 2.38122  -0.849353
1.61 2.3728  -0.847092
1.62 2.36431  -0.844805
1.63 2.35574  -0.842492
1.64 2.3471  -0.840152
1.65 2.33839  -0.837785
1.66 2.32959  -0.83539
1.67 2.32073  -0.832968
1.68 2.31179  -0.830517
1.69 2.30277  -0.828037
1.7 2.29367  -0.825529
1.71 2.2845  -0.822991
1.72 2.27525  -0.820423
1.73 2.26592  -0.817825
1.74 2.2565  -0.815196
1.75 2.24701  -0.812536
1.76 2.23744  -0.809844
1.77 2.22779  -0.807121
1.78 2.21805  -0.804365
1.79 2.20823  -0.801576
1.8 2.19833  -0.798754
1.81 2.18834  -0.7959
1.82 2.17826  -0.793011
1.83 2.16807  -0.79009
1.84 2.15776  -0.787138
1.85 2.14731  -0.784158
1.86 2.13671  -0.781158
1.87 2.12591  -0.778154
1.88 2.11487  -0.775174
1.89 2.10356  -0.772266
1.9 2.09195  -0.769503
1.91 2.08004  -0.766965
1.92 2.06789  -0.764719
1.93 2.05558  -0.762781
1.94 2.0432  -0.761126
1.95 2.03079  -0.759706
1.96 2.01838  -0.758473
1.97 2.00599  -0.757385
1.98 1.99362  -0.75641
1.99 1.98127  -0.755523
2 1.96895  -0.754705
2.01 1.95665  -0.753944
2.02 1.94436  -0.753227
2.03 1.93209  -0.752549
2.04 1.91984  -0.7519
2.05 1.90759  -0.751278
2.06 1.89536  -0.750678
2.07 1.88314  -0.750096
2.08 1.87092  -0.74953
2.09 1.85872  -0.748978
2.1 1.84652  -0.748437
2.11 1.83432  -0.747907
2.12 1.82213  -0.747386
2.13 1.80995  -0.746872
2.14 1.79776  -0.746366
2.15 1.78558  -0.745865
2.16 1.77341  -0.74537
2.17 1.76124  -0.74488
2.18 1.74906  -0.744394
2.19 1.7369  -0.743911
2.2 1.72473  -0.743433
2.21 1.71256  -0.742957
2.22 1.7004  -0.742483
2.23 1.68824  -0.742013
2.24 1.67607  -0.741544
2.25 1.66391  -0.741077
2.26 1.65175  -0.740612
2.27 1.63959  -0.740149
2.28 1.62744  -0.739687
2.29 1.61528  -0.739226
2.3 1.60312  -0.738766
2.31 1.59096  -0.738307
2.32 1.5788  -0.737849
2.33 1.56665  -0.737392
2.34 1.55449  -0.736935
2.35 1.54233  -0.736479
2.36 1.53018  -0.736024
2.37 1.51802  -0.735569
2.38 1.50587  -0.735115
2.39 1.49371  -0.73466
2.4 1.48155  -0.734206
2.41 1.4694  -0.733753
2.42 1.45724  -0.733299
2.43 1.44508  -0.732846
2.44 1.43293  -0.732393
2.45 1.42077  -0.73194
2.46 1.40861  -0.731487
2.47 1.39645  -0.731034
2.48 1.3843  -0.730581
2.49 1.37214  -0.730128
2.5 1.35998  -0.729675
2.51 1.34782  -0.729222
2.52 1.33567  -0.728769
2.53 1.32351  -0.728316
2.54 1.31135  -0.727863
2.55 1.29919  -0.72741
2.56 1.28703  -0.726956
2.57 1.27487  -0.726503
2.58 1.26271  -0.726049
2.59 1.25055  -0.725595
2.6 1.23839  -0.725141
2.61 1.22623  -0.724687
2.62 1.21407  -0.724232
2.63 1.20191  -0.723778
2.64 1.18975  -0.723323
2.65 1.17758  -0.722868
2.66 1.16542  -0.722413
2.67 1.15326  -0.721958
2.68 1.1411  -0.721502
2.69 1.12893  -0.721046
2.7 1.11677  -0.72059
2.71 1.10461  -0.720134
2.72 1.09244  -0.719678
2.73 1.08028  -0.719221
2.74 1.06812  -0.718764
2.75 1.05595  -0.718307
2.76 1.04379  -0.71785
2.77 1.03162  -0.717393
2.78 1.01946  -0.716935
2.79 1.00729  -0.716477
2.8 0.995125  -0.716019
2.81 0.982959  -0.71556
2.82 0.970793  -0.715102
2.83 0.958626  -0.714643
2.84 0.94646  -0.714184
2.85 0.934292  -0.713724
2.86 0.922125  -0.713265
2.87 0.909957  -0.712805
2.88 0.89779  -0.712345
2.89 0.885621  -0.711884
2.9 0.873453  -0.711424
2.91 0.861284  -0.710963
2.92 0.849115  -0.710502
2.93 0.836946  -0.710041
2.94 0.824777  -0.70958
2.95 0.812607  -0.709118
2.96 0.800437  -0.708656
2.97 0.788267  -0.708194
2.98 0.776097  -0.707732
2.99 0.763926  -0.707269
3 0.751756  -0.706806
3.01 0.739584  -0.706343
3.02 0.727413  -0.70588
3.03 0.715242  -0.705417
3.04 0.70307  -0.704953
3.05 0.690898  -0.704489
3.06 0.678726  -0.704025
3.07 0.666553  -0.703561
3.08 0.654381  -0.703096
3.09 0.642208  -0.702632
3.1 0.630035  -0.702167
3.11 0.617862  -0.701702
3.12 0.605688  -0.701236
3.13 0.593514  -0.700771
3.14 0.581341  -0.700305
3.15 0.569167  -0.699839
3.16 0.556992  -0.699373
3.17 0.544818  -0.698907
3.18 0.532643  -0.69844
3.19 0.520468  -0.697974
3.2 0.508293  -0.697507
3.21 0.496118  -0.697039
3.22 0.483942  -0.696572
3.23 0.471767  -0.696105
3.24 0.459591  -0.695637
3.25 0.447415  -0.695169
3.26 0.435238  -0.694701
3.27 0.423062  -0.694233
3.28 0.410885  -0.693764
3.29 0.398709  -0.693296
3.3 0.386532  -0.692827
3.31 0.374355  -0.692358
3.32 0.362177  -0.691889
3.33 0.35  -0.691419
3.34 0.337822  -0.69095
3.35 0.325644  -0.69048
3.36 0.313466  -0.69001
3.37 0.301288  -0.68954
3.38 0.28911  -0.68907
3.39 0.276931  -0.6886
3.4 0.264753  -0.688129
3.41 0.252574  -0.687658
3.42 0.240395  -0.687188
3.43 0.228216  -0.686716
3.44 0.216036  -0.686245
3.45 0.203857  -0.685774
3.46 0.191677  -0.685302
3.47 0.179497  -0.684831
3.48 0.167317  -0.684359
3.49 0.155137  -0.683887
3.5 0.142957  -0.683415
3.51 0.130777  -0.682942
3.52 0.118596  -0.68247
3.53 0.106415  -0.681997
3.54 0.0942346  -0.681524
3.55 0.0820536  -0.681051
3.56 0.0698725  -0.680578
3.57 0.0576912  -0.680105
3.58 0.0455098  -0.679632
3.59 0.0333282  -0.679158
3.6 0.0211465  -0.678684
3.61 0.00896467  -0.678211
3.62 -0.0032173  -0.677737
3.63 -0.0153994  -0.677262
3.64 -0.0275817  -0.676788
3.65 -0.039764  -0.676314
3.66 -0.0519465  -0.675839
3.67 -0.0641292  -0.675365
3.68 -0.076312  -0.67489
3.69 -0.0884949  -0.674415
3.7 -0.100678  -0.67394
3.71 -0.112861  -0.673464
3.72 -0.125044  -0.672989
3.73 -0.137228  -0.672514
3.74 -0.149411  -0.672038
3.75 -0.161595  -0.671562
3.76 -0.173779  -0.671086
3.77 -0.185963  -0.67061
3.78 -0.198147  -0.670134
3.79 -0.210331  -0.669658
3.8 -0.222515  -0.669182
3.81 -0.234699  -0.668705
3.82 -0.246884  -0.668228
3.83 -0.259069  -0.667752
3.84 -0.271253  -0.667275
3.85 -0.283438  -0.666798
3.86 -0.295623  -0.666321
3.87 -0.307808  -0.665843
3.88 -0.319993  -0.665366
3.89 -0.332179  -0.664888
3.9 -0.344364  -0.664411
3.91 -0.35655  -0.663933
3.92 -0.368735  -0.663455
3.93 -0.380921  -0.662977
3.94 -0.393107  -0.662499
3.95 -0.405293  -0.662021
3.96 -0.417479  -0.661543
3.97 -0.429665  -0.661064
3.98 -0.441851  -0.660586
3.99 -0.454037  -0.660107
4 -0.466224  -0.659628
4.01 -0.478411  -0.65915
4.02 -0.490597  -0.658671
4.03 -0.502784  -0.658192
4.04 -0.514971  -0.657712
4.05 -0.527158  -0.657233
4.06 -0.539345  -0.656754
4.07 -0.551532  -0.656274
4.08 -0.563719  -0.655795
4.09 -0.575907  -0.655315
4.1 -0.588094  -0.654835
4.11 -0.600282  -0.654355
4.12 -0.612469  -0.653875
4.13 -0.624657  -0.653395
4.14 -0.636845  -0.652915
4.15 -0.649033  -0.652435
4.16 -0.661221  -0.651954
4.17 -0.673409  -0.651474
4.18 -0.685597  -0.650993
4.19 -0.697785  -0.650512
4.2 -0.709974  -0.650032
4.21 -0.722162  -0.649551
4.22 -0.734351  -0.64907
4.23 -0.746539  -0.648589
4.24 -0.758728  -0.648108
4.25 -0.770917  -0.647626
4.26 -0.783106  -0.647145
4.27 -0.795295  -0.646663
4.28 -0.807484  -0.646182
4.29 -0.819673  -0.6457
4.3 -0.831862  -0.645219
4.31 -0.844051  -0.644737
4.32 -0.856241  -0.644255
4.33 -0.86843  -0.643773
4.34 -0.88062  -0.643291
4.35 -0.892809  -0.642809
4.36 -0.904999  -0.642326
4.37 -0.917189  -0.641844
4.38 -0.929379  -0.641362
4.39 -0.941569  -0.640879
4.4 -0.953759  -0.640396
4.41 -0.965949  -0.639914
4.42 -0.978139  -0.639431
4.43 -0.990329  -0.638948
4.44 -1.00252  -0.638465
4.45 -1.01471  -0.637982
4.46 -1.0269  -0.637499
4.47 -1.03909  -0.637016
4.48 -1.05128  -0.636533
4.49 -1.06347  -0.636049
4.5 -1.07566  -0.635566
4.51 -1.08785  -0.635082
4.52 -1.10004  -0.634599
4.53 -1.11224  -0.634115
4.54 -1.12443  -0.633631
4.55 -1.13662  -0.633148
4.56 -1.14881  -0.632664
4.57 -1.161  -0.63218
4.58 -1.17319  -0.631696
4.59 -1.18538  -0.631212
4.6 -1.19757  -0.630727
4.61 -1.20977  -0.630243
4.62 -1.22196  -0.629759
4.63 -1.23415  -0.629274
4.64 -1.24634  -0.62879
4.65 -1.25853  -0.628305
4.66 -1.27072  -0.627821
4.67 -1.28292  -0.627336
4.68 -1.29511  -0.626851
4.69 -1.3073  -0.626366
4.7 -1.31949  -0.625881
4.71 -1.33169  -0.625396
4.72 -1.34388  -0.624911
4.73 -1.35607  -0.624426
4.74 -1.36826  -0.623941
4.75 -1.38045  -0.623456
4.76 -1.39265  -0.62297
4.77 -1.40484  -0.622485
4.78 -1.41703  -0.622
4.79 -1.42923  -0.621514
4.8 -1.44142  -0.621028
4.81 -1.45361  -0.620543
4.82 -1.4658  -0.620057
4.83 -1.478  -0.619571
4.84 -1.49019  -0.619085
4.85 -1.50238  -0.618599
4.86 -1.51458  -0.618113
4.87 -1.52677  -0.617627
4.88 -1.53896  -0.617141
4.89 -1.55116  -0.616655
4.9 -1.56335  -0.616169
4.91 -1.57554  -0.615682
4.92 -1.58774  -0.615196
4.93 -1.59993  -0.614709
4.94 -1.61212  -0.614223
4.95 -1.62432  -0.613736
4.96 -1.63651  -0.61325
4.97 -1.6487  -0.612763
4.98 -1.6609  -0.612276
4.99 -1.67309  -0.611789
5 -1.68529  -0.611303
5.01 -1.69748  -0.610816
5.02 -1.70967  -0.610329
5.03 -1.72187  -0.609842
5.04 -1.73406  -0.609354
5.05 -1.74626  -0.608867
5.06 -1.75845  -0.60838
5.07 -1.77064  -0.607893
5.08 -1.78284  -0.607405
5.09 -1.79503  -0.606918
5.1 -1.80723  -0.60643
5.11 -1.81942  -0.605943
5.12 -1.83162  -0.605455
5.13 -1.84381  -0.604968
5.14 -1.85601  -0.60448
5.15 -1.8682  -0.603992
5.16 -1.8804  -0.603504
5.17 -1.89259  -0.603017
5.18 -1.90479  -0.602529
5.19 -1.91698  -0.602041
5.2 -1.92918  -0.601553
5.21 -1.94137  -0.601065
5.22 -1.95357  -0.600576
5.23 -1.96576  -0.600088
5.24 -1.97796  -0.5996
5.25 -1.99015  -0.599112
5.26 -2.00235  -0.598623
5.27 -2.01454  -0.598135
5.28 -2.02674  -0.597646
5.29 -2.03893  -0.597158
5.3 -2.05113  -0.596669
5.31 -2.06332  -0.596181
5.32 -2.07552  -0.595692
5.33 -2.08771  -0.595203
5.34 -2.09991  -0.594715
5.35 -2.11211  -0.594226
5.36 -2.1243  -0.593737
5.37 -2.1365  -0.593248
5.38 -2.14869  -0.592759
5.39 -2.16089  -0.59227
5.4 -2.17308  -0.591781
5.41 -2.18528  -0.591292
5.42 -2.19748  -0.590803
5.43 -2.20967  -0.590313
5.44 -2.22187  -0.589824
5.45 -2.23406  -0.589335
5.46 -2.24626  -0.588846
5.47 -2.25846  -0.588356
5.48 -2.27065  -0.587867
5.49 -2.28285  -0.587377
5.5 -2.29505  -0.586888
5.51 -2.30724  -0.586398
5.52 -2.31944  -0.585908
5.53 -2.33163  -0.585419
5.54 -2.34383  -0.584929
5.55 -2.35603  -0.584439
5.56 -2.36822  -0.583949
5.57 -2.38042  -0.58346
5.58 -2.39262  -0.58297
5.59 -2.40481  -0.58248
5.6 -2.41701  -0.58199
5.61 -2.42921  -0.5815
5.62 -2.4414  -0.581009
5.63 -2.4536  -0.580519
5.64 -2.4658  -0.580029
5.65 -2.47799  -0.579539
5.66 -2.49019  -0.579049
5.67 -2.50239  -0.578558
5.68 -2.51459  -0.578068
5.69 -2.52678  -0.577578
5.7 -2.53898  -0.577087
5.71 -2.55118  -0.576597
5.72 -2.56337  -0.576106
5.73 -2.57557  -0.575616
5.74 -2.58777  -0.575125
5.75 -2.59997  -0.574634
5.76 -2.61216  -0.574144
5.77 -2.62436  -0.573653
5.78 -2.63656  -0.573162
5.79 -2.64876  -0.572671
5.8 -2.66095  -0.57218
5.81 -2.67315  -0.571689
5.82 -2.68535  -0.571199
5.83 -2.69755  -0.570708
5.84 -2.70974  -0.570217
5.85 -2.72194  -0.569725
5.86 -2.73414  -0.569234
5.87 -2.74634  -0.568743
5.88 -2.75853  -0.568252
5.89 -2.77073  -0.567761
5.9 -2.78293  -0.56727
5.91 -2.79513  -0.566778
5.92 -2.80733  -0.566287
5.93 -2.81952  -0.565795
5.94 -2.83172  -0.565304
5.95 -2.84392  -0.564813
5.96 -2.85612  -0.564321
5.97 -2.86832  -0.56383
5.98 -2.88051  -0.563338
5.99 -2.89271  -0.562846
6 -2.90491  -0.562355
6.01 -2.91711  -0.561863
6.02 -2.92931  -0.561371
6.03 -2.94151  -0.56088
6.04 -2.9537  -0.560388
6.05 -2.9659  -0.559896
6.06 -2.9781  -0.559404
6.07 -2.9903  -0.558912
6.08 -3.0025  -0.55842
6.09 -3.0147  -0.557928
6.1 -3.02689  -0.557436
6.11 -3.03909  -0.556944
6.12 -3.05129  -0.556452
6.13 -3.06349  -0.55596
6.14 -3.07569  -0.555468
6.15 -3.08789  -0.554976
6.16 -3.10009  -0.554483
6.17 -3.11228  -0.553991
6.18 -3.12448  -0.553499
6.19 -3.13668  -0.553006
6.2 -3.14888  -0.552514
6.21 -3.16108  -0.552022
6.22 -3.17328  -0.551529
6.23 -3.18548  -0.551037
6.24 -3.19768  -0.550544
6.25 -3.20988  -0.550052
6.26 -3.22207  -0.549559
6.27 -3.23427  -0.549066
6.28 -3.24647  -0.548574
6.29 -3.25867  -0.548081
6.3 -3.27087  -0.547588
6.31 -3.28307  -0.547096
6.32 -3.29527  -0.546603
6.33 -3.30747  -0.54611
6.34 -3.31967  -0.545617
6.35 -3.33187  -0.545124
6.36 -3.34407  -0.544631
6.37 -3.35627  -0.544138
6.38 -3.36847  -0.543645
6.39 -3.38066  -0.543152
6.4 -3.39286  -0.542659
6.41 -3.40506  -0.542166
6.42 -3.41726  -0.541673
6.43 -3.42946  -0.54118
6.44 -3.44166  -0.540687
6.45 -3.45386  -0.540194
6.46 -3.46606  -0.539701
6.47 -3.47826  -0.539207
6.48 -3.49046  -0.538714
6.49 -3.50266  -0.538221
6.5 -3.51486  -0.537727
6.51 -3.52706  -0.537234
6.52 -3.53926  -0.53674
6.53 -3.55146  -0.536247
6.54 -3.56366  -0.535754
6.55 -3.57586  -0.53526
6.56 -3.58806  -0.534767
6.57 -3.60026  -0.534273
6.58 -3.61246  -0.533779
6.59 -3.62466  -0.533286
6.6 -3.63686  -0.532792
6.61 -3.64906  -0.532298
6.62 -3.66126  -0.531805
6.63 -3.67346  -0.531311
6.64 -3.68566  -0.530817
6.65 -3.69786  -0.530323
6.66 -3.71006  -0.52983
6.67 -3.72226  -0.529336
6.68 -3.73446  -0.528842
6.69 -3.74666  -0.528348
6.7 -3.75886  -0.527854
6.71 -3.77106  -0.52736
6.72 -3.78326  -0.526866
6.73 -3.79546  -0.526372
6.74 -3.80766  -0.525878
6.75 -3.81986  -0.525384
6.76 -3.83206  -0.52489
6.77 -3.84426  -0.524395
6.78 -3.85646  -0.523901
6.79 -3.86866  -0.523407
6.8 -3.88086  -0.522913
6.81 -3.89306  -0.522419
6.82 -3.90526  -0.521924
6.83 -3.91746  -0.52143
6.84 -3.92967  -0.520936
6.85 -3.94187  -0.520441
6.86 -3.95407  -0.519947
6.87 -3.96627  -0.519452
6.88 -3.97847  -0.518958
6.89 -3.99067  -0.518464
6.9 -4.00287  -0.517969
6.91 -4.01507  -0.517475
6.92 -4.02727  -0.51698
6.93 -4.03947  -0.516485
6.94 -4.05167  -0.515991
6.95 -4.06387  -0.515496
6.96 -4.07607  -0.515002
6.97 -4.08827  -0.514507
6.98 -4.10048  -0.514012
6.99 -4.11268  -0.513517
7 -4.12488  -0.513023
7.01 -4.13708  -0.512528
7.02 -4.14928  -0.512033
7.03 -4.16148  -0.511538
7.04 -4.17368  -0.511043
7.05 -4.18588  -0.510548
7.06 -4.19808  -0.510054
7.07 -4.21028  -0.509559
7.08 -4.22249  -0.509064
7.09 -4.23469  -0.508569
7.1 -4.24689  -0.508074
7.11 -4.25909  -0.507579
7.12 -4.27129  -0.507084
7.13 -4.28349  -0.506588
7.14 -4.29569  -0.506093
7.15 -4.30789  -0.505598
7.16 -4.3201  -0.505103
7.17 -4.3323  -0.504608
7.18 -4.3445  -0.504113
7.19 -4.3567  -0.503617
7.2 -4.3689  -0.503122
7.21 -4.3811  -0.502627
7.22 -4.3933  -0.502132
7.23 -4.40551  -0.501636
7.24 -4.41771  -0.501141
7.25 -4.42991  -0.500645
7.26 -4.44211  -0.50015
7.27 -4.45431  -0.499655
7.28 -4.46651  -0.499159
7.29 -4.47871  -0.498664
7.3 -4.49092  -0.498168
7.31 -4.50312  -0.497673
7.32 -4.51532  -0.497177
7.33 -4.52752  -0.496682
7.34 -4.53972  -0.496186
7.35 -4.55192  -0.49569
7.36 -4.56413  -0.495195
7.37 -4.57633  -0.494699
7.38 -4.58853  -0.494203
7.39 -4.60073  -0.493708
7.4 -4.61293  -0.493212
7.41 -4.62513  -0.492716
7.42 -4.63734  -0.492221
7.43 -4.64954  -0.491725
7.44 -4.66174  -0.491229
7.45 -4.67394  -0.490733
7.46 -4.68614  -0.490237
7.47 -4.69835  -0.489741
7.48 -4.71055  -0.489245
7.49 -4.72275  -0.48875
7.5 -4.73495  -0.488254
7.51 -4.74715  -0.487758
7.52 -4.75936  -0.487262
7.53 -4.77156  -0.486766
7.54 -4.78376  -0.48627
7.55 -4.79596  -0.485774
7.56 -4.80816  -0.485278
7.57 -4.82037  -0.484781
7.58 -4.83257  -0.484285
7.59 -4.84477  -0.483789
7.6 -4.85697  -0.483293
7.61 -4.86917  -0.482797
7.62 -4.88138  -0.482301
7.63 -4.89358  -0.481804
7.64 -4.90578  -0.481308
7.65 -4.91798  -0.480812
7.66 -4.93019  -0.480316
7.67 -4.94239  -0.479819
7.68 -4.95459  -0.479323
7.69 -4.96679  -0.478827
7.7 -4.979  -0.47833
7.71 -4.9912  -0.477834
7.72 -5.0034  -0.477338
7.73 -5.0156  -0.476841
7.74 -5.0278  -0.476345
7.75 -5.04001  -0.475848
7.76 -5.05221  -0.475352
7.77 -5.06441  -0.474855
7.78 -5.07661  -0.474359
7.79 -5.08882  -0.473862
7.8 -5.10102  -0.473366
7.81 -5.11322  -0.472869
7.82 -5.12542  -0.472372
7.83 -5.13763  -0.471876
7.84 -5.14983  -0.471379
7.85 -5.16203  -0.470882
7.86 -5.17424  -0.470386
7.87 -5.18644  -0.469889
7.88 -5.19864  -0.469392
7.89 -5.21084  -0.468896
7.9 -5.22305  -0.468399
7.91 -5.23525  -0.467902
7.92 -5.24745  -0.467405
7.93 -5.25965  -0.466908
7.94 -5.27186  -0.466412
7.95 -5.28406  -0.465915
7.96 -5.29626  -0.465418
7.97 -5.30847  -0.464921
7.98 -5.32067  -0.464424
7.99 -5.33287  -0.463927
8 -5.34507  -0.46343
8.01 -5.35728  -0.462933
8.02 -5.36948  -0.462436
8.03 -5.38168  -0.461939
8.04 -5.39389  -0.461442
8.05 -5.40609  -0.460945
8.06 -5.41829  -0.460448
8.07 -5.43049  -0.459951
8.08 -5.4427  -0.459454
8.09 -5.4549  -0.458957
8.1 -5.4671  -0.45846
8.11 -5.47931  -0.457963
8.12 -5.49151  -0.457465
8.13 -5.50371  -0.456968
8.14 -5.51592  -0.456471
8.15 -5.52812  -0.455974
8.16 -5.54032  -0.455477
8.17 -5.55252  -0.454979
8.18 -5.56473  -0.454482
8.19 -5.57693  -0.453985
8.2 -5.58913  -0.453488
8.21 -5.60134  -0.45299
8.22 -5.61354  -0.452493
8.23 -5.62574  -0.451995
8.24 -5.63795  -0.451498
8.25 -5.65015  -0.451001
8.26 -5.66235  -0.450503
8.27 -5.67456  -0.450006
8.28 -5.68676  -0.449508
8.29 -5.69896  -0.449011
8.3 -5.71117  -0.448513
8.31 -5.72337  -0.448016
8.32 -5.73557  -0.447518
8.33 -5.74778  -0.447021
8.34 -5.75998  -0.446523
8.35 -5.77218  -0.446026
8.36 -5.78439  -0.445528
8.37 -5.79659  -0.445031
8.38 -5.80879  -0.444533
8.39 -5.821  -0.444035
8.4 -5.8332  -0.443538
8.41 -5.8454  -0.44304
8.42 -5.85761  -0.442542
8.43 -5.86981  -0.442045
8.44 -5.88202  -0.441547
8.45 -5.89422  -0.441049
8.46 -5.90642  -0.440552
8.47 -5.91863  -0.440054
8.48 -5.93083  -0.439556
8.49 -5.94303  -0.439058
8.5 -5.95524  -0.43856
8.51 -5.96744  -0.438063
8.52 -5.97964  -0.437565
8.53 -5.99185  -0.437067
8.54 -6.00405  -0.436569
8.55 -6.01625  -0.436071
8.56 -6.02846  -0.435573
8.57 -6.04066  -0.435075
8.58 -6.05287  -0.434577
8.59 -6.06507  -0.434079
8.6 -6.07727  -0.433581
8.61 -6.08948  -0.433083
8.62 -6.10168  -0.432585
8.63 -6.11388  -0.432087
8.64 -6.12609  -0.431589
8.65 -6.13829  -0.431091
8.66 -6.1505  -0.430593
8.67 -6.1627  -0.430095
8.68 -6.1749  -0.429597
8.69 -6.18711  -0.429099
8.7 -6.19931  -0.428601
8.71 -6.21152  -0.428103
8.72 -6.22372  -0.427605
8.73 -6.23592  -0.427106
8.74 -6.24813  -0.426608
8.75 -6.26033  -0.42611
8.76 -6.27254  -0.425612
8.77 -6.28474  -0.425114
8.78 -6.29694  -0.424615
8.79 -6.30915  -0.424117
8.8 -6.32135  -0.423619
8.81 -6.33356  -0.42312
8.82 -6.34576  -0.422622
8.83 -6.35796  -0.422124
8.84 -6.37017  -0.421625
8.85 -6.38237  -0.421127
8.86 -6.39458  -0.420629
8.87 -6.40678  -0.42013
8.88 -6.41898  -0.419632
8.89 -6.43119  -0.419134
8.9 -6.44339  -0.418635
8.91 -6.4556  -0.418137
8.92 -6.4678  -0.417638
8.93 -6.48  -0.41714
8.94 -6.49221  -0.416641
8.95 -6.50441  -0.416143
8.96 -6.51662  -0.415644
8.97 -6.52882  -0.415146
8.98 -6.54103  -0.414647
8.99 -6.55323  -0.414149
9 -6.56543  -0.41365
9.01 -6.57764  -0.413152
9.02 -6.58984  -0.412653
9.03 -6.60205  -0.412154
9.04 -6.61425  -0.411656
9.05 -6.62646  -0.411157
9.06 -6.63866  -0.410658
9.07 -6.65086  -0.41016
9.08 -6.66307  -0.409661
9.09 -6.67527  -0.409162
9.1 -6.68748  -0.408664
9.11 -6.69968  -0.408165
9.12 -6.71189  -0.407666
9.13 -6.72409  -0.407168
9.14 -6.7363  -0.406669
9.15 -6.7485  -0.40617
9.16 -6.7607  -0.405671
9.17 -6.77291  -0.405172
9.18 -6.78511  -0.404674
9.19 -6.79732  -0.404175
9.2 -6.80952  -0.403676
9.21 -6.82173  -0.403177
9.22 -6.83393  -0.402678
9.23 -6.84614  -0.402179
9.24 -6.85834  -0.40168
9.25 -6.87055  -0.401182
9.26 -6.88275  -0.400683
9.27 -6.89495  -0.400184
9.28 -6.90716  -0.399685
9.29 -6.91936  -0.399186
9.3 -6.93157  -0.398687
9.31 -6.94377  -0.398188
9.32 -6.95598  -0.397689
9.33 -6.96818  -0.39719
9.34 -6.98039  -0.396691
9.35 -6.99259  -0.396192
9.36 -7.0048  -0.395693
9.37 -7.017  -0.395194
9.38 -7.02921  -0.394695
9.39 -7.04141  -0.394196
9.4 -7.05362  -0.393696
9.41 -7.06582  -0.393197
9.42 -7.07802  -0.392698
9.43 -7.09023  -0.392199
9.44 -7.10243  -0.3917
9.45 -7.11464  -0.391201
9.46 -7.12684  -0.390702
9.47 -7.13905  -0.390202
9.48 -7.15125  -0.389703
9.49 -7.16346  -0.389204
9.5 -7.17566  -0.388705
9.51 -7.18787  -0.388205
9.52 -7.20007  -0.387706
9.53 -7.21228  -0.387207
9.54 -7.22448  -0.386708
9.55 -7.23669  -0.386208
9.56 -7.24889  -0.385709
9.57 -7.2611  -0.38521
9.58 -7.2733  -0.38471
9.59 -7.28551  -0.384211
9.6 -7.29771  -0.383712
9.61 -7.30992  -0.383212
9.62 -7.32212  -0.382713
9.63 -7.33433  -0.382214
9.64 -7.34653  -0.381714
9.65 -7.35874  -0.381215
9.66 -7.37094  -0.380715
9.67 -7.38315  -0.380216
9.68 -7.39535  -0.379717
9.69 -7.40756  -0.379217
9.7 -7.41976  -0.378718
9.71 -7.43197  -0.378218
9.72 -7.44417  -0.377719
9.73 -7.45638  -0.377219
9.74 -7.46858  -0.37672
9.75 -7.48079  -0.37622
9.76 -7.49299  -0.375721
9.77 -7.5052  -0.375221
9.78 -7.5174  -0.374721
9.79 -7.52961  -0.374222
9.8 -7.54181  -0.373722
9.81 -7.55402  -0.373223
9.82 -7.56622  -0.372723
9.83 -7.57843  -0.372223
9.84 -7.59063  -0.371724
9.85 -7.60284  -0.371224
9.86 -7.61505  -0.370725
9.87 -7.62725  -0.370225
9.88 -7.63946  -0.369725
9.89 -7.65166  -0.369226
9.9 -7.66387  -0.368726
9.91 -7.67607  -0.368226
9.92 -7.68828  -0.367726
9.93 -7.70048  -0.367227
9.94 -7.71269  -0.366727
9.95 -7.72489  -0.366227
9.96 -7.7371  -0.365727
9.97 -7.7493  -0.365228
9.98 -7.76151  -0.364728
9.99 -7.77371  -0.364228
10 -7.78592  -0.363728
10.01 -7.79812  -0.363228
10.02 -7.81033  -0.362729
10.03 -7.82254  -0.362229
10.04 -7.83474  -0.361729
10.05 -7.84695  -0.361229
10.06 -7.85915  -0.360729
10.07 -7.87136  -0.360229
10.08 -7.88356  -0.359729
10.09 -7.89577  -0.359229
10.1 -7.90797  -0.35873
10.11 -7.92018  -0.35823
10.12 -7.93238  -0.35773
10.13 -7.94459  -0.35723
10.14 -7.9568  -0.35673
10.15 -7.969  -0.35623
10.16 -7.98121  -0.35573
10.17 -7.99341  -0.35523
10.18 -8.00562  -0.35473
10.19 -8.01782  -0.35423
10.2 -8.03003  -0.35373
10.21 -8.04223  -0.35323
10.22 -8.05444  -0.35273
10.23 -8.06665  -0.35223
10.24 -8.07885  -0.35173
10.25 -8.09106  -0.351229
10.26 -8.10326  -0.350729
10.27 -8.11547  -0.350229
10.28 -8.12767  -0.349729
10.29 -8.13988  -0.349229
10.3 -8.15208  -0.348729
10.31 -8.16429  -0.348229
10.32 -8.1765  -0.347729
10.33 -8.1887  -0.347228
10.34 -8.20091  -0.346728
10.35 -8.21311  -0.346228
10.36 -8.22532  -0.345728
10.37 -8.23752  -0.345228
10.38 -8.24973  -0.344727
10.39 -8.26194  -0.344227
10.4 -8.27414  -0.343727
10.41 -8.28635  -0.343227
10.42 -8.29855  -0.342727
10.43 -8.31076  -0.342226
10.44 -8.32296  -0.341726
10.45 -8.33517  -0.341226
10.46 -8.34738  -0.340725
10.47 -8.35958  -0.340225
10.48 -8.37179  -0.339725
10.49 -8.38399  -0.339225
10.5 -8.3962  -0.338724
10.51 -8.40841  -0.338224
10.52 -8.42061  -0.337723
10.53 -8.43282  -0.337223
10.54 -8.44502  -0.336723
10.55 -8.45723  -0.336222
10.56 -8.46943  -0.335722
10.57 -8.48164  -0.335222
10.58 -8.49385  -0.334721
10.59 -8.50605  -0.334221
10.6 -8.51826  -0.33372
10.61 -8.53046  -0.33322
10.62 -8.54267  -0.332719
10.63 -8.55488  -0.332219
10.64 -8.56708  -0.331718
10.65 -8.57929  -0.331218
10.66 -8.59149  -0.330718
10.67 -8.6037  -0.330217
10.68 -8.61591  -0.329717
10.69 -8.62811  -0.329216
10.7 -8.64032  -0.328715
10.71 -8.65252  -0.328215
10.72 -8.66473  -0.327714
10.73 -8.67694  -0.327214
10.74 -8.68914  -0.326713
10.75 -8.70135  -0.326213
10.76 -8.71355  -0.325712
10.77 -8.72576  -0.325212
10.78 -8.73797  -0.324711
10.79 -8.75017  -0.32421
10.8 -8.76238  -0.32371
10.81 -8.77458  -0.323209
10.82 -8.78679  -0.322708
10.83 -8.799  -0.322208
10.84 -8.8112  -0.321707
10.85 -8.82341  -0.321207
10.86 -8.83561  -0.320706
10.87 -8.84782  -0.320205
10.88 -8.86003  -0.319704
10.89 -8.87223  -0.319204
10.9 -8.88444  -0.318703
10.91 -8.89664  -0.318202
10.92 -8.90885  -0.317702
10.93 -8.92106  -0.317201
10.94 -8.93326  -0.3167
10.95 -8.94547  -0.316199
10.96 -8.95768  -0.315699
10.97 -8.96988  -0.315198
10.98 -8.98209  -0.314697
10.99 -8.99429  -0.314196
11 -9.0065  -0.313695
11.01 -9.01871  -0.313195
11.02 -9.03091  -0.312694
11.03 -9.04312  -0.312193
11.04 -9.05533  -0.311692
11.05 -9.06753  -0.311191
11.06 -9.07974  -0.31069
11.07 -9.09194  -0.31019
11.08 -9.10415  -0.309689
11.09 -9.11636  -0.309188
11.1 -9.12856  -0.308687
11.11 -9.14077  -0.308186
11.12 -9.15298  -0.307685
11.13 -9.16518  -0.307184
11.14 -9.17739  -0.306683
11.15 -9.18959  -0.306182
11.16 -9.2018  -0.305681
11.17 -9.21401  -0.305181
11.18 -9.22621  -0.30468
11.19 -9.23842  -0.304179
11.2 -9.25063  -0.303678
11.21 -9.26283  -0.303177
11.22 -9.27504  -0.302676
11.23 -9.28725  -0.302175
11.24 -9.29945  -0.301674
11.25 -9.31166  -0.301173
11.26 -9.32386  -0.300672
11.27 -9.33607  -0.300171
11.28 -9.34828  -0.29967
11.29 -9.36048  -0.299168
11.3 -9.37269  -0.298667
11.31 -9.3849  -0.298166
11.32 -9.3971  -0.297665
11.33 -9.40931  -0.297164
11.34 -9.42152  -0.296663
11.35 -9.43372  -0.296162
11.36 -9.44593  -0.295661
11.37 -9.45814  -0.29516
11.38 -9.47034  -0.294659
11.39 -9.48255  -0.294158
11.4 -9.49476  -0.293656
11.41 -9.50696  -0.293155
11.42 -9.51917  -0.292654
11.43 -9.53138  -0.292153
11.44 -9.54358  -0.291652
11.45 -9.55579  -0.291151
11.46 -9.56799  -0.290649
11.47 -9.5802  -0.290148
11.48 -9.59241  -0.289647
11.49 -9.60461  -0.289146
11.5 -9.61682  -0.288645
11.51 -9.62903  -0.288143
11.52 -9.64123  -0.287642
11.53 -9.65344  -0.287141
11.54 -9.66565  -0.28664
11.55 -9.67785  -0.286138
11.56 -9.69006  -0.285637
11.57 -9.70227  -0.285136
11.58 -9.71447  -0.284635
11.59 -9.72668  -0.284133
11.6 -9.73889  -0.283632
11.61 -9.75109  -0.283131
11.62 -9.7633  -0.282629
11.63 -9.77551  -0.282128
11.64 -9.78771  -0.281627
11.65 -9.79992  -0.281125
11.66 -9.81213  -0.280624
11.67 -9.82433  -0.280123
11.68 -9.83654  -0.279621
11.69 -9.84875  -0.27912
11.7 -9.86095  -0.278618
11.71 -9.87316  -0.278117
11.72 -9.88537  -0.277616
11.73 -9.89757  -0.277114
11.74 -9.90978  -0.276613
11.75 -9.92199  -0.276111
11.76 -9.93419  -0.27561
11.77 -9.9464  -0.275109
11.78 -9.95861  -0.274607
11.79 -9.97082  -0.274106
11.8 -9.98302  -0.273604
11.81 -9.99523  -0.273103
11.82 -10.0074  -0.272601
11.83 -10.0196  -0.2721
11.84 -10.0318  -0.271598
11.85 -10.0441  -0.271097
11.86 -10.0563  -0.270595
11.87 -10.0685  -0.270094
11.88 -10.0807  -0.269592
11.89 -10.0929  -0.269091
11.9 -10.1051  -0.268589
11.91 -10.1173  -0.268088
11.92 -10.1295  -0.267586
11.93 -10.1417  -0.267085
11.94 -10.1539  -0.266583
11.95 -10.1661  -0.266082
11.96 -10.1783  -0.26558
11.97 -10.1905  -0.265078
11.98 -10.2027  -0.264577
11.99 -10.215  -0.264075
12 -10.2272  -0.263574
12.01 -10.2394  -0.263072
12.02 -10.2516  -0.26257
12.03 -10.2638  -0.262069
12.04 -10.276  -0.261567
12.05 -10.2882  -0.261066
12.06 -10.3004  -0.260564
12.07 -10.3126  -0.260062
12.08 -10.3248  -0.259561
12.09 -10.337  -0.259059
12.1 -10.3492  -0.258557
12.11 -10.3614  -0.258056
12.12 -10.3736  -0.257554
12.13 -10.3858  -0.257052
12.14 -10.3981  -0.25655
12.15 -10.4103  -0.256049
12.16 -10.4225  -0.255547
12.17 -10.4347  -0.255045
12.18 -10.4469  -0.254544
12.19 -10.4591  -0.254042
12.2 -10.4713  -0.25354
12.21 -10.4835  -0.253038
12.22 -10.4957  -0.252537
12.23 -10.5079  -0.252035
12.24 -10.5201  -0.251533
12.25 -10.5323  -0.251031
12.26 -10.5445  -0.250529
12.27 -10.5567  -0.250028
12.28 -10.569  -0.249526
12.29 -10.5812  -0.249024
12.3 -10.5934  -0.248522
12.31 -10.6056  -0.24802
12.32 -10.6178  -0.247519
12.33 -10.63  -0.247017
12.34 -10.6422  -0.246515
12.35 -10.6544  -0.246013
12.36 -10.6666  -0.245511
12.37 -10.6788  -0.245009
12.38 -10.691  -0.244507
12.39 -10.7032  -0.244006
12.4 -10.7154  -0.243504
12.41 -10.7276  -0.243002
12.42 -10.7399  -0.2425
12.43 -10.7521  -0.241998
12.44 -10.7643  -0.241496
12.45 -10.7765  -0.240994
12.46 -10.7887  -0.240492
12.47 -10.8009  -0.23999
12.48 -10.8131  -0.239488
12.49 -10.8253  -0.238986
12.5 -10.8375  -0.238485
12.51 -10.8497  -0.237983
12.52 -10.8619  -0.237481
12.53 -10.8741  -0.236979
12.54 -10.8863  -0.236477
12.55 -10.8985  -0.235975
12.56 -10.9108  -0.235473
12.57 -10.923  -0.234971
12.58 -10.9352  -0.234469
12.59 -10.9474  -0.233967
12.6 -10.9596  -0.233465
12.61 -10.9718  -0.232963
12.62 -10.984  -0.232461
12.63 -10.9962  -0.231959
12.64 -11.0084  -0.231457
12.65 -11.0206  -0.230954
12.66 -11.0328  -0.230452
12.67 -11.045  -0.22995
12.68 -11.0572  -0.229448
12.69 -11.0695  -0.228946
12.7 -11.0817  -0.228444
12.71 -11.0939  -0.227942
12.72 -11.1061  -0.22744
12.73 -11.1183  -0.226938
12.74 -11.1305  -0.226436
12.75 -11.1427  -0.225934
12.76 -11.1549  -0.225431
12.77 -11.1671  -0.224929
12.78 -11.1793  -0.224427
12.79 -11.1915  -0.223925
12.8 -11.2037  -0.223423
12.81 -11.2159  -0.222921
12.82 -11.2281  -0.222419
12.83 -11.2404  -0.221916
12.84 -11.2526  -0.221414
12.85 -11.2648  -0.220912
12.86 -11.277  -0.22041
12.87 -11.2892  -0.219908
12.88 -11.3014  -0.219406
12.89 -11.3136  -0.218903
12.9 -11.3258  -0.218401
12.91 -11.338  -0.217899
12.92 -11.3502  -0.217397
12.93 -11.3624  -0.216895
12.94 -11.3746  -0.216392
12.95 -11.3868  -0.21589
12.96 -11.3991  -0.215388
12.97 -11.4113  -0.214886
12.98 -11.4235  -0.214383
12.99 -11.4357  -0.213881
13 -11.4479  -0.213379
13.01 -11.4601  -0.212876
13.02 -11.4723  -0.212374
13.03 -11.4845  -0.211872
13.04 -11.4967  -0.21137
13.05 -11.5089  -0.210867
13.06 -11.5211  -0.210365
13.07 -11.5333  -0.209863
13.08 -11.5455  -0.20936
13.09 -11.5577  -0.208858
13.1 -11.57  -0.208356
13.11 -11.5822  -0.207853
13.12 -11.5944  -0.207351
13.13 -11.6066  -0.206849
13.14 -11.6188  -0.206346
13.15 -11.631  -0.205844
13.16 -11.6432  -0.205342
13.17 -11.6554  -0.204839
13.18 -11.6676  -0.204337
13.19 -11.6798  -0.203835
13.2 -11.692  -0.203332
13.21 -11.7042  -0.20283
13.22 -11.7164  -0.202327
13.23 -11.7287  -0.201825
13.24 -11.7409  -0.201323
13.25 -11.7531  -0.20082
13.26 -11.7653  -0.200318
13.27 -11.7775  -0.199815
13.28 -11.7897  -0.199313
13.29 -11.8019  -0.19881
13.3 -11.8141  -0.198308
13.31 -11.8263  -0.197805
13.32 -11.8385  -0.197303
13.33 -11.8507  -0.196801
13.34 -11.8629  -0.196298
13.35 -11.8751  -0.195796
13.36 -11.8874  -0.195293
13.37 -11.8996  -0.194791
13.38 -11.9118  -0.194288
13.39 -11.924  -0.193786
13.4 -11.9362  -0.193283
13.41 -11.9484  -0.192781
13.42 -11.9606  -0.192278
13.43 -11.9728  -0.191776
13.44 -11.985  -0.191273
13.45 -11.9972  -0.190771
13.46 -12.0094  -0.190268
13.47 -12.0216  -0.189765
13.48 -12.0338  -0.189263
13.49 -12.0461  -0.18876
13.5 -12.0583  -0.188258
13.51 -12.0705  -0.187755
13.52 -12.0827  -0.187253
13.53 -12.0949  -0.18675
13.54 -12.1071  -0.186247
13.55 -12.1193  -0.185745
13.56 -12.1315  -0.185242
13.57 -12.1437  -0.18474
13.58 -12.1559  -0.184237
13.59 -12.1681  -0.183734
13.6 -12.1803  -0.183232
13.61 -12.1925  -0.182729
13.62 -12.2048  -0.182227
13.63 -12.217  -0.181724
13.64 -12.2292  -0.181221
13.65 -12.2414  -0.180719
13.66 -12.2536  -0.180216
13.67 -12.2658  -0.179713
13.68 -12.278  -0.179211
13.69 -12.2902  -0.178708
13.7 -12.3024  -0.178205
13.71 -12.3146  -0.177703
13.72 -12.3268  -0.1772
13.73 -12.339  -0.176697
13.74 -12.3512  -0.176195
13.75 -12.3635  -0.175692
13.76 -12.3757  -0.175189
13.77 -12.3879  -0.174687
13.78 -12.4001  -0.174184
13.79 -12.4123  -0.173681
13.8 -12.4245  -0.173178
13.81 -12.4367  -0.172676
13.82 -12.4489  -0.172173
13.83 -12.4611  -0.17167
13.84 -12.4733  -0.171167
13.85 -12.4855  -0.170665
13.86 -12.4977  -0.170162
13.87 -12.51  -0.169659
13.88 -12.5222  -0.169156
13.89 -12.5344  -0.168654
13.9 -12.5466  -0.168151
13.91 -12.5588  -0.167648
13.92 -12.571  -0.167145
13.93 -12.5832  -0.166642
13.94 -12.5954  -0.16614
13.95 -12.6076  -0.165637
13.96 -12.6198  -0.165134
13.97 -12.632  -0.164631
13.98 -12.6442  -0.164128
13.99 -12.6564  -0.163626
14 -12.6687  -0.163123
14.01 -12.6809  -0.16262
14.02 -12.6931  -0.162117
14.03 -12.7053  -0.161614
14.04 -12.7175  -0.161111
14.05 -12.7297  -0.160609
14.06 -12.7419  -0.160106
14.07 -12.7541  -0.159603
14.08 -12.7663  -0.1591
14.09 -12.7785  -0.158597
14.1 -12.7907  -0.158094
14.11 -12.8029  -0.157591
14.12 -12.8152  -0.157088
14.13 -12.8274  -0.156586
14.14 -12.8396  -0.156083
14.15 -12.8518  -0.15558
14.16 -12.864  -0.155077
14.17 -12.8762  -0.154574
14.18 -12.8884  -0.154071
14.19 -12.9006  -0.153568
14.2 -12.9128  -0.153065
14.21 -12.925  -0.152562
14.22 -12.9372  -0.152059
14.23 -12.9494  -0.151556
14.24 -12.9616  -0.151053
14.25 -12.9739  -0.15055
14.26 -12.9861  -0.150047
14.27 -12.9983  -0.149544
14.28 -13.0105  -0.149042
14.29 -13.0227  -0.148539
14.3 -13.0349  -0.148036
14.31 -13.0471  -0.147533
14.32 -13.0593  -0.14703
14.33 -13.0715  -0.146527
14.34 -13.0837  -0.146024
14.35 -13.0959  -0.145521
14.36 -13.1081  -0.145018
14.37 -13.1204  -0.144515
14.38 -13.1326  -0.144012
14.39 -13.1448  -0.143509
14.4 -13.157  -0.143005
14.41 -13.1692  -0.142502
14.42 -13.1814  -0.141999
14.43 -13.1936  -0.141496
14.44 -13.2058  -0.140993
14.45 -13.218  -0.14049
14.46 -13.2302  -0.139987
14.47 -13.2424  -0.139484
14.48 -13.2546  -0.138981
14.49 -13.2669  -0.138478
14.5 -13.2791  -0.137975
14.51 -13.2913  -0.137472
14.52 -13.3035  -0.136969
14.53 -13.3157  -0.136466
14.54 -13.3279  -0.135963
14.55 -13.3401  -0.135459
14.56 -13.3523  -0.134956
14.57 -13.3645  -0.134453
14.58 -13.3767  -0.13395
14.59 -13.3889  -0.133447
14.6 -13.4011  -0.132944
14.61 -13.4134  -0.132441
14.62 -13.4256  -0.131938
14.63 -13.4378  -0.131434
14.64 -13.45  -0.130931
14.65 -13.4622  -0.130428
14.66 -13.4744  -0.129925
14.67 -13.4866  -0.129422
14.68 -13.4988  -0.128919
14.69 -13.511  -0.128416
14.7 -13.5232  -0.127912
14.71 -13.5354  -0.127409
14.72 -13.5476  -0.126906
14.73 -13.5598  -0.126403
14.74 -13.5721  -0.1259
14.75 -13.5843  -0.125396
14.76 -13.5965  -0.124893
14.77 -13.6087  -0.12439
14.78 -13.6209  -0.123887
14.79 -13.6331  -0.123384
14.8 -13.6453  -0.12288
14.81 -13.6575  -0.122377
14.82 -13.6697  -0.121874
14.83 -13.6819  -0.121371
14.84 -13.6941  -0.120867
14.85 -13.7063  -0.120364
14.86 -13.7186  -0.119861
14.87 -13.7308  -0.119358
14.88 -13.743  -0.118854
14.89 -13.7552  -0.118351
14.9 -13.7674  -0.117848
14.91 -13.7796  -0.117345
14.92 -13.7918  -0.116841
14.93 -13.804  -0.116338
14.94 -13.8162  -0.115835
14.95 -13.8284  -0.115332
14.96 -13.8406  -0.114828
14.97 -13.8528  -0.114325
14.98 -13.8651  -0.113822
14.99 -13.8773  -0.113318
15 -13.8895  -0.112815
15.01 -13.9017  -0.112312
15.02 -13.9139  -0.111808
15.03 -13.9261  -0.111305
15.04 -13.9383  -0.110802
15.05 -13.9505  -0.110298
15.06 -13.9627  -0.109795
15.07 -13.9749  -0.109292
15.08 -13.9871  -0.108788
15.09 -13.9994  -0.108285
15.1 -14.0116  -0.107782
15.11 -14.0238  -0.107278
15.12 -14.036  -0.106775
15.13 -14.0482  -0.106272
15.14 -14.0604  -0.105768
15.15 -14.0726  -0.105265
15.16 -14.0848  -0.104762
15.17 -14.097  -0.104258
15.18 -14.1092  -0.103755
15.19 -14.1214  -0.103251
15.2 -14.1336  -0.102748
15.21 -14.1459  -0.102245
15.22 -14.1581  -0.101741
15.23 -14.1703  -0.101238
15.24 -14.1825  -0.100734
15.25 -14.1947  -0.100231
15.26 -14.2069  -0.0997275
15.27 -14.2191  -0.0992241
15.28 -14.2313  -0.0987207
15.29 -14.2435  -0.0982172
15.3 -14.2557  -0.0977138
15.31 -14.2679  -0.0972104
15.32 -14.2801  -0.0967069
15.33 -14.2924  -0.0962035
15.34 -14.3046  -0.0957
15.35 -14.3168  -0.0951966
15.36 -14.329  -0.0946931
15.37 -14.3412  -0.0941896
15.38 -14.3534  -0.0936861
15.39 -14.3656  -0.0931827
15.4 -14.3778  -0.0926792
15.41 -14.39  -0.0921757
15.42 -14.4022  -0.0916722
15.43 -14.4144  -0.0911687
15.44 -14.4266  -0.0906652
15.45 -14.4389  -0.0901617
15.46 -14.4511  -0.0896582
15.47 -14.4633  -0.0891547
15.48 -14.4755  -0.0886512
15.49 -14.4877  -0.0881477
15.5 -14.4999  -0.0876442
15.51 -14.5121  -0.0871406
15.52 -14.5243  -0.0866371
15.53 -14.5365  -0.0861336
15.54 -14.5487  -0.08563
15.55 -14.5609  -0.0851265
15.56 -14.5732  -0.0846229
15.57 -14.5854  -0.0841194
15.58 -14.5976  -0.0836158
15.59 -14.6098  -0.0831123
15.6 -14.622  -0.0826087
15.61 -14.6342  -0.0821051
15.62 -14.6464  -0.0816016
15.63 -14.6586  -0.081098
15.64 -14.6708  -0.0805944
15.65 -14.683  -0.0800908
15.66 -14.6952  -0.0795872
15.67 -14.7074  -0.0790837
15.68 -14.7197  -0.0785801
15.69 -14.7319  -0.0780765
15.7 -14.7441  -0.0775729
15.71 -14.7563  -0.0770692
15.72 -14.7685  -0.0765656
15.73 -14.7807  -0.076062
15.74 -14.7929  -0.0755584
15.75 -14.8051  -0.0750548
15.76 -14.8173  -0.0745512
15.77 -14.8295  -0.0740475
15.78 -14.8417  -0.0735439
15.79 -14.8539  -0.0730402
15.8 -14.8662  -0.0725366
15.81 -14.8784  -0.072033
15.82 -14.8906  -0.0715293
15.83 -14.9028  -0.0710256
15.84 -14.915  -0.070522
15.85 -14.9272  -0.0700183
15.86 -14.9394  -0.0695147
15.87 -14.9516  -0.069011
15.88 -14.9638  -0.0685073
15.89 -14.976  -0.0680036
15.9 -14.9882  -0.0675
15.91 -15.0005  -0.0669963
15.92 -15.0127  -0.0664926
15.93 -15.0249  -0.0659889
15.94 -15.0371  -0.0654852
15.95 -15.0493  -0.0649815
15.96 -15.0615  -0.0644778
15.97 -15.0737  -0.0639741
15.98 -15.0859  -0.0634703
15.99 -15.0981  -0.0629666
16 -15.1103  -0.0624629
16.01 -15.1225  -0.0619592
16.02 -15.1347  -0.0614555
16.03 -15.147  -0.0609517
16.04 -15.1592  -0.060448
16.05 -15.1714  -0.0599442
16.06 -15.1836  -0.0594405
16.07 -15.1958  -0.0589368
16.08 -15.208  -0.058433
16.09 -15.2202  -0.0579292
16.1 -15.2324  -0.0574255
16.11 -15.2446  -0.0569217
16.12 -15.2568  -0.056418
16.13 -15.269  -0.0559142
16.14 -15.2813  -0.0554104
16.15 -15.2935  -0.0549066
16.16 -15.3057  -0.0544028
16.17 -15.3179  -0.0538991
16.18 -15.3301  -0.0533953
16.19 -15.3423  -0.0528915
16.2 -15.3545  -0.0523877
16.21 -15.3667  -0.0518839
16.22 -15.3789  -0.0513801
16.23 -15.3911  -0.0508763
16.24 -15.4033  -0.0503724
16.25 -15.4156  -0.0498686
16.26 -15.4278  -0.0493648
16.27 -15.44  -0.048861
16.28 -15.4522  -0.0483572
16.29 -15.4644  -0.0478533
16.3 -15.4766  -0.0473495
16.31 -15.4888  -0.0468457
16.32 -15.501  -0.0463418
16.33 -15.5132  -0.045838
16.34 -15.5254  -0.0453341
16.35 -15.5376  -0.0448303
16.36 -15.5498  -0.0443264
16.37 -15.5621  -0.0438225
16.38 -15.5743  -0.0433187
16.39 -15.5865  -0.0428148
16.4 -15.5987  -0.0423109
16.41 -15.6109  -0.0418071
16.42 -15.6231  -0.0413032
16.43 -15.6353  -0.0407993
16.44 -15.6475  -0.0402954
16.45 -15.6597  -0.0397915
16.46 -15.6719  -0.0392876
16.47 -15.6841  -0.0387837
16.48 -15.6964  -0.0382798
16.49 -15.7086  -0.0377759
16.5 -15.7208  -0.037272
16.51 -15.733  -0.0367681
16.52 -15.7452  -0.0362642
16.53 -15.7574  -0.0357603
16.54 -15.7696  -0.0352564
16.55 -15.7818  -0.0347524
16.56 -15.794  -0.0342485
16.57 -15.8062  -0.0337446
16.58 -15.8184  -0.0332406
16.59 -15.8307  -0.0327367
16.6 -15.8429  -0.0322328
16.61 -15.8551  -0.0317288
16.62 -15.8673  -0.0312249
16.63 -15.8795  -0.0307209
16.64 -15.8917  -0.0302169
16.65 -15.9039  -0.029713
16.66 -15.9161  -0.029209
16.67 -15.9283  -0.0287051
16.68 -15.9405  -0.0282011
16.69 -15.9527  -0.0276971
16.7 -15.965  -0.0271931
16.71 -15.9772  -0.0266891
16.72 -15.9894  -0.0261852
16.73 -16.0016  -0.0256812
16.74 -16.0138  -0.0251772
16.75 -16.026  -0.0246732
16.76 -16.0382  -0.0241692
16.77 -16.0504  -0.0236652
16.78 -16.0626  -0.0231612
16.79 -16.0748  -0.0226572
16.8 -16.087  -0.0221531
16.81 -16.0993  -0.0216491
16.82 -16.1115  -0.0211451
16.83 -16.1237  -0.0206411
16.84 -16.1359  -0.0201371
16.85 -16.1481  -0.019633
16.86 -16.1603  -0.019129
16.87 -16.1725  -0.018625
16.88 -16.1847  -0.0181209
16.89 -16.1969  -0.0176169
16.9 -16.2091  -0.0171128
16.91 -16.2213  -0.0166088
16.92 -16.2336  -0.0161047
16.93 -16.2458  -0.0156007
16.94 -16.258  -0.0150966
16.95 -16.2702  -0.0145925
16.96 -16.2824  -0.0140885
16.97 -16.2946  -0.0135844
16.98 -16.3068  -0.0130803
16.99 -16.319  -0.0125762
17 -16.3312  -0.0120721
17.01 -16.3434  -0.0115681
17.02 -16.3556  -0.011064
17.03 -16.3679  -0.0105599
17.04 -16.3801  -0.0100558
17.05 -16.3923  -0.00955169
17.06 -16.4045  -0.00904758
17.07 -16.4167  -0.00854348
17.08 -16.4289  -0.00803937
17.09 -16.4411  -0.00753526
17.1 -16.4533  -0.00703114
17.11 -16.4655  -0.00652702
17.12 -16.4777  -0.0060229
17.13 -16.4899  -0.00551877
17.14 -16.5022  -0.00501464
17.15 -16.5144  -0.00451051
17.16 -16.5266  -0.00400638
17.17 -16.5388  -0.00350224
17.18 -16.551  -0.0029981
17.19 -16.5632  -0.00249395
17.2 -16.5754  -0.0019898
17.21 -16.5876  -0.00148565
17.22 -16.5998  -0.000981493
17.23 -16.612  -0.000477335
17.24 -16.6242  2.68273e-05
17.25 -16.6365  0.000530993
17.26 -16.6487  0.00103516
17.27 -16.6609  0.00153933
17.28 -16.6731  0.00204351
17.29 -16.6853  0.00254769
17.3 -16.6975  0.00305187
17.31 -16.7097  0.00355605
17.32 -16.7219  0.00406024
17.33 -16.7341  0.00456443
17.34 -16.7463  0.00506863
17.35 -16.7585  0.00557282
17.36 -16.7708  0.00607703
17.37 -16.783  0.00658123
17.38 -16.7952  0.00708544
17.39 -16.8074  0.00758965
17.4 -16.8196  0.00809386
17.41 -16.8318  0.00859808
17.42 -16.844  0.0091023
17.43 -16.8562  0.00960652
17.44 -16.8684  0.0101107
17.45 -16.8806  0.010615
17.46 -16.8928  0.0111192
17.47 -16.9051  0.0116234
17.48 -16.9173  0.0121277
17.49 -16.9295  0.0126319
17.5 -16.9417  0.0131362
17.51 -16.9539  0.0136404
17.52 -16.9661  0.0141447
17.53 -16.9783  0.0146489
17.54 -16.9905  0.0151532
17.55 -17.0027  0.0156575
17.56 -17.0149  0.0161617
17.57 -17.0271  0.016666
17.58 -17.0394  0.0171703
17.59 -17.0516  0.0176745
17.6 -17.0638  0.0181788
17.61 -17.076  0.0186831
17.62 -17.0882  0.0191874
17.63 -17.1004  0.0196917
17.64 -17.1126  0.0201959
17.65 -17.1248  0.0207002
17.66 -17.137  0.0212045
17.67 -17.1492  0.0217088
17.68 -17.1614  0.0222131
17.69 -17.1737  0.0227174
17.7 -17.1859  0.0232218
17.71 -17.1981  0.0237261
17.72 -17.2103  0.0242304
17.73 -17.2225  0.0247347
17.74 -17.2347  0.025239
17.75 -17.2469  0.0257433
17.76 -17.2591  0.0262477
17.77 -17.2713  0.026752
17.78 -17.2835  0.0272563
17.79 -17.2957  0.0277607
17.8 -17.308  0.028265
17.81 -17.3202  0.0287693
17.82 -17.3324  0.0292737
17.83 -17.3446  0.029778
17.84 -17.3568  0.0302824
17.85 -17.369  0.0307867
17.86 -17.3812  0.0312911
17.87 -17.3934  0.0317955
17.88 -17.4056  0.0322998
17.89 -17.4178  0.0328042
17.9 -17.43  0.0333086
17.91 -17.4423  0.0338129
17.92 -17.4545  0.0343173
17.93 -17.4667  0.0348217
17.94 -17.4789  0.0353261
17.95 -17.4911  0.0358305
17.96 -17.5033  0.0363348
17.97 -17.5155  0.0368392
17.98 -17.5277  0.0373436
17.99 -17.5399  0.037848
18 -17.5521  0.0383524
18.01 -17.5644  0.0388568
18.02 -17.5766  0.0393612
18.03 -17.5888  0.0398656
18.04 -17.601  0.0403701
18.05 -17.6132  0.0408745
18.06 -17.6254  0.0413789
18.07 -17.6376  0.0418833
18.08 -17.6498  0.0423877
18.09 -17.662  0.0428922
18.1 -17.6742  0.0433966
18.11 -17.6864  0.043901
18.12 -17.6987  0.0444054
18.13 -17.7109  0.0449099
18.14 -17.7231  0.0454143
18.15 -17.7353  0.0459188
18.16 -17.7475  0.0464232
18.17 -17.7597  0.0469277
18.18 -17.7719  0.0474321
18.19 -17.7841  0.0479366
18.2 -17.7963  0.048441
18.21 -17.8085  0.0489455
18.22 -17.8207  0.04945
18.23 -17.833  0.0499544
18.24 -17.8452  0.0504589
18.25 -17.8574  0.0509634
18.26 -17.8696  0.0514678
18.27 -17.8818  0.0519723
18.28 -17.894  0.0524768
18.29 -17.9062  0.0529813
18.3 -17.9184  0.0534858
18.31 -17.9306  0.0539903
18.32 -17.9428  0.0544948
18.33 -17.9551  0.0549993
18.34 -17.9673  0.0555038
18.35 -17.9795  0.0560083
18.36 -17.9917  0.0565128
18.37 -18.0039  0.0570173
18.38 -18.0161  0.0575218
18.39 -18.0283  0.0580263
18.4 -18.0405  0.0585308
18.41 -18.0527  0.0590353
18.42 -18.0649  0.0595399
18.43 -18.0771  0.0600444
18.44 -18.0894  0.0605489
18.45 -18.1016  0.0610534
18.46 -18.1138  0.061558
18.47 -18.126  0.0620625
18.48 -18.1382  0.062567
18.49 -18.1504  0.0630716
18.5 -18.1626  0.0635761
18.51 -18.1748  0.0640807
18.52 -18.187  0.0645852
18.53 -18.1992  0.0650898
18.54 -18.2115  0.0655943
18.55 -18.2237  0.0660989
18.56 -18.2359  0.0666035
18.57 -18.2481  0.067108
18.58 -18.2603  0.0676126
18.59 -18.2725  0.0681172
18.6 -18.2847  0.0686217
18.61 -18.2969  0.0691263
18.62 -18.3091  0.0696309
18.63 -18.3213  0.0701355
18.64 -18.3335  0.07064
18.65 -18.3458  0.0711446
18.66 -18.358  0.0716492
18.67 -18.3702  0.0721538
18.68 -18.3824  0.0726584
18.69 -18.3946  0.073163
18.7 -18.4068  0.0736676
18.71 -18.419  0.0741722
18.72 -18.4312  0.0746768
18.73 -18.4434  0.0751814
18.74 -18.4556  0.075686
18.75 -18.4678  0.0761906
18.76 -18.4801  0.0766953
18.77 -18.4923  0.0771999
18.78 -18.5045  0.0777045
18.79 -18.5167  0.0782091
18.8 -18.5289  0.0787138
18.81 -18.5411  0.0792184
18.82 -18.5533  0.079723
18.83 -18.5655  0.0802276
18.84 -18.5777  0.0807323
18.85 -18.5899  0.0812369
18.86 -18.6022  0.0817416
18.87 -18.6144  0.0822462
18.88 -18.6266  0.0827509
18.89 -18.6388  0.0832555
18.9 -18.651  0.0837602
18.91 -18.6632  0.0842648
18.92 -18.6754  0.0847695
18.93 -18.6876  0.0852742
18.94 -18.6998  0.0857788
18.95 -18.712  0.0862835
18.96 -18.7243  0.0867882
18.97 -18.7365  0.0872928
18.98 -18.7487  0.0877975
18.99 -18.7609  0.0883022
19 -18.7731  0.0888069
19.01 -18.7853  0.0893115
19.02 -18.7975  0.0898162
19.03 -18.8097  0.0903209
19.04 -18.8219  0.0908256
19.05 -18.8341  0.0913303
19.06 -18.8463  0.091835
19.07 -18.8586  0.0923397
19.08 -18.8708  0.0928444
19.09 -18.883  0.0933491
19.1 -18.8952  0.0938538
19.11 -18.9074  0.0943585
19.12 -18.9196  0.0948632
19.13 -18.9318  0.095368
19.14 -18.944  0.0958727
19.15 -18.9562  0.0963774
19.16 -18.9684  0.0968821
19.17 -18.9807  0.0973868
19.18 -18.9929  0.0978916
19.19 -19.0051  0.0983963
19.2 -19.0173  0.098901
19.21 -19.0295  0.0994058
19.22 -19.0417  0.0999105
19.23 -19.0539  0.100415
19.24 -19.0661  0.10092
19.25 -19.0783  0.101425
19.26 -19.0905  0.101929
19.27 -19.1027  0.102434
19.28 -19.115  0.102939
19.29 -19.1272  0.103444
19.3 -19.1394  0.103949
19.31 -19.1516  0.104453
19.32 -19.1638  0.104958
19.33 -19.176  0.105463
19.34 -19.1882  0.105968
19.35 -19.2004  0.106472
19.36 -19.2126  0.106977
19.37 -19.2248  0.107482
19.38 -19.2371  0.107987
19.39 -19.2493  0.108491
19.4 -19.2615  0.108996
19.41 -19.2737  0.109501
19.42 -19.2859  0.110006
19.43 -19.2981  0.110511
19.44 -19.3103  0.111015
19.45 -19.3225  0.11152
19.46 -19.3347  0.112025
19.47 -19.3469  0.11253
19.48 -19.3592  0.113035
19.49 -19.3714  0.113539
19.5 -19.3836  0.114044
19.51 -19.3958  0.114549
19.52 -19.408  0.115054
19.53 -19.4202  0.115559
19.54 -19.4324  0.116063
19.55 -19.4446  0.116568
19.56 -19.4568  0.117073
19.57 -19.469  0.117578
19.58 -19.4812  0.118083
19.59 -19.4935  0.118588
19.6 -19.5057  0.119092
19.61 -19.5179  0.119597
19.62 -19.5301  0.120102
19.63 -19.5423  0.120607
19.64 -19.5545  0.121112
19.65 -19.5667  0.121617
19.66 -19.5789  0.122122
19.67 -19.5911  0.122626
19.68 -19.6033  0.123131
19.69 -19.6156  0.123636
19.7 -19.6278  0.124141
19.71 -19.64  0.124646
19.72 -19.6522  0.125151
19.73 -19.6644  0.125656
19.74 -19.6766  0.12616
19.75 -19.6888  0.126665
19.76 -19.701  0.12717
19.77 -19.7132  0.127675
19.78 -19.7254  0.12818
19.79 -19.7377  0.128685
19.8 -19.7499  0.12919
19.81 -19.7621  0.129695
19.82 -19.7743  0.130199
19.83 -19.7865  0.130704
19.84 -19.7987  0.131209
19.85 -19.8109  0.131714
19.86 -19.8231  0.132219
19.87 -19.8353  0.132724
19.88 -19.8475  0.133229
19.89 -19.8597  0.133734
19.9 -19.872  0.134239
19.91 -19.8842  0.134744
19.92 -19.8964  0.135248
19.93 -19.9086  0.135753
19.94 -19.9208  0.136258
19.95 -19.933  0.136763
19.96 -19.9452  0.137268
19.97 -19.9574  0.137773
19.98 -19.9696  0.138278
19.99 -19.9818  0.138783
20 -19.9941  0.139288
20.01 -20.0063  0.139793
20.02 -20.0185  0.140298
20.03 -20.0307  0.140803
20.04 -20.0429  0.141308
20.05 -20.0551  0.141813
20.06 -20.0673  0.142318
20.07 -20.0795  0.142822
20.08 -20.0917  0.143327
20.09 -20.1039  0.143832
20.1 -20.1162  0.144337
20.11 -20.1284  0.144842
20.12 -20.1406  0.145347
20.13 -20.1528  0.145852
20.14 -20.165  0.146357
20.15 -20.1772  0.146862
20.16 -20.1894  0.147367
20.17 -20.2016  0.147872
20.18 -20.2138  0.148377
20.19 -20.226  0.148882
20.2 -20.2383  0.149387
20.21 -20.2505  0.149892
20.22 -20.2627  0.150397
20.23 -20.2749  0.150902
20.24 -20.2871  0.151407
20.25 -20.2993  0.151912
20.26 -20.3115  0.152417
20.27 -20.3237  0.152922
20.28 -20.3359  0.153427
20.29 -20.3481  0.153932
20.3 -20.3604  0.154437
20.31 -20.3726  0.154942
20.32 -20.3848  0.155447
20.33 -20.397  0.155952
20.34 -20.4092  0.156457
20.35 -20.4214  0.156962
20.36 -20.4336  0.157467
20.37 -20.4458  0.157972
20.38 -20.458  0.158477
20.39 -20.4702  0.158982
20.4 -20.4825  0.159487
20.41 -20.4947  0.159992
20.42 -20.5069  0.160497
20.43 -20.5191  0.161002
20.44 -20.5313  0.161507
20.45 -20.5435  0.162012
20.46 -20.5557  0.162517
20.47 -20.5679  0.163022
20.48 -20.5801  0.163527
20.49 -20.5923  0.164032
20.5 -20.6045  0.164537
20.51 -20.6168  0.165043
20.52 -20.629  0.165548
20.53 -20.6412  0.166053
20.54 -20.6534  0.166558
20.55 -20.6656  0.167063
20.56 -20.6778  0.167568
20.57 -20.69  0.168073
20.58 -20.7022  0.168578
20.59 -20.7144  0.169083
20.6 -20.7266  0.169588
20.61 -20.7389  0.170093
20.62 -20.7511  0.170598
20.63 -20.7633  0.171103
20.64 -20.7755  0.171608
20.65 -20.7877  0.172113
20.66 -20.7999  0.172619
20.67 -20.8121  0.173124
20.68 -20.8243  0.173629
20.69 -20.8365  0.174134
20.7 -20.8487  0.174639
20.71 -20.861  0.175144
20.72 -20.8732  0.175649
20.73 -20.8854  0.176154
20.74 -20.8976  0.176659
20.75 -20.9098  0.177164
20.76 -20.922  0.177669
20.77 -20.9342  0.178175
20.78 -20.9464  0.17868
20.79 -20.9586  0.179185
20.8 -20.9708  0.17969
20.81 -20.9831  0.180195
20.82 -20.9953  0.1807
20.83 -21.0075  0.181205
20.84 -21.0197  0.18171
20.85 -21.0319  0.182216
20.86 -21.0441  0.182721
20.87 -21.0563  0.183226
20.88 -21.0685  0.183731
20.89 -21.0807  0.184236
20.9 -21.0929  0.184741
20.91 -21.1052  0.185246
20.92 -21.1174  0.185751
20.93 -21.1296  0.186257
20.94 -21.1418  0.186762
20.95 -21.154  0.187267
20.96 -21.1662  0.187772
20.97 -21.1784  0.188277
20.98 -21.1906  0.188782
20.99 -21.2028  0.189288
21 -21.215  0.189793
21.01 -21.2273  0.190298
21.02 -21.2395  0.190803
21.03 -21.2517  0.191308
21.04 -21.2639  0.191813
21.05 -21.2761  0.192319
21.06 -21.2883  0.192824
21.07 -21.3005  0.193329
21.08 -21.3127  0.193834
21.09 -21.3249  0.194339
21.1 -21.3371  0.194844
21.11 -21.3494  0.19535
21.12 -21.3616  0.195855
21.13 -21.3738  0.19636
21.14 -21.386  0.196865
21.15 -21.3982  0.19737
21.16 -21.4104  0.197876
21.17 -21.4226  0.198381
21.18 -21.4348  0.198886
21.19 -21.447  0.199391
21.2 -21.4592  0.199896
21.21 -21.4715  0.200401
21.22 -21.4837  0.200907
21.23 -21.4959  0.201412
21.24 -21.5081  0.201917
21.25 -21.5203  0.202422
21.26 -21.5325  0.202928
21.27 -21.5447  0.203433
21.28 -21.5569  0.203938
21.29 -21.5691  0.204443
21.3 -21.5813  0.204948
21.31 -21.5936  0.205454
21.32 -21.6058  0.205959
21.33 -21.618  0.206464
21.34 -21.6302  0.206969
21.35 -21.6424  0.207475
21.36 -21.6546  0.20798
21.37 -21.6668  0.208485
21.38 -21.679  0.20899
21.39 -21.6912  0.209495
21.4 -21.7034  0.210001
21.41 -21.7157  0.210506
21.42 -21.7279  0.211011
21.43 -21.7401  0.211516
21.44 -21.7523  0.212022
21.45 -21.7645  0.212527
21.46 -21.7767  0.213032
21.47 -21.7889  0.213537
21.48 -21.8011  0.214043
21.49 -21.8133  0.214548
21.5 -21.8255  0.215053
21.51 -21.8378  0.215559
21.52 -21.85  0.216064
21.53 -21.8622  0.216569
21.54 -21.8744  0.217074
21.55 -21.8866  0.21758
21.56 -21.8988  0.218085
21.57 -21.911  0.21859
21.58 -21.9232  0.219095
21.59 -21.9354  0.219601
21.6 -21.9476  0.220106
21.61 -21.9599  0.220611
21.62 -21.9721  0.221117
21.63 -21.9843  0.221622
21.64 -21.9965  0.222127
21.65 -22.0087  0.222632
21.66 -22.0209  0.223138
21.67 -22.0331  0.223643
21.68 -22.0453  0.224148
21.69 -22.0575  0.224654
21.7 -22.0697  0.225159
21.71 -22.082  0.225664
21.72 -22.0942  0.22617
21.73 -22.1064  0.226675
21.74 -22.1186  0.22718
21.75 -22.1308  0.227685
21.76 -22.143  0.228191
21.77 -22.1552  0.228696
21.78 -22.1674  0.229201
21.79 -22.1796  0.229707
21.8 -22.1919  0.230212
21.81 -22.2041  0.230717
21.82 -22.2163  0.231223
21.83 -22.2285  0.231728
21.84 -22.2407  0.232233
21.85 -22.2529  0.232739
21.86 -22.2651  0.233244
21.87 -22.2773  0.233749
21.88 -22.2895  0.234255
21.89 -22.3017  0.23476
21.9 -22.314  0.235265
21.91 -22.3262  0.235771
21.92 -22.3384  0.236276
21.93 -22.3506  0.236781
21.94 -22.3628  0.237287
21.95 -22.375  0.237792
21.96 -22.3872  0.238298
21.97 -22.3994  0.238803
21.98 -22.4116  0.239308
21.99 -22.4238  0.239814
22 -22.4361  0.240319
22.01 -22.4483  0.240824
22.02 -22.4605  0.24133
22.03 -22.4727  0.241835
22.04 -22.4849  0.24234
22.05 -22.4971  0.242846
22.06 -22.5093  0.243351
22.07 -22.5215  0.243857
22.08 -22.5337  0.244362
22.09 -22.5459  0.244867
22.1 -22.5582  0.245373
22.11 -22.5704  0.245878
22.12 -22.5826  0.246383
22.13 -22.5948  0.246889
22.14 -22.607  0.247394
22.15 -22.6192  0.2479
22.16 -22.6314  0.248405
22.17 -22.6436  0.24891
22.18 -22.6558  0.249416
22.19 -22.668  0.249921
22.2 -22.6803  0.250427
22.21 -22.6925  0.250932
22.22 -22.7047  0.251437
22.23 -22.7169  0.251943
22.24 -22.7291  0.252448
22.25 -22.7413  0.252954
22.26 -22.7535  0.253459
22.27 -22.7657  0.253964
22.28 -22.7779  0.25447
22.29 -22.7901  0.254975
22.3 -22.8024  0.255481
22.31 -22.8146  0.255986
22.32 -22.8268  0.256492
22.33 -22.839  0.256997
22.34 -22.8512  0.257502
22.35 -22.8634  0.258008
22.36 -22.8756  0.258513
22.37 -22.8878  0.259019
22.38 -22.9  0.259524
22.39 -22.9123  0.26003
22.4 -22.9245  0.260535
22.41 -22.9367  0.26104
22.42 -22.9489  0.261546
22.43 -22.9611  0.262051
22.44 -22.9733  0.262557
22.45 -22.9855  0.263062
22.46 -22.9977  0.263568
22.47 -23.0099  0.264073
22.48 -23.0221  0.264579
22.49 -23.0344  0.265084
22.5 -23.0466  0.265589
22.51 -23.0588  0.266095
22.52 -23.071  0.2666
22.53 -23.0832  0.267106
22.54 -23.0954  0.267611
22.55 -23.1076  0.268117
22.56 -23.1198  0.268622
22.57 -23.132  0.269128
22.58 -23.1442  0.269633
22.59 -23.1565  0.270139
22.6 -23.1687  0.270644
22.61 -23.1809  0.27115
22.62 -23.1931  0.271655
22.63 -23.2053  0.272161
22.64 -23.2175  0.272666
22.65 -23.2297  0.273172
22.66 -23.2419  0.273677
22.67 -23.2541  0.274182
22.68 -23.2663  0.274688
22.69 -23.2786  0.275193
22.7 -23.2908  0.275699
22.71 -23.303  0.276204
22.72 -23.3152  0.27671
22.73 -23.3274  0.277215
22.74 -23.3396  0.277721
22.75 -23.3518  0.278226
22.76 -23.364  0.278732
22.77 -23.3762  0.279237
22.78 -23.3885  0.279743
22.79 -23.4007  0.280248
22.8 -23.4129  0.280754
22.81 -23.4251  0.28126
22.82 -23.4373  0.281765
22.83 -23.4495  0.282271
22.84 -23.4617  0.282776
22.85 -23.4739  0.283282
22.86 -23.4861  0.283787
22.87 -23.4983  0.284293
22.88 -23.5106  0.284798
22.89 -23.5228  0.285304
22.9 -23.535  0.285809
22.91 -23.5472  0.286315
22.92 -23.5594  0.28682
22.93 -23.5716  0.287326
22.94 -23.5838  0.287831
22.95 -23.596  0.288337
22.96 -23.6082  0.288842
22.97 -23.6204  0.289348
22.98 -23.6327  0.289854
22.99 -23.6449  0.290359
23 -23.6571  0.290865
23.01 -23.6693  0.29137
23.02 -23.6815  0.291876
23.03 -23.6937  0.292381
23.04 -23.7059  0.292887
23.05 -23.7181  0.293392
23.06 -23.7303  0.293898
23.07 -23.7425  0.294403
23.08 -23.7548  0.294909
23.09 -23.767  0.295415
23.1 -23.7792  0.29592
23.11 -23.7914  0.296426
23.12 -23.8036  0.296931
23.13 -23.8158  0.297437
23.14 -23.828  0.297942
23.15 -23.8402  0.298448
23.16 -23.8524  0.298954
23.17 -23.8647  0.299459
23.18 -23.8769  0.299965
23.19 -23.8891  0.30047
23.2 -23.9013  0.300976
23.21 -23.9135  0.301481
23.22 -23.9257  0.301987
23.23 -23.9379  0.302493
23.24 -23.9501  0.302998
23.25 -23.9623  0.303504
23.26 -23.9745  0.304009
23.27 -23.9868  0.304515
23.28 -23.999  0.305021
23.29 -24.0112  0.305526
23.3 -24.0234  0.306032
23.31 -24.0356  0.306537
23.32 -24.0478  0.307043
23.33 -24.06  0.307549
23.34 -24.0722  0.308054
23.35 -24.0844  0.30856
23.36 -24.0966  0.309065
23.37 -24.1089  0.309571
23.38 -24.1211  0.310077
23.39 -24.1333  0.310582
23.4 -24.1455  0.311088
23.41 -24.1577  0.311594
23.42 -24.1699  0.312099
23.43 -24.1821  0.312605
23.44 -24.1943  0.31311
23.45 -24.2065  0.313616
23.46 -24.2188  0.314122
23.47 -24.231  0.314627
23.48 -24.2432  0.315133
23.49 -24.2554  0.315639
23.5 -24.2676  0.316144
23.51 -24.2798  0.31665
23.52 -24.292  0.317155
23.53 -24.3042  0.317661
23.54 -24.3164  0.318167
23.55 -24.3286  0.318672
23.56 -24.3409  0.319178
23.57 -24.3531  0.319684
23.58 -24.3653  0.320189
23.59 -24.3775  0.320695
23.6 -24.3897  0.321201
23.61 -24.4019  0.321706
23.62 -24.4141  0.322212
23.63 -24.4263  0.322718
23.64 -24.4385  0.323223
23.65 -24.4508  0.323729
23.66 -24.463  0.324235
23.67 -24.4752  0.32474
23.68 -24.4874  0.325246
23.69 -24.4996  0.325751
23.7 -24.5118  0.326257
23.71 -24.524  0.326763
23.72 -24.5362  0.327269
23.73 -24.5484  0.327774
23.74 -24.5606  0.32828
23.75 -24.5729  0.328786
23.76 -24.5851  0.329291
23.77 -24.5973  0.329797
23.78 -24.6095  0.330303
23.79 -24.6217  0.330808
23.8 -24.6339  0.331314
23.81 -24.6461  0.33182
23.82 -24.6583  0.332325
23.83 -24.6705  0.332831
23.84 -24.6827  0.333337
23.85 -24.695  0.333842
23.86 -24.7072  0.334348
23.87 -24.7194  0.334854
23.88 -24.7316  0.335359
23.89 -24.7438  0.335865
23.9 -24.756  0.336371
23.91 -24.7682  0.336877
23.92 -24.7804  0.337382
23.93 -24.7926  0.337888
23.94 -24.8049  0.338394
23.95 -24.8171  0.338899
23.96 -24.8293  0.339405
23.97 -24.8415  0.339911
23.98 -24.8537  0.340416
23.99 -24.8659  0.340922
24 -24.8781  0.341428
24.01 -24.8903  0.341934
24.02 -24.9025  0.342439
24.03 -24.9147  0.342945
24.04 -24.927  0.343451
24.05 -24.9392  0.343957
24.06 -24.9514  0.344462
24.07 -24.9636  0.344968
24.08 -24.9758  0.345474
24.09 -24.988  0.345979
24.1 -25.0002  0.346485
24.11 -25.0124  0.346991
24.12 -25.0246  0.347497
24.13 -25.0369  0.348002
24.14 -25.0491  0.348508
24.15 -25.0613  0.349014
24.16 -25.0735  0.34952
24.17 -25.0857  0.350025
24.18 -25.0979  0.350531
24.19 -25.1101  0.351037
24.2 -25.1223  0.351543
24.21 -25.1345  0.352048
24.22 -25.1467  0.352554
24.23 -25.159  0.35306
24.24 -25.1712  0.353566
24.25 -25.1834  0.354071
24.26 -25.1956  0.354577
24.27 -25.2078  0.355083
24.28 -25.22  0.355589
24.29 -25.2322  0.356094
24.3 -25.2444  0.3566
24.31 -25.2566  0.357106
24.32 -25.2689  0.357612
24.33 -25.2811  0.358117
24.34 -25.2933  0.358623
24.35 -25.3055  0.359129
24.36 -25.3177  0.359635
24.37 -25.3299  0.360141
24.38 -25.3421  0.360646
24.39 -25.3543  0.361152
24.4 -25.3665  0.361658
24.41 -25.3787  0.362164
24.42 -25.391  0.362669
24.43 -25.4032  0.363175
24.44 -25.4154  0.363681
24.45 -25.4276  0.364187
24.46 -25.4398  0.364693
24.47 -25.452  0.365198
24.48 -25.4642  0.365704
24.49 -25.4764  0.36621
24.5 -25.4886  0.366716
24.51 -25.5009  0.367222
24.52 -25.5131  0.367727
24.53 -25.5253  0.368233
24.54 -25.5375  0.368739
24.55 -25.5497  0.369245
24.56 -25.5619  0.369751
24.57 -25.5741  0.370256
24.58 -25.5863  0.370762
24.59 -25.5985  0.371268
24.6 -25.6107  0.371774
24.61 -25.623  0.37228
24.62 -25.6352  0.372785
24.63 -25.6474  0.373291
24.64 -25.6596  0.373797
24.65 -25.6718  0.374303
24.66 -25.684  0.374809
24.67 -25.6962  0.375314
24.68 -25.7084  0.37582
24.69 -25.7206  0.376326
24.7 -25.7329  0.376832
24.71 -25.7451  0.377338
24.72 -25.7573  0.377844
24.73 -25.7695  0.378349
24.74 -25.7817  0.378855
24.75 -25.7939  0.379361
24.76 -25.8061  0.379867
24.77 -25.8183  0.380373
24.78 -25.8305  0.380879
24.79 -25.8427  0.381384
24.8 -25.855  0.38189
24.81 -25.8672  0.382396
24.82 -25.8794  0.382902
24.83 -25.8916  0.383408
24.84 -25.9038  0.383914
24.85 -25.916  0.384419
24.86 -25.9282  0.384925
24.87 -25.9404  0.385431
24.88 -25.9526  0.385937
24.89 -25.9649  0.386443
24.9 -25.9771  0.386949
24.91 -25.9893  0.387455
24.92 -26.0015  0.38796
24.93 -26.0137  0.388466
24.94 -26.0259  0.388972
24.95 -26.0381  0.389478
24.96 -26.0503  0.389984
24.97 -26.0625  0.39049
24.98 -26.0747  0.390996
24.99 -26.087  0.391501
25 -26.0992  0.392007
25.01 -26.1114  0.392513
25.02 -26.1236  0.393019
25.03 -26.1358  0.393525
25.04 -26.148  0.394031
25.05 -26.1602  0.394537
25.06 -26.1724  0.395043
25.07 -26.1846  0.395548
25.08 -26.1969  0.396054
25.09 -26.2091  0.39656
25.1 -26.2213  0.397066
25.11 -26.2335  0.397572
25.12 -26.2457  0.398078
25.13 -26.2579  0.398584
25.14 -26.2701  0.39909
25.15 -26.2823  0.399596
25.16 -26.2945  0.400101
25.17 -26.3068  0.400607
25.18 -26.319  0.401113
25.19 -26.3312  0.401619
25.2 -26.3434  0.402125
25.21 -26.3556  0.402631
25.22 -26.3678  0.403137
25.23 -26.38  0.403643
25.24 -26.3922  0.404149
25.25 -26.4044  0.404655
25.26 -26.4166  0.40516
25.27 -26.4289  0.405666
25.28 -26.4411  0.406172
25.29 -26.4533  0.406678
25.3 -26.4655  0.407184
25.31 -26.4777  0.40769
25.32 -26.4899  0.408196
25.33 -26.5021  0.408702
25.34 -26.5143  0.409208
25.35 -26.5265  0.409714
25.36 -26.5388  0.41022
25.37 -26.551  0.410726
25.38 -26.5632  0.411232
25.39 -26.5754  0.411737
25.4 -26.5876  0.412243
25.41 -26.5998  0.412749
25.42 -26.612  0.413255
25.43 -26.6242  0.413761
25.44 -26.6364  0.414267
25.45 -26.6486  0.414773
25.46 -26.6609  0.415279
25.47 -26.6731  0.415785
25.48 -26.6853  0.416291
25.49 -26.6975  0.416797
25.5 -26.7097  0.417303
25.51 -26.7219  0.417809
25.52 -26.7341  0.418315
25.53 -26.7463  0.418821
25.54 -26.7585  0.419327
25.55 -26.7708  0.419832
25.56 -26.783  0.420338
25.57 -26.7952  0.420844
25.58 -26.8074  0.42135
25.59 -26.8196  0.421856
25.6 -26.8318  0.422362
25.61 -26.844  0.422868
25.62 -26.8562  0.423374
25.63 -26.8684  0.42388
25.64 -26.8807  0.424386
25.65 -26.8929  0.424892
25.66 -26.9051  0.425398
25.67 -26.9173  0.425904
25.68 -26.9295  0.42641
25.69 -26.9417  0.426916
25.7 -26.9539  0.427422
25.71 -26.9661  0.427928
25.72 -26.9783  0.428434
25.73 -26.9905  0.42894
25.74 -27.0028  0.429446
25.75 -27.015  0.429952
25.76 -27.0272  0.430458
25.77 -27.0394  0.430964
25.78 -27.0516  0.43147
25.79 -27.0638  0.431976
25.8 -27.076  0.432482
25.81 -27.0882  0.432988
25.82 -27.1004  0.433494
25.83 -27.1127  0.434
25.84 -27.1249  0.434506
25.85 -27.1371  0.435012
25.86 -27.1493  0.435518
25.87 -27.1615  0.436024
25.88 -27.1737  0.43653
25.89 -27.1859  0.437036
25.9 -27.1981  0.437542
25.91 -27.2103  0.438048
25.92 -27.2225  0.438554
25.93 -27.2348  0.43906
25.94 -27.247  0.439566
25.95 -27.2592  0.440072
25.96 -27.2714  0.440578
25.97 -27.2836  0.441084
25.98 -27.2958  0.44159
25.99 -27.308  0.442096
26 -27.3202  0.442602
26.01 -27.3324  0.443108
26.02 -27.3447  0.443614
26.03 -27.3569  0.44412
26.04 -27.3691  0.444626
26.05 -27.3813  0.445132
26.06 -27.3935  0.445638
26.07 -27.4057  0.446144
26.08 -27.4179  0.44665
26.09 -27.4301  0.447156
26.1 -27.4423  0.447662
26.11 -27.4546  0.448168
26.12 -27.4668  0.448674
26.13 -27.479  0.44918
26.14 -27.4912  0.449686
26.15 -27.5034  0.450192
26.16 -27.5156  0.450698
26.17 -27.5278  0.451204
26.18 -27.54  0.45171
26.19 -27.5522  0.452216
26.2 -27.5645  0.452722
26.21 -27.5767  0.453228
26.22 -27.5889  0.453734
26.23 -27.6011  0.45424
26.24 -27.6133  0.454746
26.25 -27.6255  0.455252
26.26 -27.6377  0.455758
26.27 -27.6499  0.456264
26.28 -27.6621  0.45677
26.29 -27.6743  0.457277
26.3 -27.6866  0.457783
26.31 -27.6988  0.458289
26.32 -27.711  0.458795
26.33 -27.7232  0.459301
26.34 -27.7354  0.459807
26.35 -27.7476  0.460313
26.36 -27.7598  0.460819
26.37 -27.772  0.461325
26.38 -27.7842  0.461831
26.39 -27.7965  0.462337
26.4 -27.8087  0.462843
26.41 -27.8209  0.463349
26.42 -27.8331  0.463855
26.43 -27.8453  0.464361
26.44 -27.8575  0.464867
26.45 -27.8697  0.465374
26.46 -27.8819  0.46588
26.47 -27.8941  0.466386
26.48 -27.9064  0.466892
26.49 -27.9186  0.467398
26.5 -27.9308  0.467904
26.51 -27.943  0.46841
26.52 -27.9552  0.468916
26.53 -27.9674  0.469422
26.54 -27.9796  0.469928
26.55 -27.9918  0.470434
26.56 -28.004  0.47094
26.57 -28.0162  0.471446
26.58 -28.0285  0.471953
26.59 -28.0407  0.472459
26.6 -28.0529  0.472965
26.61 -28.0651  0.473471
26.62 -28.0773  0.473977
26.63 -28.0895  0.474483
26.64 -28.1017  0.474989
26.65 -28.1139  0.475495
26.66 -28.1261  0.476001
26.67 -28.1384  0.476507
26.68 -28.1506  0.477014
26.69 -28.1628  0.47752
26.7 -28.175  0.478026
26.71 -28.1872  0.478532
26.72 -28.1994  0.479038
26.73 -28.2116  0.479544
26.74 -28.2238  0.48005
26.75 -28.236  0.480556
26.76 -28.2483  0.481062
26.77 -28.2605  0.481569
26.78 -28.2727  0.482075
26.79 -28.2849  0.482581
26.8 -28.2971  0.483087
26.81 -28.3093  0.483593
26.82 -28.3215  0.484099
26.83 -28.3337  0.484605
26.84 -28.3459  0.485111
26.85 -28.3582  0.485617
26.86 -28.3704  0.486124
26.87 -28.3826  0.48663
26.88 -28.3948  0.487136
26.89 -28.407  0.487642
26.9 -28.4192  0.488148
26.91 -28.4314  0.488654
26.92 -28.4436  0.48916
26.93 -28.4558  0.489667
26.94 -28.468  0.490173
26.95 -28.4803  0.490679
26.96 -28.4925  0.491185
26.97 -28.5047  0.491691
26.98 -28.5169  0.492197
26.99 -28.5291  0.492703
27 -28.5413  0.493209
27.01 -28.5535  0.493716
27.02 -28.5657  0.494222
27.03 -28.5779  0.494728
27.04 -28.5902  0.495234
27.05 -28.6024  0.49574
27.06 -28.6146  0.496246
27.07 -28.6268  0.496753
27.08 -28.639  0.497259
27.09 -28.6512  0.497765
27.1 -28.6634  0.498271
27.11 -28.6756  0.498777
27.12 -28.6878  0.499283
27.13 -28.7001  0.499789
27.14 -28.7123  0.500296
27.15 -28.7245  0.500802
27.16 -28.7367  0.501308
27.17 -28.7489  0.501814
27.18 -28.7611  0.50232
27.19 -28.7733  0.502826
27.2 -28.7855  0.503333
27.21 -28.7977  0.503839
27.22 -28.81  0.504345
27.23 -28.8222  0.504851
27.24 -28.8344  0.505357
27.25 -28.8466  0.505863
27.26 -28.8588  0.50637
27.27 -28.871  0.506876
27.28 -28.8832  0.507382
27.29 -28.8954  0.507888
27.3 -28.9076  0.508394
27.31 -28.9198  0.508901
27.32 -28.9321  0.509407
27.33 -28.9443  0.509913
27.34 -28.9565  0.510419
27.35 -28.9687  0.510925
27.36 -28.9809  0.511431
27.37 -28.9931  0.511938
27.38 -29.0053  0.512444
27.39 -29.0175  0.51295
27.4 -29.0297  0.513456
27.41 -29.042  0.513962
27.42 -29.0542  0.514469
27.43 -29.0664  0.514975
27.44 -29.0786  0.515481
27.45 -29.0908  0.515987
27.46 -29.103  0.516493
27.47 -29.1152  0.517
27.48 -29.1274  0.517506
27.49 -29.1396  0.518012
27.5 -29.1519  0.518518
27.51 -29.1641  0.519024
27.52 -29.1763  0.519531
27.53 -29.1885  0.520037
27.54 -29.2007  0.520543
27.55 -29.2129  0.521049
27.56 -29.2251  0.521555
27.57 -29.2373  0.522062
27.58 -29.2495  0.522568
27.59 -29.2618  0.523074
27.6 -29.274  0.52358
27.61 -29.2862  0.524087
27.62 -29.2984  0.524593
27.63 -29.3106  0.525099
27.64 -29.3228  0.525605
27.65 -29.335  0.526111
27.66 -29.3472  0.526618
27.67 -29.3594  0.527124
27.68 -29.3717  0.52763
27.69 -29.3839  0.528136
27.7 -29.3961  0.528643
27.71 -29.4083  0.529149
27.72 -29.4205  0.529655
27.73 -29.4327  0.530161
27.74 -29.4449  0.530667
27.75 -29.4571  0.531174
27.76 -29.4693  0.53168
27.77 -29.4815  0.532186
27.78 -29.4938  0.532692
27.79 -29.506  0.533199
27.8 -29.5182  0.533705
27.81 -29.5304  0.534211
27.82 -29.5426  0.534717
27.83 -29.5548  0.535224
27.84 -29.567  0.53573
27.85 -29.5792  0.536236
27.86 -29.5914  0.536742
27.87 -29.6037  0.537249
27.88 -29.6159  0.537755
27.89 -29.6281  0.538261
27.9 -29.6403  0.538767
27.91 -29.6525  0.539274
27.92 -29.6647  0.53978
27.93 -29.6769  0.540286
27.94 -29.6891  0.540792
27.95 -29.7013  0.541299
27.96 -29.7136  0.541805
27.97 -29.7258  0.542311
27.98 -29.738  0.542817
27.99 -29.7502  0.543324
28 -29.7624  0.54383
28.01 -29.7746  0.544336
28.02 -29.7868  0.544842
28.03 -29.799  0.545349
28.04 -29.8112  0.545855
28.05 -29.8235  0.546361
28.06 -29.8357  0.546868
28.07 -29.8479  0.547374
28.08 -29.8601  0.54788
28.09 -29.8723  0.548386
28.1 -29.8845  0.548893
28.11 -29.8967  0.549399
28.12 -29.9089  0.549905
28.13 -29.9211  0.550411
28.14 -29.9334  0.550918
28.15 -29.9456  0.551424
28.16 -29.9578  0.55193
28.17 -29.97  0.552437
28.18 -29.9822  0.552943
28.19 -29.9944  0.553449
28.2 -30.0066  0.553955
28.21 -30.0188  0.554462
28.22 -30.031  0.554968
28.23 -30.0433  0.555474
28.24 -30.0555  0.555981
28.25 -30.0677  0.556487
28.26 -30.0799  0.556993
28.27 -30.0921  0.557499
28.28 -30.1043  0.558006
28.29 -30.1165  0.558512
28.3 -30.1287  0.559018
28.31 -30.1409  0.559525
28.32 -30.1532  0.560031
28.33 -30.1654  0.560537
28.34 -30.1776  0.561044
28.35 -30.1898  0.56155
28.36 -30.202  0.562056
28.37 -30.2142  0.562562
28.38 -30.2264  0.563069
28.39 -30.2386  0.563575
28.4 -30.2508  0.564081
28.41 -30.2631  0.564588
28.42 -30.2753  0.565094
28.43 -30.2875  0.5656
28.44 -30.2997  0.566107
28.45 -30.3119  0.566613
28.46 -30.3241  0.567119
28.47 -30.3363  0.567626
28.48 -30.3485  0.568132
28.49 -30.3607  0.568638
28.5 -30.3729  0.569145
28.51 -30.3852  0.569651
28.52 -30.3974  0.570157
28.53 -30.4096  0.570664
28.54 -30.4218  0.57117
28.55 -30.434  0.571676
28.56 -30.4462  0.572183
28.57 -30.4584  0.572689
28.58 -30.4706  0.573195
28.59 -30.4828  0.573701
28.6 -30.4951  0.574208
28.61 -30.5073  0.574714
28.62 -30.5195  0.57522
28.63 -30.5317  0.575727
28.64 -30.5439  0.576233
28.65 -30.5561  0.57674
28.66 -30.5683  0.577246
28.67 -30.5805  0.577752
28.68 -30.5927  0.578259
28.69 -30.605  0.578765
28.7 -30.6172  0.579271
28.71 -30.6294  0.579778
28.72 -30.6416  0.580284
28.73 -30.6538  0.58079
28.74 -30.666  0.581297
28.75 -30.6782  0.581803
28.76 -30.6904  0.582309
28.77 -30.7026  0.582816
28.78 -30.7149  0.583322
28.79 -30.7271  0.583828
28.8 -30.7393  0.584335
28.81 -30.7515  0.584841
28.82 -30.7637  0.585347
28.83 -30.7759  0.585854
28.84 -30.7881  0.58636
28.85 -30.8003  0.586866
28.86 -30.8125  0.587373
28.87 -30.8248  0.587879
28.88 -30.837  0.588386
28.89 -30.8492  0.588892
28.9 -30.8614  0.589398
28.91 -30.8736  0.589905
28.92 -30.8858  0.590411
28.93 -30.898  0.590917
28.94 -30.9102  0.591424
28.95 -30.9224  0.59193
28.96 -30.9347  0.592437
28.97 -30.9469  0.592943
28.98 -30.9591  0.593449
28.99 -30.9713  0.593956
29 -30.9835  0.594462
29.01 -30.9957  0.594968
29.02 -31.0079  0.595475
29.03 -31.0201  0.595981
29.04 -31.0323  0.596488
29.05 -31.0446  0.596994
29.06 -31.0568  0.5975
29.07 -31.069  0.598007
29.08 -31.0812  0.598513
29.09 -31.0934  0.599019
29.1 -31.1056  0.599526
29.11 -31.1178  0.600032
29.12 -31.13  0.600539
29.13 -31.1422  0.601045
29.14 -31.1545  0.601551
29.15 -31.1667  0.602058
29.16 -31.1789  0.602564
29.17 -31.1911  0.603071
29.18 -31.2033  0.603577
29.19 -31.2155  0.604083
29.2 -31.2277  0.60459
29.21 -31.2399  0.605096
29.22 -31.2521  0.605603
29.23 -31.2644  0.606109
29.24 -31.2766  0.606615
29.25 -31.2888  0.607122
29.26 -31.301  0.607628
29.27 -31.3132  0.608135
29.28 -31.3254  0.608641
29.29 -31.3376  0.609147
29.3 -31.3498  0.609654
29.31 -31.362  0.61016
29.32 -31.3743  0.610667
29.33 -31.3865  0.611173
29.34 -31.3987  0.611679
29.35 -31.4109  0.612186
29.36 -31.4231  0.612692
29.37 -31.4353  0.613199
29.38 -31.4475  0.613705
29.39 -31.4597  0.614212
29.4 -31.4719  0.614718
29.41 -31.4842  0.615224
29.42 -31.4964  0.615731
29.43 -31.5086  0.616237
29.44 -31.5208  0.616744
29.45 -31.533  0.61725
29.46 -31.5452  0.617756
29.47 -31.5574  0.618263
29.48 -31.5696  0.618769
29.49 -31.5818  0.619276
29.5 -31.5941  0.619782
29.51 -31.6063  0.620289
29.52 -31.6185  0.620795
29.53 -31.6307  0.621301
29.54 -31.6429  0.621808
29.55 -31.6551  0.622314
29.56 -31.6673  0.622821
29.57 -31.6795  0.623327
29.58 -31.6917  0.623834
29.59 -31.704  0.62434
29.6 -31.7162  0.624847
29.61 -31.7284  0.625353
29.62 -31.7406  0.625859
29.63 -31.7528  0.626366
29.64 -31.765  0.626872
29.65 -31.7772  0.627379
29.66 -31.7894  0.627885
29.67 -31.8016  0.628392
29.68 -31.8139  0.628898
29.69 -31.8261  0.629405
29.7 -31.8383  0.629911
29.71 -31.8505  0.630417
29.72 -31.8627  0.630924
29.73 -31.8749  0.63143
29.74 -31.8871  0.631937
29.75 -31.8993  0.632443
29.76 -31.9115  0.63295
29.77 -31.9238  0.633456
29.78 -31.936  0.633963
29.79 -31.9482  0.634469
29.8 -31.9604  0.634976
29.81 -31.9726  0.635482
29.82 -31.9848  0.635988
29.83 -31.997  0.636495
29.84 -32.0092  0.637001
29.85 -32.0214  0.637508
29.86 -32.0337  0.638014
29.87 -32.0459  0.638521
29.88 -32.0581  0.639027
29.89 -32.0703  0.639534
29.9 -32.0825  0.64004
29.91 -32.0947  0.640547
29.92 -32.1069  0.641053
29.93 -32.1191  0.64156
29.94 -32.1313  0.642066
29.95 -32.1436  0.642573
29.96 -32.1558  0.643079
29.97 -32.168  0.643585
29.98 -32.1802  0.644092
29.99 -32.1924  0.644598
30 -32.2046  0.645105
30.01 -32.2168  0.645611
30.02 -32.229  0.646118
30.03 -32.2412  0.646624
30.04 -32.2535  0.647131
30.05 -32.2657  0.647637
30.06 -32.2779  0.648144
30.07 -32.2901  0.64865
30.08 -32.3023  0.649157
30.09 -32.3145  0.649663
30.1 -32.3267  0.65017
30.11 -32.3389  0.650676
30.12 -32.3511  0.651183
30.13 -32.3634  0.651689
30.14 -32.3756  0.652196
30.15 -32.3878  0.652702
30.16 -32.4  0.653209
30.17 -32.4122  0.653715
30.18 -32.4244  0.654222
30.19 -32.4366  0.654728
30.2 -32.4488  0.655235
30.21 -32.461  0.655741
30.22 -32.4733  0.656248
30.23 -32.4855  0.656754
30.24 -32.4977  0.657261
30.25 -32.5099  0.657767
30.26 -32.5221  0.658274
30.27 -32.5343  0.65878
30.28 -32.5465  0.659287
30.29 -32.5587  0.659793
30.3 -32.5709  0.6603
30.31 -32.5832  0.660806
30.32 -32.5954  0.661313
30.33 -32.6076  0.661819
30.34 -32.6198  0.662326
30.35 -32.632  0.662832
30.36 -32.6442  0.663339
30.37 -32.6564  0.663845
30.38 -32.6686  0.664352
30.39 -32.6808  0.664858
30.4 -32.6931  0.665365
30.41 -32.7053  0.665871
30.42 -32.7175  0.666378
30.43 -32.7297  0.666885
30.44 -32.7419  0.667391
30.45 -32.7541  0.667898
30.46 -32.7663  0.668404
30.47 -32.7785  0.668911
30.48 -32.7907  0.669417
30.49 -32.803  0.669924
30.5 -32.8152  0.67043
30.51 -32.8274  0.670937
30.52 -32.8396  0.671443
30.53 -32.8518  0.67195
30.54 -32.864  0.672456
30.55 -32.8762  0.672963
30.56 -32.8884  0.673469
30.57 -32.9006  0.673976
30.58 -32.9129  0.674482
30.59 -32.9251  0.674989
30.6 -32.9373  0.675496
30.61 -32.9495  0.676002
30.62 -32.9617  0.676509
30.63 -32.9739  0.677015
30.64 -32.9861  0.677522
30.65 -32.9983  0.678028
30.66 -33.0105  0.678535
30.67 -33.0228  0.679041
30.68 -33.035  0.679548
30.69 -33.0472  0.680054
30.7 -33.0594  0.680561
30.71 -33.0716  0.681068
30.72 -33.0838  0.681574
30.73 -33.096  0.682081
30.74 -33.1082  0.682587
30.75 -33.1204  0.683094
30.76 -33.1327  0.6836
30.77 -33.1449  0.684107
30.78 -33.1571  0.684613
30.79 -33.1693  0.68512
30.8 -33.1815  0.685627
30.81 -33.1937  0.686133
30.82 -33.2059  0.68664
30.83 -33.2181  0.687146
30.84 -33.2303  0.687653
30.85 -33.2426  0.688159
30.86 -33.2548  0.688666
30.87 -33.267  0.689172
30.88 -33.2792  0.689679
30.89 -33.2914  0.690186
30.9 -33.3036  0.690692
30.91 -33.3158  0.691199
30.92 -33.328  0.691705
30.93 -33.3402  0.692212
30.94 -33.3525  0.692718
30.95 -33.3647  0.693225
30.96 -33.3769  0.693732
30.97 -33.3891  0.694238
30.98 -33.4013  0.694745
30.99 -33.4135  0.695251
31 -33.4257  0.695758
31.01 -33.4379  0.696265
31.02 -33.4501  0.696771
31.03 -33.4624  0.697278
31.04 -33.4746  0.697784
31.05 -33.4868  0.698291
31.06 -33.499  0.698797
31.07 -33.5112  0.699304
31.08 -33.5234  0.699811
31.09 -33.5356  0.700317
31.1 -33.5478  0.700824
31.11 -33.56  0.70133
31.12 -33.5723  0.701837
31.13 -33.5845  0.702344
31.14 -33.5967  0.70285
31.15 -33.6089  0.703357
31.16 -33.6211  0.703863
31.17 -33.6333  0.70437
31.18 -33.6455  0.704876
31.19 -33.6577  0.705383
31.2 -33.6699  0.70589
31.21 -33.6822  0.706396
31.22 -33.6944  0.706903
31.23 -33.7066  0.707409
31.24 -33.7188  0.707916
31.25 -33.731  0.708423
31.26 -33.7432  0.708929
31.27 -33.7554  0.709436
31.28 -33.7676  0.709942
31.29 -33.7798  0.710449
31.3 -33.7921  0.710956
31.31 -33.8043  0.711462
31.32 -33.8165  0.711969
31.33 -33.8287  0.712476
31.34 -33.8409  0.712982
31.35 -33.8531  0.713489
31.36 -33.8653  0.713995
31.37 -33.8775  0.714502
31.38 -33.8897  0.715009
31.39 -33.902  0.715515
31.4 -33.9142  0.716022
31.41 -33.9264  0.716528
31.42 -33.9386  0.717035
31.43 -33.9508  0.717542
31.44 -33.963  0.718048
31.45 -33.9752  0.718555
31.46 -33.9874  0.719061
31.47 -33.9997  0.719568
31.48 -34.0119  0.720075
31.49 -34.0241  0.720581
31.5 -34.0363  0.721088
31.51 -34.0485  0.721595
31.52 -34.0607  0.722101
31.53 -34.0729  0.722608
31.54 -34.0851  0.723114
31.55 -34.0973  0.723621
31.56 -34.1096  0.724128
31.57 -34.1218  0.724634
31.58 -34.134  0.725141
31.59 -34.1462  0.725648
31.6 -34.1584  0.726154
31.61 -34.1706  0.726661
31.62 -34.1828  0.727168
31.63 -34.195  0.727674
31.64 -34.2072  0.728181
31.65 -34.2195  0.728687
31.66 -34.2317  0.729194
31.67 -34.2439  0.729701
31.68 -34.2561  0.730207
31.69 -34.2683  0.730714
31.7 -34.2805  0.731221
31.71 -34.2927  0.731727
31.72 -34.3049  0.732234
31.73 -34.3171  0.732741
31.74 -34.3294  0.733247
31.75 -34.3416  0.733754
31.76 -34.3538  0.734261
31.77 -34.366  0.734767
31.78 -34.3782  0.735274
31.79 -34.3904  0.73578
31.8 -34.4026  0.736287
31.81 -34.4148  0.736794
31.82 -34.427  0.7373
31.83 -34.4393  0.737807
31.84 -34.4515  0.738314
31.85 -34.4637  0.73882
31.86 -34.4759  0.739327
31.87 -34.4881  0.739834
31.88 -34.5003  0.74034
31.89 -34.5125  0.740847
31.9 -34.5247  0.741354
31.91 -34.5369  0.74186
31.92 -34.5492  0.742367
31.93 -34.5614  0.742874
31.94 -34.5736  0.74338
31.95 -34.5858  0.743887
31.96 -34.598  0.744394
31.97 -34.6102  0.7449
31.98 -34.6224  0.745407
31.99 -34.6346  0.745914
32 -34.6468  0.74642
32.01 -34.6591  0.746927
32.02 -34.6713  0.747434
32.03 -34.6835  0.74794
32.04 -34.6957  0.748447
32.05 -34.7079  0.748954
32.06 -34.7201  0.74946
32.07 -34.7323  0.749967
32.08 -34.7445  0.750474
32.09 -34.7567  0.75098
32.1 -34.769  0.751487
32.11 -34.7812  0.751994
32.12 -34.7934  0.7525
32.13 -34.8056  0.753007
32.14 -34.8178  0.753514
32.15 -34.83  0.75402
32.16 -34.8422  0.754527
32.17 -34.8544  0.755034
32.18 -34.8667  0.755541
32.19 -34.8789  0.756047
32.2 -34.8911  0.756554
32.21 -34.9033  0.757061
32.22 -34.9155  0.757567
32.23 -34.9277  0.758074
32.24 -34.9399  0.758581
32.25 -34.9521  0.759087
32.26 -34.9643  0.759594
32.27 -34.9766  0.760101
32.28 -34.9888  0.760607
32.29 -35.001  0.761114
32.3 -35.0132  0.761621
32.31 -35.0254  0.762127
32.32 -35.0376  0.762634
32.33 -35.0498  0.763141
32.34 -35.062  0.763648
32.35 -35.0742  0.764154
32.36 -35.0865  0.764661
32.37 -35.0987  0.765168
32.38 -35.1109  0.765674
32.39 -35.1231  0.766181
32.4 -35.1353  0.766688
32.41 -35.1475  0.767194
32.42 -35.1597  0.767701
32.43 -35.1719  0.768208
32.44 -35.1841  0.768715
32.45 -35.1964  0.769221
32.46 -35.2086  0.769728
32.47 -35.2208  0.770235
32.48 -35.233  0.770741
32.49 -35.2452  0.771248
32.5 -35.2574  0.771755
32.51 -35.2696  0.772262
32.52 -35.2818  0.772768
32.53 -35.294  0.773275
32.54 -35.3063  0.773782
32.55 -35.3185  0.774288
32.56 -35.3307  0.774795
32.57 -35.3429  0.775302
32.58 -35.3551  0.775809
32.59 -35.3673  0.776315
32.6 -35.3795  0.776822
32.61 -35.3917  0.777329
32.62 -35.4039  0.777835
32.63 -35.4162  0.778342
32.64 -35.4284  0.778849
32.65 -35.4406  0.779356
32.66 -35.4528  0.779862
32.67 -35.465  0.780369
32.68 -35.4772  0.780876
32.69 -35.4894  0.781383
32.7 -35.5016  0.781889
32.71 -35.5138  0.782396
32.72 -35.5261  0.782903
32.73 -35.5383  0.783409
32.74 -35.5505  0.783916
32.75 -35.5627  0.784423
32.76 -35.5749  0.78493
32.77 -35.5871  0.785436
32.78 -35.5993  0.785943
32.79 -35.6115  0.78645
32.8 -35.6238  0.786957
32.81 -35.636  0.787463
32.82 -35.6482  0.78797
32.83 -35.6604  0.788477
32.84 -35.6726  0.788984
32.85 -35.6848  0.78949
32.86 -35.697  0.789997
32.87 -35.7092  0.790504
32.88 -35.7214  0.791011
32.89 -35.7337  0.791517
32.9 -35.7459  0.792024
32.91 -35.7581  0.792531
32.92 -35.7703  0.793038
32.93 -35.7825  0.793544
32.94 -35.7947  0.794051
32.95 -35.8069  0.794558
32.96 -35.8191  0.795065
32.97 -35.8313  0.795571
32.98 -35.8436  0.796078
32.99 -35.8558  0.796585
33 -35.868  0.797092
33.01 -35.8802  0.797598
33.02 -35.8924  0.798105
33.03 -35.9046  0.798612
33.04 -35.9168  0.799119
33.05 -35.929  0.799625
33.06 -35.9412  0.800132
33.07 -35.9535  0.800639
33.08 -35.9657  0.801146
33.09 -35.9779  0.801652
33.1 -35.9901  0.802159
33.11 -36.0023  0.802666
33.12 -36.0145  0.803173
33.13 -36.0267  0.803679
33.14 -36.0389  0.804186
33.15 -36.0511  0.804693
33.16 -36.0634  0.8052
33.17 -36.0756  0.805706
33.18 -36.0878  0.806213
33.19 -36.1  0.80672
33.2 -36.1122  0.807227
33.21 -36.1244  0.807734
33.22 -36.1366  0.80824
33.23 -36.1488  0.808747
33.24 -36.1611  0.809254
33.25 -36.1733  0.809761
33.26 -36.1855  0.810267
33.27 -36.1977  0.810774
33.28 -36.2099  0.811281
33.29 -36.2221  0.811788
33.3 -36.2343  0.812295
33.31 -36.2465  0.812801
33.32 -36.2587  0.813308
33.33 -36.271  0.813815
33.34 -36.2832  0.814322
33.35 -36.2954  0.814828
33.36 -36.3076  0.815335
33.37 -36.3198  0.815842
33.38 -36.332  0.816349
33.39 -36.3442  0.816856
33.4 -36.3564  0.817362
33.41 -36.3686  0.817869
33.42 -36.3809  0.818376
33.43 -36.3931  0.818883
33.44 -36.4053  0.81939
33.45 -36.4175  0.819896
33.46 -36.4297  0.820403
33.47 -36.4419  0.82091
33.48 -36.4541  0.821417
33.49 -36.4663  0.821923
33.5 -36.4785  0.82243
33.51 -36.4908  0.822937
33.52 -36.503  0.823444
33.53 -36.5152  0.823951
33.54 -36.5274  0.824457
33.55 -36.5396  0.824964
33.56 -36.5518  0.825471
33.57 -36.564  0.825978
33.58 -36.5762  0.826485
33.59 -36.5884  0.826991
33.6 -36.6007  0.827498
33.61 -36.6129  0.828005
33.62 -36.6251  0.828512
33.63 -36.6373  0.829019
33.64 -36.6495  0.829525
33.65 -36.6617  0.830032
33.66 -36.6739  0.830539
33.67 -36.6861  0.831046
33.68 -36.6984  0.831553
33.69 -36.7106  0.83206
33.7 -36.7228  0.832566
33.71 -36.735  0.833073
33.72 -36.7472  0.83358
33.73 -36.7594  0.834087
33.74 -36.7716  0.834594
33.75 -36.7838  0.8351
33.76 -36.796  0.835607
33.77 -36.8083  0.836114
33.78 -36.8205  0.836621
33.79 -36.8327  0.837128
33.8 -36.8449  0.837634
33.81 -36.8571  0.838141
33.82 -36.8693  0.838648
33.83 -36.8815  0.839155
33.84 -36.8937  0.839662
33.85 -36.9059  0.840169
33.86 -36.9182  0.840675
33.87 -36.9304  0.841182
33.88 -36.9426  0.841689
33.89 -36.9548  0.842196
33.9 -36.967  0.842703
33.91 -36.9792  0.84321
33.92 -36.9914  0.843716
33.93 -37.0036  0.844223
33.94 -37.0158  0.84473
33.95 -37.0281  0.845237
33.96 -37.0403  0.845744
33.97 -37.0525  0.846251
33.98 -37.0647  0.846757
33.99 -37.0769  0.847264
34 -37.0891  0.847771
34.01 -37.1013  0.848278
34.02 -37.1135  0.848785
34.03 -37.1258  0.849292
34.04 -37.138  0.849798
34.05 -37.1502  0.850305
34.06 -37.1624  0.850812
34.07 -37.1746  0.851319
34.08 -37.1868  0.851826
34.09 -37.199  0.852333
34.1 -37.2112  0.852839
34.11 -37.2234  0.853346
34.12 -37.2357  0.853853
34.13 -37.2479  0.85436
34.14 -37.2601  0.854867
34.15 -37.2723  0.855374
34.16 -37.2845  0.85588
34.17 -37.2967  0.856387
34.18 -37.3089  0.856894
34.19 -37.3211  0.857401
34.2 -37.3333  0.857908
34.21 -37.3456  0.858415
34.22 -37.3578  0.858922
34.23 -37.37  0.859428
34.24 -37.3822  0.859935
34.25 -37.3944  0.860442
34.26 -37.4066  0.860949
34.27 -37.4188  0.861456
34.28 -37.431  0.861963
34.29 -37.4432  0.86247
34.3 -37.4555  0.862976
34.31 -37.4677  0.863483
34.32 -37.4799  0.86399
34.33 -37.4921  0.864497
34.34 -37.5043  0.865004
34.35 -37.5165  0.865511
34.36 -37.5287  0.866018
34.37 -37.5409  0.866524
34.38 -37.5532  0.867031
34.39 -37.5654  0.867538
34.4 -37.5776  0.868045
34.41 -37.5898  0.868552
34.42 -37.602  0.869059
34.43 -37.6142  0.869566
34.44 -37.6264  0.870072
34.45 -37.6386  0.870579
34.46 -37.6508  0.871086
34.47 -37.6631  0.871593
34.48 -37.6753  0.8721
34.49 -37.6875  0.872607
34.5 -37.6997  0.873114
34.51 -37.7119  0.873621
34.52 -37.7241  0.874127
34.53 -37.7363  0.874634
34.54 -37.7485  0.875141
34.55 -37.7607  0.875648
34.56 -37.773  0.876155
34.57 -37.7852  0.876662
34.58 -37.7974  0.877169
34.59 -37.8096  0.877676
34.6 -37.8218  0.878182
34.61 -37.834  0.878689
34.62 -37.8462  0.879196
34.63 -37.8584  0.879703
34.64 -37.8706  0.88021
34.65 -37.8829  0.880717
34.66 -37.8951  0.881224
34.67 -37.9073  0.881731
34.68 -37.9195  0.882238
34.69 -37.9317  0.882744
34.7 -37.9439  0.883251
34.71 -37.9561  0.883758
34.72 -37.9683  0.884265
34.73 -37.9806  0.884772
34.74 -37.9928  0.885279
34.75 -38.005  0.885786
34.76 -38.0172  0.886293
34.77 -38.0294  0.8868
34.78 -38.0416  0.887306
34.79 -38.0538  0.887813
34.8 -38.066  0.88832
34.81 -38.0782  0.888827
34.82 -38.0905  0.889334
34.83 -38.1027  0.889841
34.84 -38.1149  0.890348
34.85 -38.1271  0.890855
34.86 -38.1393  0.891362
34.87 -38.1515  0.891868
34.88 -38.1637  0.892375
34.89 -38.1759  0.892882
34.9 -38.1881  0.893389
34.91 -38.2004  0.893896
34.92 -38.2126  0.894403
34.93 -38.2248  0.89491
34.94 -38.237  0.895417
34.95 -38.2492  0.895924
34.96 -38.2614  0.896431
34.97 -38.2736  0.896938
34.98 -38.2858  0.897444
34.99 -38.2981  0.897951
35 -38.3103  0.898458
35.01 -38.3225  0.898965
35.02 -38.3347  0.899472
35.03 -38.3469  0.899979
35.04 -38.3591  0.900486
35.05 -38.3713  0.900993
35.06 -38.3835  0.9015
35.07 -38.3957  0.902007
35.08 -38.408  0.902514
35.09 -38.4202  0.90302
35.1 -38.4324  0.903527
35.11 -38.4446  0.904034
35.12 -38.4568  0.904541
35.13 -38.469  0.905048
35.14 -38.4812  0.905555
35.15 -38.4934  0.906062
35.16 -38.5056  0.906569
35.17 -38.5179  0.907076
35.18 -38.5301  0.907583
35.19 -38.5423  0.90809
35.2 -38.5545  0.908597
35.21 -38.5667  0.909104
35.22 -38.5789  0.90961
35.23 -38.5911  0.910117
35.24 -38.6033  0.910624
35.25 -38.6156  0.911131
35.26 -38.6278  0.911638
35.27 -38.64  0.912145
35.28 -38.6522  0.912652
35.29 -38.6644  0.913159
35.3 -38.6766  0.913666
35.31 -38.6888  0.914173
35.32 -38.701  0.91468
35.33 -38.7132  0.915187
35.34 -38.7255  0.915694
35.35 -38.7377  0.916201
35.36 -38.7499  0.916707
35.37 -38.7621  0.917214
35.38 -38.7743  0.917721
35.39 -38.7865  0.918228
35.4 -38.7987  0.918735
35.41 -38.8109  0.919242
35.42 -38.8231  0.919749
35.43 -38.8354  0.920256
35.44 -38.8476  0.920763
35.45 -38.8598  0.92127
35.46 -38.872  0.921777
35.47 -38.8842  0.922284
35.48 -38.8964  0.922791
35.49 -38.9086  0.923298
35.5 -38.9208  0.923805
35.51 -38.933  0.924312
35.52 -38.9453  0.924819
35.53 -38.9575  0.925325
35.54 -38.9697  0.925832
35.55 -38.9819  0.926339
35.56 -38.9941  0.926846
35.57 -39.0063  0.927353
35.58 -39.0185  0.92786
35.59 -39.0307  0.928367
35.6 -39.043  0.928874
35.61 -39.0552  0.929381
35.62 -39.0674  0.929888
35.63 -39.0796  0.930395
35.64 -39.0918  0.930902
35.65 -39.104  0.931409
35.66 -39.1162  0.931916
35.67 -39.1284  0.932423
35.68 -39.1406  0.93293
35.69 -39.1529  0.933437
35.7 -39.1651  0.933944
35.71 -39.1773  0.934451
35.72 -39.1895  0.934958
35.73 -39.2017  0.935465
35.74 -39.2139  0.935972
35.75 -39.2261  0.936478
35.76 -39.2383  0.936985
35.77 -39.2505  0.937492
35.78 -39.2628  0.937999
35.79 -39.275  0.938506
35.8 -39.2872  0.939013
35.81 -39.2994  0.93952
35.82 -39.3116  0.940027
35.83 -39.3238  0.940534
35.84 -39.336  0.941041
35.85 -39.3482  0.941548
35.86 -39.3605  0.942055
35.87 -39.3727  0.942562
35.88 -39.3849  0.943069
35.89 -39.3971  0.943576
35.9 -39.4093  0.944083
35.91 -39.4215  0.94459
35.92 -39.4337  0.945097
35.93 -39.4459  0.945604
35.94 -39.4581  0.946111
35.95 -39.4704  0.946618
35.96 -39.4826  0.947125
35.97 -39.4948  0.947632
35.98 -39.507  0.948139
35.99 -39.5192  0.948646
36 -39.5314  0.949153
36.01 -39.5436  0.94966
36.02 -39.5558  0.950167
36.03 -39.568  0.950674
36.04 -39.5803  0.951181
36.05 -39.5925  0.951688
36.06 -39.6047  0.952195
36.07 -39.6169  0.952702
36.08 -39.6291  0.953209
36.09 -39.6413  0.953716
36.1 -39.6535  0.954223
36.11 -39.6657  0.95473
36.12 -39.678  0.955237
36.13 -39.6902  0.955744
36.14 -39.7024  0.956251
36.15 -39.7146  0.956758
36.16 -39.7268  0.957265
36.17 -39.739  0.957772
36.18 -39.7512  0.958279
36.19 -39.7634  0.958786
36.2 -39.7756  0.959293
36.21 -39.7879  0.9598
36.22 -39.8001  0.960307
36.23 -39.8123  0.960814
36.24 -39.8245  0.961321
36.25 -39.8367  0.961828
36.26 -39.8489  0.962335
36.27 -39.8611  0.962842
36.28 -39.8733  0.963349
36.29 -39.8855  0.963856
36.3 -39.8978  0.964363
36.31 -39.91  0.96487
36.32 -39.9222  0.965377
36.33 -39.9344  0.965884
36.34 -39.9466  0.966391
36.35 -39.9588  0.966898
36.36 -39.971  0.967405
36.37 -39.9832  0.967912
36.38 -39.9955  0.968419
36.39 -40.0077  0.968926
36.4 -40.0199  0.969433
36.41 -40.0321  0.96994
36.42 -40.0443  0.970447
36.43 -40.0565  0.970954
36.44 -40.0687  0.971461
36.45 -40.0809  0.971968
36.46 -40.0931  0.972475
36.47 -40.1054  0.972982
36.48 -40.1176  0.973489
36.49 -40.1298  0.973996
36.5 -40.142  0.974503
36.51 -40.1542  0.97501
36.52 -40.1664  0.975517
36.53 -40.1786  0.976024
36.54 -40.1908  0.976531
36.55 -40.2031  0.977038
36.56 -40.2153  0.977545
36.57 -40.2275  0.978052
36.58 -40.2397  0.978559
36.59 -40.2519  0.979066
36.6 -40.2641  0.979573
36.61 -40.2763  0.98008
36.62 -40.2885  0.980587
36.63 -40.3007  0.981094
36.64 -40.313  0.981601
36.65 -40.3252  0.982108
36.66 -40.3374  0.982615
36.67 -40.3496  0.983122
36.68 -40.3618  0.983629
36.69 -40.374  0.984136
36.7 -40.3862  0.984643
36.71 -40.3984  0.98515
36.72 -40.4106  0.985657
36.73 -40.4229  0.986164
36.74 -40.4351  0.986671
36.75 -40.4473  0.987178
36.76 -40.4595  0.987685
36.77 -40.4717  0.988192
36.78 -40.4839  0.988699
36.79 -40.4961  0.989206
36.8 -40.5083  0.989713
36.81 -40.5206  0.99022
36.82 -40.5328  0.990727
36.83 -40.545  0.991235
36.84 -40.5572  0.991742
36.85 -40.5694  0.992249
36.86 -40.5816  0.992756
36.87 -40.5938  0.993263
36.88 -40.606  0.99377
36.89 -40.6182  0.994277
36.9 -40.6305  0.994784
36.91 -40.6427  0.995291
36.92 -40.6549  0.995798
36.93 -40.6671  0.996305
36.94 -40.6793  0.996812
36.95 -40.6915  0.997319
36.96 -40.7037  0.997826
36.97 -40.7159  0.998333
36.98 -40.7281  0.99884
36.99 -40.7404  0.999347
37 -40.7526  0.999854
37.01 -40.7648  1.00036
37.02 -40.777  1.00087
37.03 -40.7892  1.00138
37.04 -40.8014  1.00188
37.05 -40.8136  1.00239
37.06 -40.8258  1.0029
37.07 -40.8381  1.0034
37.08 -40.8503  1.00391
37.09 -40.8625  1.00442
37.1 -40.8747  1.00492
37.11 -40.8869  1.00543
37.12 -40.8991  1.00594
37.13 -40.9113  1.00645
37.14 -40.9235  1.00695
37.15 -40.9357  1.00746
37.16 -40.948  1.00797
37.17 -40.9602  1.00847
37.18 -40.9724  1.00898
37.19 -40.9846  1.00949
37.2 -40.9968  1.01
37.21 -41.009  1.0105
37.22 -41.0212  1.01101
37.23 -41.0334  1.01152
37.24 -41.0457  1.01202
37.25 -41.0579  1.01253
37.26 -41.0701  1.01304
37.27 -41.0823  1.01354
37.28 -41.0945  1.01405
37.29 -41.1067  1.01456
37.3 -41.1189  1.01507
37.31 -41.1311  1.01557
37.32 -41.1433  1.01608
37.33 -41.1556  1.01659
37.34 -41.1678  1.01709
37.35 -41.18  1.0176
37.36 -41.1922  1.01811
37.37 -41.2044  1.01862
37.38 -41.2166  1.01912
37.39 -41.2288  1.01963
37.4 -41.241  1.02014
37.41 -41.2532  1.02064
37.42 -41.2655  1.02115
37.43 -41.2777  1.02166
37.44 -41.2899  1.02216
37.45 -41.3021  1.02267
37.46 -41.3143  1.02318
37.47 -41.3265  1.02369
37.48 -41.3387  1.02419
37.49 -41.3509  1.0247
37.5 -41.3632  1.02521
37.51 -41.3754  1.02571
37.52 -41.3876  1.02622
37.53 -41.3998  1.02673
37.54 -41.412  1.02724
37.55 -41.4242  1.02774
37.56 -41.4364  1.02825
37.57 -41.4486  1.02876
37.58 -41.4608  1.02926
37.59 -41.4731  1.02977
37.6 -41.4853  1.03028
37.61 -41.4975  1.03079
37.62 -41.5097  1.03129
37.63 -41.5219  1.0318
37.64 -41.5341  1.03231
37.65 -41.5463  1.03281
37.66 -41.5585  1.03332
37.67 -41.5708  1.03383
37.68 -41.583  1.03433
37.69 -41.5952  1.03484
37.7 -41.6074  1.03535
37.71 -41.6196  1.03586
37.72 -41.6318  1.03636
37.73 -41.644  1.03687
37.74 -41.6562  1.03738
37.75 -41.6684  1.03788
37.76 -41.6807  1.03839
37.77 -41.6929  1.0389
37.78 -41.7051  1.03941
37.79 -41.7173  1.03991
37.8 -41.7295  1.04042
37.81 -41.7417  1.04093
37.82 -41.7539  1.04143
37.83 -41.7661  1.04194
37.84 -41.7783  1.04245
37.85 -41.7906  1.04296
37.86 -41.8028  1.04346
37.87 -41.815  1.04397
37.88 -41.8272  1.04448
37.89 -41.8394  1.04498
37.9 -41.8516  1.04549
37.91 -41.8638  1.046
37.92 -41.876  1.04651
37.93 -41.8883  1.04701
37.94 -41.9005  1.04752
37.95 -41.9127  1.04803
37.96 -41.9249  1.04853
37.97 -41.9371  1.04904
37.98 -41.9493  1.04955
37.99 -41.9615  1.05006
38 -41.9737  1.05056
38.01 -41.9859  1.05107
38.02 -41.9982  1.05158
38.03 -42.0104  1.05208
38.04 -42.0226  1.05259
38.05 -42.0348  1.0531
38.06 -42.047  1.0536
38.07 -42.0592  1.05411
38.08 -42.0714  1.05462
38.09 -42.0836  1.05513
38.1 -42.0959  1.05563
38.11 -42.1081  1.05614
38.12 -42.1203  1.05665
38.13 -42.1325  1.05715
38.14 -42.1447  1.05766
38.15 -42.1569  1.05817
38.16 -42.1691  1.05868
38.17 -42.1813  1.05918
38.18 -42.1935  1.05969
38.19 -42.2058  1.0602
38.2 -42.218  1.0607
38.21 -42.2302  1.06121
38.22 -42.2424  1.06172
38.23 -42.2546  1.06223
38.24 -42.2668  1.06273
38.25 -42.279  1.06324
38.26 -42.2912  1.06375
38.27 -42.3035  1.06425
38.28 -42.3157  1.06476
38.29 -42.3279  1.06527
38.3 -42.3401  1.06578
38.31 -42.3523  1.06628
38.32 -42.3645  1.06679
38.33 -42.3767  1.0673
38.34 -42.3889  1.0678
38.35 -42.4011  1.06831
38.36 -42.4134  1.06882
38.37 -42.4256  1.06933
38.38 -42.4378  1.06983
38.39 -42.45  1.07034
38.4 -42.4622  1.07085
38.41 -42.4744  1.07135
38.42 -42.4866  1.07186
38.43 -42.4988  1.07237
38.44 -42.511  1.07288
38.45 -42.5233  1.07338
38.46 -42.5355  1.07389
38.47 -42.5477  1.0744
38.48 -42.5599  1.0749
38.49 -42.5721  1.07541
38.5 -42.5843  1.07592
38.51 -42.5965  1.07643
38.52 -42.6087  1.07693
38.53 -42.621  1.07744
38.54 -42.6332  1.07795
38.55 -42.6454  1.07845
38.56 -42.6576  1.07896
38.57 -42.6698  1.07947
38.58 -42.682  1.07998
38.59 -42.6942  1.08048
38.6 -42.7064  1.08099
38.61 -42.7186  1.0815
38.62 -42.7309  1.082
38.63 -42.7431  1.08251
38.64 -42.7553  1.08302
38.65 -42.7675  1.08353
38.66 -42.7797  1.08403
38.67 -42.7919  1.08454
38.68 -42.8041  1.08505
38.69 -42.8163  1.08555
38.7 -42.8286  1.08606
38.71 -42.8408  1.08657
38.72 -42.853  1.08708
38.73 -42.8652  1.08758
38.74 -42.8774  1.08809
38.75 -42.8896  1.0886
38.76 -42.9018  1.0891
38.77 -42.914  1.08961
38.78 -42.9262  1.09012
38.79 -42.9385  1.09063
38.8 -42.9507  1.09113
38.81 -42.9629  1.09164
38.82 -42.9751  1.09215
38.83 -42.9873  1.09265
38.84 -42.9995  1.09316
38.85 -43.0117  1.09367
38.86 -43.0239  1.09418
38.87 -43.0362  1.09468
38.88 -43.0484  1.09519
38.89 -43.0606  1.0957
38.9 -43.0728  1.0962
38.91 -43.085  1.09671
38.92 -43.0972  1.09722
38.93 -43.1094  1.09773
38.94 -43.1216  1.09823
38.95 -43.1338  1.09874
38.96 -43.1461  1.09925
38.97 -43.1583  1.09975
38.98 -43.1705  1.10026
38.99 -43.1827  1.10077
39 -43.1949  1.10128
39.01 -43.2071  1.10178
39.02 -43.2193  1.10229
39.03 -43.2315  1.1028
39.04 -43.2438  1.1033
39.05 -43.256  1.10381
39.06 -43.2682  1.10432
39.07 -43.2804  1.10483
39.08 -43.2926  1.10533
39.09 -43.3048  1.10584
39.1 -43.317  1.10635
39.11 -43.3292  1.10686
39.12 -43.3414  1.10736
39.13 -43.3537  1.10787
39.14 -43.3659  1.10838
39.15 -43.3781  1.10888
39.16 -43.3903  1.10939
39.17 -43.4025  1.1099
39.18 -43.4147  1.11041
39.19 -43.4269  1.11091
39.2 -43.4391  1.11142
39.21 -43.4513  1.11193
39.22 -43.4636  1.11243
39.23 -43.4758  1.11294
39.24 -43.488  1.11345
39.25 -43.5002  1.11396
39.26 -43.5124  1.11446
39.27 -43.5246  1.11497
39.28 -43.5368  1.11548
39.29 -43.549  1.11598
39.3 -43.5613  1.11649
39.31 -43.5735  1.117
39.32 -43.5857  1.11751
39.33 -43.5979  1.11801
39.34 -43.6101  1.11852
39.35 -43.6223  1.11903
39.36 -43.6345  1.11953
39.37 -43.6467  1.12004
39.38 -43.6589  1.12055
39.39 -43.6712  1.12106
39.4 -43.6834  1.12156
39.41 -43.6956  1.12207
39.42 -43.7078  1.12258
39.43 -43.72  1.12309
39.44 -43.7322  1.12359
39.45 -43.7444  1.1241
39.46 -43.7566  1.12461
39.47 -43.7689  1.12511
39.48 -43.7811  1.12562
39.49 -43.7933  1.12613
39.5 -43.8055  1.12664
39.51 -43.8177  1.12714
39.52 -43.8299  1.12765
39.53 -43.8421  1.12816
39.54 -43.8543  1.12866
39.55 -43.8665  1.12917
39.56 -43.8788  1.12968
39.57 -43.891  1.13019
39.58 -43.9032  1.13069
39.59 -43.9154  1.1312
39.6 -43.9276  1.13171
39.61 -43.9398  1.13221
39.62 -43.952  1.13272
39.63 -43.9642  1.13323
39.64 -43.9765  1.13374
39.65 -43.9887  1.13424
39.66 -44.0009  1.13475
39.67 -44.0131  1.13526
39.68 -44.0253  1.13577
39.69 -44.0375  1.13627
39.7 -44.0497  1.13678
39.71 -44.0619  1.13729
39.72 -44.0741  1.13779
39.73 -44.0864  1.1383
39.74 -44.0986  1.13881
39.75 -44.1108  1.13932
39.76 -44.123  1.13982
39.77 -44.1352  1.14033
39.78 -44.1474  1.14084
39.79 -44.1596  1.14134
39.8 -44.1718  1.14185
39.81 -44.1841  1.14236
39.82 -44.1963  1.14287
39.83 -44.2085  1.14337
39.84 -44.2207  1.14388
39.85 -44.2329  1.14439
39.86 -44.2451  1.1449
39.87 -44.2573  1.1454
39.88 -44.2695  1.14591
39.89 -44.2817  1.14642
39.9 -44.294  1.14692
39.91 -44.3062  1.14743
39.92 -44.3184  1.14794
39.93 -44.3306  1.14845
39.94 -44.3428  1.14895
39.95 -44.355  1.14946
39.96 -44.3672  1.14997
39.97 -44.3794  1.15047
39.98 -44.3917  1.15098
39.99 -44.4039  1.15149
