0 -0.999062  -0.997777
0.1 -0.996247  -0.991091
0.2 -0.991547  -0.979897
0.3 -0.984952  -0.964116
0.4 -0.976445  -0.943633
0.5 -0.966005  -0.918292
0.6 -0.95361  -0.887888
0.7 -0.93923  -0.852156
0.8 -0.922833  -0.810757
0.9 -0.904385  -0.763253
1 -0.883854  -0.709073
1.1 -0.861211  -0.647454
1.2 -0.836443  -0.577353
1.3 -0.809567  -0.497279
1.4 -0.780676  -0.404968
1.5 -0.750043  -0.296664
1.6 -0.718448  -0.165144
1.7 -0.688788  0.00821223
1.8 -0.701793  0.361658
1.9 -0.690701  0.463285
2 -0.613432  0.305634
2.1 -0.587777  -0.361681
2.2 -0.567082  -0.919011
2.3 -0.539941  -1.46853
2.4 -0.506847  -2.01247
2.5 -0.469285  -2.55112
2.6 -0.428881  -3.08507
2.7 -0.386836  -3.61511
2.8 -0.343889  -4.14207
2.9 -0.30046  -4.66658
3 -0.256786  -5.18915
3.1 -0.212999  -5.71017
3.2 -0.169175  -6.22991
3.3 -0.125357  -6.74859
3.4 -0.0815692  -7.26639
3.5 -0.0378253  -7.78344
3.6 0.00586803  -8.29984
3.7 0.0495077  -8.81568
3.8 0.093093  -9.33103
3.9 0.136625  -9.84594
4 0.180104  -10.3605
4.1 0.223534  -10.8747
4.2 0.266916  -11.3885
4.3 0.310252  -11.9021
4.4 0.353545  -12.4155
4.5 0.396797  -12.9286
4.6 0.44001  -13.4415
4.7 0.483187  -13.9542
4.8 0.526328  -14.4667
4.9 0.569437  -14.979
5 0.612514  -15.4912
5.1 0.655561  -16.0033
5.2 0.698581  -16.5152
5.3 0.741573  -17.027
5.4 0.78454  -17.5387
5.5 0.827483  -18.0502
5.6 0.870403  -18.5617
5.7 0.913301  -19.0731
5.8 0.956177  -19.5843
5.9 0.999034  -20.0955
6 1.04187  -20.6066
6.1 1.08469  -21.1177
6.2 1.12749  -21.6286
6.3 1.17028  -22.1395
6.4 1.21304  -22.6503
6.5 1.2558  -23.161
6.6 1.29853  -23.6717
6.7 1.34126  -24.1824
6.8 1.38397  -24.6929
6.9 1.42666  -25.2034
7 1.46935  -25.7139
7.1 1.51202  -26.2243
7.2 1.55468  -26.7347
7.3 1.59733  -27.245
7.4 1.63996  -27.7553
7.5 1.68259  -28.2655
7.6 1.7252  -28.7757
7.7 1.76781  -29.2859
7.8 1.81041  -29.796
7.9 1.85299  -30.3061
8 1.89557  -30.8162
8.1 1.93814  -31.3262
8.2 1.9807  -31.8362
8.3 2.02325  -32.3461
8.4 2.06579  -32.856
8.5 2.10833  -33.3659
8.6 2.15086  -33.8758
8.7 2.19338  -34.3856
8.8 2.23589  -34.8954
8.9 2.2784  -35.4052
9 2.3209  -35.915
9.1 2.36339  -36.4247
9.2 2.40588  -36.9344
9.3 2.44836  -37.4441
9.4 2.49084  -37.9538
9.5 2.53331  -38.4634
9.6 2.57577  -38.973
9.7 2.61823  -39.4826
9.8 2.66068  -39.9922
9.9 2.70312  -40.5018
10 2.74557  -41.0113
10.1 2.788  -41.5208
10.2 2.83043  -42.0304
10.3 2.87286  -42.5398
10.4 2.91528  -43.0493
10.5 2.9577  -43.5588
10.6 3.00011  -44.0682
10.7 3.04252  -44.5776
10.8 3.08492  -45.087
10.9 3.12732  -45.5964
11 3.16972  -46.1058
11.1 3.21211  -46.6151
11.2 3.25449  -47.1245
11.3 3.29688  -47.6338
11.4 3.33926  -48.1431
11.5 3.38163  -48.6524
11.6 3.424  -49.1617
11.7 3.46637  -49.671
11.8 3.50874  -50.1803
11.9 3.5511  -50.6895
12 3.59346  -51.1988
12.1 3.63581  -51.708
12.2 3.67816  -52.2172
12.3 3.72051  -52.7264
12.4 3.76285  -53.2356
12.5 3.8052  -53.7448
12.6 3.84753  -54.254
12.7 3.88987  -54.7631
12.8 3.9322  -55.2723
12.9 3.97453  -55.7814
13 4.01686  -56.2906
13.1 4.05918  -56.7997
13.2 4.10151  -57.3088
13.3 4.14382  -57.8179
13.4 4.18614  -58.327
13.5 4.22845  -58.8361
13.6 4.27077  -59.3451
13.7 4.31307  -59.8542
13.8 4.35538  -60.3633
13.9 4.39768  -60.8723
14 4.43999  -61.3814
14.1 4.48228  -61.8904
14.2 4.52458  -62.3994
14.3 4.56688  -62.9084
14.4 4.60917  -63.4174
14.5 4.65146  -63.9264
14.6 4.69375  -64.4354
14.7 4.73603  -64.9444
14.8 4.77832  -65.4534
14.9 4.8206  -65.9624
15 4.86288  -66.4713
15.1 4.90515  -66.9803
15.2 4.94743  -67.4893
15.3 4.9897  -67.9982
15.4 5.03197  -68.5071
15.5 5.07424  -69.0161
15.6 5.11651  -69.525
15.7 5.15878  -70.0339
15.8 5.20104  -70.5428
15.9 5.24331  -71.0517
16 5.28557  -71.5606
16.1 5.32783  -72.0695
16.2 5.37008  -72.5784
16.3 5.41234  -73.0873
16.4 5.45459  -73.5962
16.5 5.49684  -74.105
16.6 5.5391  -74.6139
16.7 5.58134  -75.1228
16.8 5.62359  -75.6316
16.9 5.66584  -76.1405
17 5.70808  -76.6493
17.1 5.75033  -77.1582
17.2 5.79257  -77.667
17.3 5.83481  -78.1758
17.4 5.87705  -78.6846
17.5 5.91928  -79.1935
17.6 5.96152  -79.7023
17.7 6.00375  -80.2111
17.8 6.04599  -80.7199
17.9 6.08822  -81.2287
18 6.13045  -81.7375
18.1 6.17268  -82.2463
18.2 6.2149  -82.7551
18.3 6.25713  -83.2638
18.4 6.29935  -83.7726
18.5 6.34158  -84.2814
18.6 6.3838  -84.7902
18.7 6.42602  -85.2989
18.8 6.46824  -85.8077
18.9 6.51046  -86.3164
19 6.55268  -86.8252
19.1 6.59489  -87.3339
19.2 6.63711  -87.8427
19.3 6.67932  -88.3514
19.4 6.72154  -88.8602
19.5 6.76375  -89.3689
19.6 6.80596  -89.8776
19.7 6.84817  -90.3863
19.8 6.89038  -90.8951
19.9 6.93258  -91.4038
20 6.97479  -91.9125
20.1 7.017  -92.4212
20.2 7.0592  -92.9299
20.3 7.1014  -93.4386
20.4 7.1436  -93.9473
20.5 7.18581  -94.456
20.6 7.22801  -94.9647
20.7 7.2702  -95.4734
20.8 7.3124  -95.9821
20.9 7.3546  -96.4908
21 7.3968  -96.9994
21.1 7.43899  -97.5081
21.2 7.48119  -98.0168
21.3 7.52338  -98.5255
21.4 7.56557  -99.0341
21.5 7.60776  -99.5428
21.6 7.64995  -100.051
21.7 7.69214  -100.56
21.8 7.73433  -101.069
21.9 7.77652  -101.577
22 7.81871  -102.086
22.1 7.86089  -102.595
22.2 7.90308  -103.103
22.3 7.94526  -103.612
22.4 7.98745  -104.121
22.5 8.02963  -104.629
22.6 8.07181  -105.138
22.7 8.11399  -105.647
22.8 8.15617  -106.155
22.9 8.19835  -106.664
23 8.24053  -107.172
23.1 8.28271  -107.681
23.2 8.32489  -108.19
23.3 8.36706  -108.698
23.4 8.40924  -109.207
23.5 8.45141  -109.715
23.6 8.49359  -110.224
23.7 8.53576  -110.733
23.8 8.57793  -111.241
23.9 8.62011  -111.75
24 8.66228  -112.258
24.1 8.70445  -112.767
24.2 8.74662  -113.276
24.3 8.78879  -113.784
24.4 8.83096  -114.293
24.5 8.87312  -114.801
24.6 8.91529  -115.31
24.7 8.95746  -115.819
24.8 8.99962  -116.327
24.9 9.04179  -116.836
25 9.08395  -117.344
25.1 9.12612  -117.853
25.2 9.16828  -118.361
25.3 9.21044  -118.87
25.4 9.2526  -119.379
25.5 9.29476  -119.887
25.6 9.33692  -120.396
25.7 9.37908  -120.904
25.8 9.42124  -121.413
25.9 9.4634  -121.921
26 9.50556  -122.43
26.1 9.54772  -122.938
26.2 9.58988  -123.447
26.3 9.63203  -123.956
26.4 9.67419  -124.464
26.5 9.71634  -124.973
26.6 9.7585  -125.481
26.7 9.80065  -125.99
26.8 9.8428  -126.498
26.9 9.88496  -127.007
27 9.92711  -127.515
27.1 9.96926  -128.024
27.2 10.0114  -128.532
27.3 10.0536  -129.041
27.4 10.0957  -129.549
27.5 10.1379  -130.058
27.6 10.18  -130.566
27.7 10.2222  -131.075
27.8 10.2643  -131.583
27.9 10.3065  -132.092
28 10.3486  -132.6
28.1 10.3907  -133.109
28.2 10.4329  -133.618
28.3 10.475  -134.126
28.4 10.5172  -134.635
28.5 10.5593  -135.143
28.6 10.6015  -135.652
28.7 10.6436  -136.16
28.8 10.6858  -136.669
28.9 10.7279  -137.177
29 10.77  -137.686
29.1 10.8122  -138.194
29.2 10.8543  -138.703
29.3 10.8965  -139.211
29.4 10.9386  -139.72
29.5 10.9807  -140.228
29.6 11.0229  -140.736
29.7 11.065  -141.245
29.8 11.1072  -141.753
29.9 11.1493  -142.262
30 11.1914  -142.77
30.1 11.2336  -143.279
30.2 11.2757  -143.787
30.3 11.3178  -144.296
30.4 11.36  -144.804
30.5 11.4021  -145.313
30.6 11.4443  -145.821
30.7 11.4864  -146.33
30.8 11.5285  -146.838
30.9 11.5707  -147.347
31 11.6128  -147.855
31.1 11.6549  -148.364
31.2 11.6971  -148.872
31.3 11.7392  -149.381
31.4 11.7813  -149.889
31.5 11.8234  -150.397
31.6 11.8656  -150.906
31.7 11.9077  -151.414
31.8 11.9498  -151.923
31.9 11.992  -152.431
32 12.0341  -152.94
32.1 12.0762  -153.448
32.2 12.1184  -153.957
32.3 12.1605  -154.465
32.4 12.2026  -154.974
32.5 12.2447  -155.482
32.6 12.2869  -155.99
32.7 12.329  -156.499
32.8 12.3711  -157.007
32.9 12.4132  -157.516
33 12.4554  -158.024
33.1 12.4975  -158.533
33.2 12.5396  -159.041
33.3 12.5817  -159.55
33.4 12.6239  -160.058
33.5 12.666  -160.566
33.6 12.7081  -161.075
33.7 12.7502  -161.583
33.8 12.7924  -162.092
33.9 12.8345  -162.6
34 12.8766  -163.109
34.1 12.9187  -163.617
34.2 12.9608  -164.125
34.3 13.003  -164.634
34.4 13.0451  -165.142
34.5 13.0872  -165.651
34.6 13.1293  -166.159
34.7 13.1714  -166.668
34.8 13.2136  -167.176
34.9 13.2557  -167.684
35 13.2978  -168.193
35.1 13.3399  -168.701
35.2 13.382  -169.21
35.3 13.4242  -169.718
35.4 13.4663  -170.226
35.5 13.5084  -170.735
35.6 13.5505  -171.243
35.7 13.5926  -171.752
35.8 13.6347  -172.26
35.9 13.6769  -172.769
36 13.719  -173.277
36.1 13.7611  -173.785
36.2 13.8032  -174.294
36.3 13.8453  -174.802
36.4 13.8874  -175.311
36.5 13.9295  -175.819
36.6 13.9717  -176.327
36.7 14.0138  -176.836
36.8 14.0559  -177.344
36.9 14.098  -177.853
37 14.1401  -178.361
37.1 14.1822  -178.869
37.2 14.2243  -179.378
37.3 14.2664  -179.886
37.4 14.3086  -180.395
37.5 14.3507  -180.903
37.6 14.3928  -181.411
37.7 14.4349  -181.92
37.8 14.477  -182.428
37.9 14.5191  -182.937
38 14.5612  -183.445
38.1 14.6033  -183.953
38.2 14.6454  -184.462
38.3 14.6875  -184.97
38.4 14.7297  -185.478
38.5 14.7718  -185.987
38.6 14.8139  -186.495
38.7 14.856  -187.004
38.8 14.8981  -187.512
38.9 14.9402  -188.02
39 14.9823  -188.529
39.1 15.0244  -189.037
39.2 15.0665  -189.545
39.3 15.1086  -190.054
39.4 15.1507  -190.562
39.5 15.1928  -191.071
39.6 15.2349  -191.579
39.7 15.277  -192.087
39.8 15.3191  -192.596
39.9 15.3612  -193.104
40 15.4034  -193.612
40.1 15.4455  -194.121
40.2 15.4876  -194.629
40.3 15.5297  -195.138
40.4 15.5718  -195.646
40.5 15.6139  -196.154
40.6 15.656  -196.663
40.7 15.6981  -197.171
40.8 15.7402  -197.679
40.9 15.7823  -198.188
41 15.8244  -198.696
41.1 15.8665  -199.205
41.2 15.9086  -199.713
41.3 15.9507  -200.221
41.4 15.9928  -200.73
41.5 16.0349  -201.238
41.6 16.077  -201.746
41.7 16.1191  -202.255
41.8 16.1612  -202.763
41.9 16.2033  -203.271
42 16.2454  -203.78
42.1 16.2875  -204.288
42.2 16.3296  -204.796
42.3 16.3717  -205.305
42.4 16.4138  -205.813
42.5 16.4559  -206.322
42.6 16.498  -206.83
42.7 16.5401  -207.338
42.8 16.5822  -207.847
42.9 16.6243  -208.355
43 16.6664  -208.863
43.1 16.7085  -209.372
43.2 16.7506  -209.88
43.3 16.7927  -210.388
43.4 16.8348  -210.897
43.5 16.8769  -211.405
43.6 16.919  -211.913
43.7 16.9611  -212.422
43.8 17.0032  -212.93
43.9 17.0453  -213.438
44 17.0873  -213.947
44.1 17.1294  -214.455
44.2 17.1715  -214.963
44.3 17.2136  -215.472
44.4 17.2557  -215.98
44.5 17.2978  -216.488
44.6 17.3399  -216.997
44.7 17.382  -217.505
44.8 17.4241  -218.013
44.9 17.4662  -218.522
45 17.5083  -219.03
45.1 17.5504  -219.539
45.2 17.5925  -220.047
45.3 17.6346  -220.555
45.4 17.6767  -221.064
45.5 17.7188  -221.572
45.6 17.7609  -222.08
45.7 17.8029  -222.589
45.8 17.845  -223.097
45.9 17.8871  -223.605
46 17.9292  -224.114
46.1 17.9713  -224.622
46.2 18.0134  -225.13
46.3 18.0555  -225.638
46.4 18.0976  -226.147
46.5 18.1397  -226.655
46.6 18.1818  -227.163
46.7 18.2239  -227.672
46.8 18.266  -228.18
46.9 18.308  -228.688
47 18.3501  -229.197
47.1 18.3922  -229.705
47.2 18.4343  -230.213
47.3 18.4764  -230.722
47.4 18.5185  -231.23
47.5 18.5606  -231.738
47.6 18.6027  -232.247
47.7 18.6448  -232.755
47.8 18.6868  -233.263
47.9 18.7289  -233.772
48 18.771  -234.28
48.1 18.8131  -234.788
48.2 18.8552  -235.297
48.3 18.8973  -235.805
48.4 18.9394  -236.313
48.5 18.9815  -236.822
48.6 19.0236  -237.33
48.7 19.0656  -237.838
48.8 19.1077  -238.347
48.9 19.1498  -238.855
49 19.1919  -239.363
49.1 19.234  -239.871
49.2 19.2761  -240.38
49.3 19.3182  -240.888
49.4 19.3602  -241.396
49.5 19.4023  -241.905
49.6 19.4444  -242.413
49.7 19.4865  -242.921
49.8 19.5286  -243.43
49.9 19.5707  -243.938
50 19.6128  -244.446
50.1 19.6548  -244.955
50.2 19.6969  -245.463
50.3 19.739  -245.971
50.4 19.7811  -246.48
50.5 19.8232  -246.988
50.6 19.8653  -247.496
50.7 19.9074  -248.004
50.8 19.9494  -248.513
50.9 19.9915  -249.021
51 20.0336  -249.529
51.1 20.0757  -250.038
51.2 20.1178  -250.546
51.3 20.1599  -251.054
51.4 20.2019  -251.563
51.5 20.244  -252.071
51.6 20.2861  -252.579
51.7 20.3282  -253.087
51.8 20.3703  -253.596
51.9 20.4124  -254.104
52 20.4544  -254.612
52.1 20.4965  -255.121
52.2 20.5386  -255.629
52.3 20.5807  -256.137
52.4 20.6228  -256.646
52.5 20.6648  -257.154
52.6 20.7069  -257.662
52.7 20.749  -258.17
52.8 20.7911  -258.679
52.9 20.8332  -259.187
53 20.8752  -259.695
53.1 20.9173  -260.204
53.2 20.9594  -260.712
53.3 21.0015  -261.22
53.4 21.0436  -261.728
53.5 21.0857  -262.237
53.6 21.1277  -262.745
53.7 21.1698  -263.253
53.8 21.2119  -263.762
53.9 21.254  -264.27
54 21.2961  -264.778
54.1 21.3381  -265.287
54.2 21.3802  -265.795
54.3 21.4223  -266.303
54.4 21.4644  -266.811
54.5 21.5064  -267.32
54.6 21.5485  -267.828
54.7 21.5906  -268.336
54.8 21.6327  -268.845
54.9 21.6748  -269.353
55 21.7168  -269.861
55.1 21.7589  -270.369
55.2 21.801  -270.878
55.3 21.8431  -271.386
55.4 21.8852  -271.894
55.5 21.9272  -272.403
55.6 21.9693  -272.911
55.7 22.0114  -273.419
55.8 22.0535  -273.927
55.9 22.0955  -274.436
56 22.1376  -274.944
56.1 22.1797  -275.452
56.2 22.2218  -275.961
56.3 22.2638  -276.469
56.4 22.3059  -276.977
56.5 22.348  -277.485
56.6 22.3901  -277.994
56.7 22.4322  -278.502
56.8 22.4742  -279.01
56.9 22.5163  -279.518
57 22.5584  -280.027
57.1 22.6005  -280.535
57.2 22.6425  -281.043
57.3 22.6846  -281.552
57.4 22.7267  -282.06
57.5 22.7688  -282.568
57.6 22.8108  -283.076
57.7 22.8529  -283.585
57.8 22.895  -284.093
57.9 22.9371  -284.601
58 22.9791  -285.11
58.1 23.0212  -285.618
58.2 23.0633  -286.126
58.3 23.1054  -286.634
58.4 23.1474  -287.143
58.5 23.1895  -287.651
58.6 23.2316  -288.159
58.7 23.2737  -288.667
58.8 23.3157  -289.176
58.9 23.3578  -289.684
59 23.3999  -290.192
59.1 23.442  -290.701
59.2 23.484  -291.209
59.3 23.5261  -291.717
59.4 23.5682  -292.225
59.5 23.6102  -292.734
59.6 23.6523  -293.242
59.7 23.6944  -293.75
59.8 23.7365  -294.258
59.9 23.7785  -294.767
60 23.8206  -295.275
60.1 23.8627  -295.783
60.2 23.9048  -296.291
60.3 23.9468  -296.8
60.4 23.9889  -297.308
60.5 24.031  -297.816
60.6 24.073  -298.325
60.7 24.1151  -298.833
60.8 24.1572  -299.341
60.9 24.1993  -299.849
61 24.2413  -300.358
61.1 24.2834  -300.866
61.2 24.3255  -301.374
61.3 24.3675  -301.882
61.4 24.4096  -302.391
61.5 24.4517  -302.899
61.6 24.4938  -303.407
61.7 24.5358  -303.915
61.8 24.5779  -304.424
61.9 24.62  -304.932
62 24.662  -305.44
62.1 24.7041  -305.948
62.2 24.7462  -306.457
62.3 24.7883  -306.965
62.4 24.8303  -307.473
62.5 24.8724  -307.981
62.6 24.9145  -308.49
62.7 24.9565  -308.998
62.8 24.9986  -309.506
62.9 25.0407  -310.015
63 25.0827  -310.523
63.1 25.1248  -311.031
63.2 25.1669  -311.539
63.3 25.2089  -312.048
63.4 25.251  -312.556
63.5 25.2931  -313.064
63.6 25.3352  -313.572
63.7 25.3772  -314.081
63.8 25.4193  -314.589
63.9 25.4614  -315.097
64 25.5034  -315.605
64.1 25.5455  -316.114
64.2 25.5876  -316.622
64.3 25.6296  -317.13
64.4 25.6717  -317.638
64.5 25.7138  -318.147
64.6 25.7558  -318.655
64.7 25.7979  -319.163
64.8 25.84  -319.671
64.9 25.882  -320.18
65 25.9241  -320.688
65.1 25.9662  -321.196
65.2 26.0082  -321.704
65.3 26.0503  -322.213
65.4 26.0924  -322.721
65.5 26.1345  -323.229
65.6 26.1765  -323.737
65.7 26.2186  -324.246
65.8 26.2607  -324.754
65.9 26.3027  -325.262
66 26.3448  -325.77
66.1 26.3869  -326.279
66.2 26.4289  -326.787
66.3 26.471  -327.295
66.4 26.5131  -327.803
66.5 26.5551  -328.312
66.6 26.5972  -328.82
66.7 26.6393  -329.328
66.8 26.6813  -329.836
66.9 26.7234  -330.345
67 26.7655  -330.853
67.1 26.8075  -331.361
67.2 26.8496  -331.869
67.3 26.8916  -332.378
67.4 26.9337  -332.886
67.5 26.9758  -333.394
67.6 27.0178  -333.902
67.7 27.0599  -334.411
67.8 27.102  -334.919
67.9 27.144  -335.427
68 27.1861  -335.935
68.1 27.2282  -336.444
68.2 27.2702  -336.952
68.3 27.3123  -337.46
68.4 27.3544  -337.968
68.5 27.3964  -338.476
68.6 27.4385  -338.985
68.7 27.4806  -339.493
68.8 27.5226  -340.001
68.9 27.5647  -340.509
69 27.6068  -341.018
69.1 27.6488  -341.526
69.2 27.6909  -342.034
69.3 27.7329  -342.542
69.4 27.775  -343.051
69.5 27.8171  -343.559
69.6 27.8591  -344.067
69.7 27.9012  -344.575
69.8 27.9433  -345.084
69.9 27.9853  -345.592
70 28.0274  -346.1
70.1 28.0695  -346.608
70.2 28.1115  -347.117
70.3 28.1536  -347.625
70.4 28.1957  -348.133
70.5 28.2377  -348.641
70.6 28.2798  -349.15
70.7 28.3218  -349.658
70.8 28.3639  -350.166
70.9 28.406  -350.674
71 28.448  -351.182
71.1 28.4901  -351.691
71.2 28.5322  -352.199
71.3 28.5742  -352.707
71.4 28.6163  -353.215
71.5 28.6583  -353.724
71.6 28.7004  -354.232
71.7 28.7425  -354.74
71.8 28.7845  -355.248
71.9 28.8266  -355.757
72 28.8687  -356.265
72.1 28.9107  -356.773
72.2 28.9528  -357.281
72.3 28.9948  -357.789
72.4 29.0369  -358.298
72.5 29.079  -358.806
72.6 29.121  -359.314
72.7 29.1631  -359.822
72.8 29.2052  -360.331
72.9 29.2472  -360.839
73 29.2893  -361.347
73.1 29.3313  -361.855
73.2 29.3734  -362.364
73.3 29.4155  -362.872
73.4 29.4575  -363.38
73.5 29.4996  -363.888
73.6 29.5416  -364.396
73.7 29.5837  -364.905
73.8 29.6258  -365.413
73.9 29.6678  -365.921
74 29.7099  -366.429
74.1 29.7519  -366.938
74.2 29.794  -367.446
74.3 29.8361  -367.954
74.4 29.8781  -368.462
74.5 29.9202  -368.971
74.6 29.9622  -369.479
74.7 30.0043  -369.987
74.8 30.0464  -370.495
74.9 30.0884  -371.003
75 30.1305  -371.512
75.1 30.1725  -372.02
75.2 30.2146  -372.528
75.3 30.2567  -373.036
75.4 30.2987  -373.545
75.5 30.3408  -374.053
75.6 30.3828  -374.561
75.7 30.4249  -375.069
75.8 30.467  -375.577
75.9 30.509  -376.086
76 30.5511  -376.594
76.1 30.5931  -377.102
76.2 30.6352  -377.61
76.3 30.6773  -378.119
76.4 30.7193  -378.627
76.5 30.7614  -379.135
76.6 30.8034  -379.643
76.7 30.8455  -380.151
76.8 30.8876  -380.66
76.9 30.9296  -381.168
77 30.9717  -381.676
77.1 31.0137  -382.184
77.2 31.0558  -382.693
77.3 31.0979  -383.201
77.4 31.1399  -383.709
77.5 31.182  -384.217
77.6 31.224  -384.725
77.7 31.2661  -385.234
77.8 31.3081  -385.742
77.9 31.3502  -386.25
78 31.3923  -386.758
78.1 31.4343  -387.267
78.2 31.4764  -387.775
78.3 31.5184  -388.283
78.4 31.5605  -388.791
78.5 31.6026  -389.299
78.6 31.6446  -389.808
78.7 31.6867  -390.316
78.8 31.7287  -390.824
78.9 31.7708  -391.332
79 31.8128  -391.841
79.1 31.8549  -392.349
79.2 31.897  -392.857
79.3 31.939  -393.365
79.4 31.9811  -393.873
79.5 32.0231  -394.382
79.6 32.0652  -394.89
79.7 32.1072  -395.398
79.8 32.1493  -395.906
79.9 32.1914  -396.415
80 32.2334  -396.923
80.1 32.2755  -397.431
80.2 32.3175  -397.939
80.3 32.3596  -398.447
80.4 32.4016  -398.956
80.5 32.4437  -399.464
80.6 32.4858  -399.972
80.7 32.5278  -400.48
80.8 32.5699  -400.988
80.9 32.6119  -401.497
81 32.654  -402.005
81.1 32.696  -402.513
81.2 32.7381  -403.021
81.3 32.7802  -403.53
81.4 32.8222  -404.038
81.5 32.8643  -404.546
81.6 32.9063  -405.054
81.7 32.9484  -405.562
81.8 32.9904  -406.071
81.9 33.0325  -406.579
82 33.0745  -407.087
82.1 33.1166  -407.595
82.2 33.1587  -408.103
82.3 33.2007  -408.612
82.4 33.2428  -409.12
82.5 33.2848  -409.628
82.6 33.3269  -410.136
82.7 33.3689  -410.644
82.8 33.411  -411.153
82.9 33.453  -411.661
83 33.4951  -412.169
83.1 33.5372  -412.677
83.2 33.5792  -413.186
83.3 33.6213  -413.694
83.4 33.6633  -414.202
83.5 33.7054  -414.71
83.6 33.7474  -415.218
83.7 33.7895  -415.727
83.8 33.8315  -416.235
83.9 33.8736  -416.743
84 33.9157  -417.251
84.1 33.9577  -417.759
84.2 33.9998  -418.268
84.3 34.0418  -418.776
84.4 34.0839  -419.284
84.5 34.1259  -419.792
84.6 34.168  -420.3
84.7 34.21  -420.809
84.8 34.2521  -421.317
84.9 34.2941  -421.825
85 34.3362  -422.333
85.1 34.3783  -422.842
85.2 34.4203  -423.35
85.3 34.4624  -423.858
85.4 34.5044  -424.366
85.5 34.5465  -424.874
85.6 34.5885  -425.383
85.7 34.6306  -425.891
85.8 34.6726  -426.399
85.9 34.7147  -426.907
86 34.7567  -427.415
86.1 34.7988  -427.924
86.2 34.8408  -428.432
86.3 34.8829  -428.94
86.4 34.925  -429.448
86.5 34.967  -429.956
86.6 35.0091  -430.465
86.7 35.0511  -430.973
86.8 35.0932  -431.481
86.9 35.1352  -431.989
87 35.1773  -432.497
87.1 35.2193  -433.006
87.2 35.2614  -433.514
87.3 35.3034  -434.022
87.4 35.3455  -434.53
87.5 35.3875  -435.038
87.6 35.4296  -435.547
87.7 35.4716  -436.055
87.8 35.5137  -436.563
87.9 35.5557  -437.071
88 35.5978  -437.579
88.1 35.6399  -438.088
88.2 35.6819  -438.596
88.3 35.724  -439.104
88.4 35.766  -439.612
88.5 35.8081  -440.12
88.6 35.8501  -440.629
88.7 35.8922  -441.137
88.8 35.9342  -441.645
88.9 35.9763  -442.153
89 36.0183  -442.661
89.1 36.0604  -443.17
89.2 36.1024  -443.678
89.3 36.1445  -444.186
89.4 36.1865  -444.694
89.5 36.2286  -445.202
89.6 36.2706  -445.711
89.7 36.3127  -446.219
89.8 36.3547  -446.727
89.9 36.3968  -447.235
90 36.4388  -447.743
90.1 36.4809  -448.252
90.2 36.523  -448.76
90.3 36.565  -449.268
90.4 36.6071  -449.776
90.5 36.6491  -450.284
90.6 36.6912  -450.793
90.7 36.7332  -451.301
90.8 36.7753  -451.809
90.9 36.8173  -452.317
91 36.8594  -452.825
91.1 36.9014  -453.334
91.2 36.9435  -453.842
91.3 36.9855  -454.35
91.4 37.0276  -454.858
91.5 37.0696  -455.366
91.6 37.1117  -455.875
91.7 37.1537  -456.383
91.8 37.1958  -456.891
91.9 37.2378  -457.399
92 37.2799  -457.907
92.1 37.3219  -458.416
92.2 37.364  -458.924
92.3 37.406  -459.432
92.4 37.4481  -459.94
92.5 37.4901  -460.448
92.6 37.5322  -460.957
92.7 37.5742  -461.465
92.8 37.6163  -461.973
92.9 37.6583  -462.481
93 37.7004  -462.989
93.1 37.7424  -463.498
93.2 37.7845  -464.006
93.3 37.8265  -464.514
93.4 37.8686  -465.022
93.5 37.9106  -465.53
93.6 37.9527  -466.039
93.7 37.9947  -466.547
93.8 38.0368  -467.055
93.9 38.0788  -467.563
94 38.1209  -468.071
94.1 38.1629  -468.58
94.2 38.205  -469.088
94.3 38.247  -469.596
94.4 38.2891  -470.104
94.5 38.3311  -470.612
94.6 38.3732  -471.12
94.7 38.4152  -471.629
94.8 38.4573  -472.137
94.9 38.4993  -472.645
95 38.5414  -473.153
95.1 38.5834  -473.661
95.2 38.6255  -474.17
95.3 38.6675  -474.678
95.4 38.7096  -475.186
95.5 38.7516  -475.694
95.6 38.7937  -476.202
95.7 38.8357  -476.711
95.8 38.8778  -477.219
95.9 38.9198  -477.727
96 38.9619  -478.235
96.1 39.0039  -478.743
96.2 39.046  -479.252
96.3 39.088  -479.76
96.4 39.1301  -480.268
96.5 39.1721  -480.776
96.6 39.2142  -481.284
96.7 39.2562  -481.792
96.8 39.2983  -482.301
96.9 39.3403  -482.809
97 39.3824  -483.317
97.1 39.4244  -483.825
97.2 39.4665  -484.333
97.3 39.5085  -484.842
97.4 39.5506  -485.35
97.5 39.5926  -485.858
97.6 39.6347  -486.366
97.7 39.6767  -486.874
97.8 39.7188  -487.383
97.9 39.7608  -487.891
98 39.8029  -488.399
98.1 39.8449  -488.907
98.2 39.887  -489.415
98.3 39.929  -489.924
98.4 39.9711  -490.432
98.5 40.0131  -490.94
98.6 40.0552  -491.448
98.7 40.0972  -491.956
98.8 40.1392  -492.464
98.9 40.1813  -492.973
99 40.2233  -493.481
99.1 40.2654  -493.989
99.2 40.3074  -494.497
99.3 40.3495  -495.005
99.4 40.3915  -495.514
99.5 40.4336  -496.022
99.6 40.4756  -496.53
99.7 40.5177  -497.038
99.8 40.5597  -497.546
99.9 40.6018  -498.055
100 40.6438  -498.563
100.1 40.6859  -499.071
100.2 40.7279  -499.579
100.3 40.77  -500.087
100.4 40.812  -500.595
100.5 40.8541  -501.104
100.6 40.8961  -501.612
100.7 40.9382  -502.12
100.8 40.9802  -502.628
100.9 41.0223  -503.136
101 41.0643  -503.645
101.1 41.1063  -504.153
101.2 41.1484  -504.661
101.3 41.1904  -505.169
101.4 41.2325  -505.677
101.5 41.2745  -506.185
101.6 41.3166  -506.694
101.7 41.3586  -507.202
101.8 41.4007  -507.71
101.9 41.4427  -508.218
102 41.4848  -508.726
102.1 41.5268  -509.235
102.2 41.5689  -509.743
102.3 41.6109  -510.251
102.4 41.653  -510.759
102.5 41.695  -511.267
102.6 41.7371  -511.775
102.7 41.7791  -512.284
102.8 41.8211  -512.792
102.9 41.8632  -513.3
103 41.9052  -513.808
103.1 41.9473  -514.316
103.2 41.9893  -514.825
103.3 42.0314  -515.333
103.4 42.0734  -515.841
103.5 42.1155  -516.349
103.6 42.1575  -516.857
103.7 42.1996  -517.365
103.8 42.2416  -517.874
103.9 42.2837  -518.382
104 42.3257  -518.89
104.1 42.3678  -519.398
104.2 42.4098  -519.906
104.3 42.4518  -520.415
104.4 42.4939  -520.923
104.5 42.5359  -521.431
104.6 42.578  -521.939
104.7 42.62  -522.447
104.8 42.6621  -522.955
104.9 42.7041  -523.464
105 42.7462  -523.972
105.1 42.7882  -524.48
105.2 42.8303  -524.988
105.3 42.8723  -525.496
105.4 42.9144  -526.005
105.5 42.9564  -526.513
105.6 42.9984  -527.021
105.7 43.0405  -527.529
105.8 43.0825  -528.037
105.9 43.1246  -528.545
106 43.1666  -529.054
106.1 43.2087  -529.562
106.2 43.2507  -530.07
106.3 43.2928  -530.578
106.4 43.3348  -531.086
106.5 43.3769  -531.595
106.6 43.4189  -532.103
106.7 43.4609  -532.611
106.8 43.503  -533.119
106.9 43.545  -533.627
107 43.5871  -534.135
107.1 43.6291  -534.644
107.2 43.6712  -535.152
107.3 43.7132  -535.66
107.4 43.7553  -536.168
107.5 43.7973  -536.676
107.6 43.8394  -537.184
107.7 43.8814  -537.693
107.8 43.9234  -538.201
107.9 43.9655  -538.709
108 44.0075  -539.217
108.1 44.0496  -539.725
108.2 44.0916  -540.234
108.3 44.1337  -540.742
108.4 44.1757  -541.25
108.5 44.2178  -541.758
108.6 44.2598  -542.266
108.7 44.3018  -542.774
108.8 44.3439  -543.283
108.9 44.3859  -543.791
109 44.428  -544.299
109.1 44.47  -544.807
109.2 44.5121  -545.315
109.3 44.5541  -545.823
109.4 44.5962  -546.332
109.5 44.6382  -546.84
109.6 44.6803  -547.348
109.7 44.7223  -547.856
109.8 44.7643  -548.364
109.9 44.8064  -548.873
110 44.8484  -549.381
110.1 44.8905  -549.889
110.2 44.9325  -550.397
110.3 44.9746  -550.905
110.4 45.0166  -551.413
110.5 45.0587  -551.922
110.6 45.1007  -552.43
110.7 45.1427  -552.938
110.8 45.1848  -553.446
110.9 45.2268  -553.954
111 45.2689  -554.462
111.1 45.3109  -554.971
111.2 45.353  -555.479
111.3 45.395  -555.987
111.4 45.437  -556.495
111.5 45.4791  -557.003
111.6 45.5211  -557.512
111.7 45.5632  -558.02
111.8 45.6052  -558.528
111.9 45.6473  -559.036
112 45.6893  -559.544
112.1 45.7314  -560.052
112.2 45.7734  -560.561
112.3 45.8154  -561.069
112.4 45.8575  -561.577
112.5 45.8995  -562.085
112.6 45.9416  -562.593
112.7 45.9836  -563.101
112.8 46.0257  -563.61
112.9 46.0677  -564.118
113 46.1097  -564.626
113.1 46.1518  -565.134
113.2 46.1938  -565.642
113.3 46.2359  -566.15
113.4 46.2779  -566.659
113.5 46.32  -567.167
113.6 46.362  -567.675
113.7 46.4041  -568.183
113.8 46.4461  -568.691
113.9 46.4881  -569.199
114 46.5302  -569.708
114.1 46.5722  -570.216
114.2 46.6143  -570.724
114.3 46.6563  -571.232
114.4 46.6984  -571.74
114.5 46.7404  -572.248
114.6 46.7824  -572.757
114.7 46.8245  -573.265
114.8 46.8665  -573.773
114.9 46.9086  -574.281
115 46.9506  -574.789
115.1 46.9927  -575.298
115.2 47.0347  -575.806
115.3 47.0767  -576.314
115.4 47.1188  -576.822
115.5 47.1608  -577.33
115.6 47.2029  -577.838
115.7 47.2449  -578.347
115.8 47.287  -578.855
115.9 47.329  -579.363
116 47.371  -579.871
116.1 47.4131  -580.379
116.2 47.4551  -580.887
116.3 47.4972  -581.396
116.4 47.5392  -581.904
116.5 47.5813  -582.412
116.6 47.6233  -582.92
116.7 47.6653  -583.428
116.8 47.7074  -583.936
116.9 47.7494  -584.445
117 47.7915  -584.953
117.1 47.8335  -585.461
117.2 47.8756  -585.969
117.3 47.9176  -586.477
117.4 47.9596  -586.985
117.5 48.0017  -587.494
117.6 48.0437  -588.002
117.7 48.0858  -588.51
117.8 48.1278  -589.018
117.9 48.1698  -589.526
118 48.2119  -590.034
118.1 48.2539  -590.543
118.2 48.296  -591.051
118.3 48.338  -591.559
118.4 48.3801  -592.067
118.5 48.4221  -592.575
118.6 48.4641  -593.083
118.7 48.5062  -593.592
118.8 48.5482  -594.1
118.9 48.5903  -594.608
119 48.6323  -595.116
119.1 48.6744  -595.624
119.2 48.7164  -596.132
119.3 48.7584  -596.641
119.4 48.8005  -597.149
119.5 48.8425  -597.657
119.6 48.8846  -598.165
119.7 48.9266  -598.673
119.8 48.9686  -599.181
119.9 49.0107  -599.69
120 49.0527  -600.198
120.1 49.0948  -600.706
120.2 49.1368  -601.214
120.3 49.1789  -601.722
120.4 49.2209  -602.23
120.5 49.2629  -602.739
120.6 49.305  -603.247
120.7 49.347  -603.755
120.8 49.3891  -604.263
120.9 49.4311  -604.771
121 49.4731  -605.279
121.1 49.5152  -605.788
121.2 49.5572  -606.296
121.3 49.5993  -606.804
121.4 49.6413  -607.312
121.5 49.6834  -607.82
121.6 49.7254  -608.328
121.7 49.7674  -608.837
121.8 49.8095  -609.345
121.9 49.8515  -609.853
122 49.8936  -610.361
122.1 49.9356  -610.869
122.2 49.9776  -611.377
122.3 50.0197  -611.886
122.4 50.0617  -612.394
122.5 50.1038  -612.902
122.6 50.1458  -613.41
122.7 50.1878  -613.918
122.8 50.2299  -614.426
122.9 50.2719  -614.935
123 50.314  -615.443
123.1 50.356  -615.951
123.2 50.3981  -616.459
123.3 50.4401  -616.967
123.4 50.4821  -617.475
123.5 50.5242  -617.984
123.6 50.5662  -618.492
123.7 50.6083  -619
123.8 50.6503  -619.508
123.9 50.6923  -620.016
124 50.7344  -620.524
124.1 50.7764  -621.032
124.2 50.8185  -621.541
124.3 50.8605  -622.049
124.4 50.9025  -622.557
124.5 50.9446  -623.065
124.6 50.9866  -623.573
124.7 51.0287  -624.081
124.8 51.0707  -624.59
124.9 51.1127  -625.098
125 51.1548  -625.606
125.1 51.1968  -626.114
125.2 51.2389  -626.622
125.3 51.2809  -627.13
125.4 51.3229  -627.639
125.5 51.365  -628.147
125.6 51.407  -628.655
125.7 51.4491  -629.163
125.8 51.4911  -629.671
125.9 51.5331  -630.179
126 51.5752  -630.688
126.1 51.6172  -631.196
126.2 51.6593  -631.704
126.3 51.7013  -632.212
126.4 51.7433  -632.72
126.5 51.7854  -633.228
126.6 51.8274  -633.737
126.7 51.8695  -634.245
126.8 51.9115  -634.753
126.9 51.9535  -635.261
127 51.9956  -635.769
127.1 52.0376  -636.277
127.2 52.0797  -636.785
127.3 52.1217  -637.294
127.4 52.1637  -637.802
127.5 52.2058  -638.31
127.6 52.2478  -638.818
127.7 52.2899  -639.326
127.8 52.3319  -639.834
127.9 52.3739  -640.343
128 52.416  -640.851
128.1 52.458  -641.359
128.2 52.5001  -641.867
128.3 52.5421  -642.375
128.4 52.5841  -642.883
128.5 52.6262  -643.392
128.6 52.6682  -643.9
128.7 52.7103  -644.408
128.8 52.7523  -644.916
128.9 52.7943  -645.424
129 52.8364  -645.932
129.1 52.8784  -646.441
129.2 52.9205  -646.949
129.3 52.9625  -647.457
129.4 53.0045  -647.965
129.5 53.0466  -648.473
129.6 53.0886  -648.981
129.7 53.1307  -649.489
129.8 53.1727  -649.998
129.9 53.2147  -650.506
130 53.2568  -651.014
130.1 53.2988  -651.522
130.2 53.3409  -652.03
130.3 53.3829  -652.538
130.4 53.4249  -653.047
130.5 53.467  -653.555
130.6 53.509  -654.063
130.7 53.5511  -654.571
130.8 53.5931  -655.079
130.9 53.6351  -655.587
131 53.6772  -656.096
131.1 53.7192  -656.604
131.2 53.7612  -657.112
131.3 53.8033  -657.62
131.4 53.8453  -658.128
131.5 53.8874  -658.636
131.6 53.9294  -659.144
131.7 53.9714  -659.653
131.8 54.0135  -660.161
131.9 54.0555  -660.669
132 54.0976  -661.177
132.1 54.1396  -661.685
132.2 54.1816  -662.193
132.3 54.2237  -662.702
132.4 54.2657  -663.21
132.5 54.3078  -663.718
132.6 54.3498  -664.226
132.7 54.3918  -664.734
132.8 54.4339  -665.242
132.9 54.4759  -665.751
133 54.5179  -666.259
133.1 54.56  -666.767
133.2 54.602  -667.275
133.3 54.6441  -667.783
133.4 54.6861  -668.291
133.5 54.7281  -668.799
133.6 54.7702  -669.308
133.7 54.8122  -669.816
133.8 54.8543  -670.324
133.9 54.8963  -670.832
134 54.9383  -671.34
134.1 54.9804  -671.848
134.2 55.0224  -672.357
134.3 55.0644  -672.865
134.4 55.1065  -673.373
134.5 55.1485  -673.881
134.6 55.1906  -674.389
134.7 55.2326  -674.897
134.8 55.2746  -675.405
134.9 55.3167  -675.914
135 55.3587  -676.422
135.1 55.4008  -676.93
135.2 55.4428  -677.438
135.3 55.4848  -677.946
135.4 55.5269  -678.454
135.5 55.5689  -678.963
135.6 55.6109  -679.471
135.7 55.653  -679.979
135.8 55.695  -680.487
135.9 55.7371  -680.995
136 55.7791  -681.503
136.1 55.8211  -682.011
136.2 55.8632  -682.52
136.3 55.9052  -683.028
136.4 55.9472  -683.536
136.5 55.9893  -684.044
136.6 56.0313  -684.552
136.7 56.0734  -685.06
136.8 56.1154  -685.569
136.9 56.1574  -686.077
137 56.1995  -686.585
137.1 56.2415  -687.093
137.2 56.2836  -687.601
137.3 56.3256  -688.109
137.4 56.3676  -688.617
137.5 56.4097  -689.126
137.6 56.4517  -689.634
137.7 56.4937  -690.142
137.8 56.5358  -690.65
137.9 56.5778  -691.158
138 56.6199  -691.666
138.1 56.6619  -692.175
138.2 56.7039  -692.683
138.3 56.746  -693.191
138.4 56.788  -693.699
138.5 56.83  -694.207
138.6 56.8721  -694.715
138.7 56.9141  -695.223
138.8 56.9562  -695.732
138.9 56.9982  -696.24
139 57.0402  -696.748
139.1 57.0823  -697.256
139.2 57.1243  -697.764
139.3 57.1663  -698.272
139.4 57.2084  -698.781
139.5 57.2504  -699.289
139.6 57.2925  -699.797
139.7 57.3345  -700.305
139.8 57.3765  -700.813
139.9 57.4186  -701.321
140 57.4606  -701.829
140.1 57.5026  -702.338
140.2 57.5447  -702.846
140.3 57.5867  -703.354
140.4 57.6288  -703.862
140.5 57.6708  -704.37
140.6 57.7128  -704.878
140.7 57.7549  -705.387
140.8 57.7969  -705.895
140.9 57.8389  -706.403
141 57.881  -706.911
141.1 57.923  -707.419
141.2 57.9651  -707.927
141.3 58.0071  -708.435
141.4 58.0491  -708.944
141.5 58.0912  -709.452
141.6 58.1332  -709.96
141.7 58.1752  -710.468
141.8 58.2173  -710.976
141.9 58.2593  -711.484
142 58.3013  -711.992
142.1 58.3434  -712.501
142.2 58.3854  -713.009
142.3 58.4275  -713.517
142.4 58.4695  -714.025
142.5 58.5115  -714.533
142.6 58.5536  -715.041
142.7 58.5956  -715.55
142.8 58.6376  -716.058
142.9 58.6797  -716.566
143 58.7217  -717.074
143.1 58.7638  -717.582
143.2 58.8058  -718.09
143.3 58.8478  -718.598
143.4 58.8899  -719.107
143.5 58.9319  -719.615
143.6 58.9739  -720.123
143.7 59.016  -720.631
143.8 59.058  -721.139
143.9 59.1  -721.647
144 59.1421  -722.155
144.1 59.1841  -722.664
144.2 59.2262  -723.172
144.3 59.2682  -723.68
144.4 59.3102  -724.188
144.5 59.3523  -724.696
144.6 59.3943  -725.204
144.7 59.4363  -725.713
144.8 59.4784  -726.221
144.9 59.5204  -726.729
145 59.5624  -727.237
145.1 59.6045  -727.745
145.2 59.6465  -728.253
145.3 59.6886  -728.761
145.4 59.7306  -729.27
145.5 59.7726  -729.778
145.6 59.8147  -730.286
145.7 59.8567  -730.794
145.8 59.8987  -731.302
145.9 59.9408  -731.81
146 59.9828  -732.318
146.1 60.0248  -732.827
146.2 60.0669  -733.335
146.3 60.1089  -733.843
146.4 60.151  -734.351
146.5 60.193  -734.859
146.6 60.235  -735.367
146.7 60.2771  -735.876
146.8 60.3191  -736.384
146.9 60.3611  -736.892
147 60.4032  -737.4
147.1 60.4452  -737.908
147.2 60.4872  -738.416
147.3 60.5293  -738.924
147.4 60.5713  -739.433
147.5 60.6134  -739.941
147.6 60.6554  -740.449
147.7 60.6974  -740.957
147.8 60.7395  -741.465
147.9 60.7815  -741.973
148 60.8235  -742.481
148.1 60.8656  -742.99
148.2 60.9076  -743.498
148.3 60.9496  -744.006
148.4 60.9917  -744.514
148.5 61.0337  -745.022
148.6 61.0757  -745.53
148.7 61.1178  -746.038
148.8 61.1598  -746.547
148.9 61.2019  -747.055
149 61.2439  -747.563
149.1 61.2859  -748.071
149.2 61.328  -748.579
149.3 61.37  -749.087
149.4 61.412  -749.595
149.5 61.4541  -750.104
149.6 61.4961  -750.612
149.7 61.5381  -751.12
149.8 61.5802  -751.628
149.9 61.6222  -752.136
150 61.6642  -752.644
150.1 61.7063  -753.153
150.2 61.7483  -753.661
150.3 61.7904  -754.169
150.4 61.8324  -754.677
150.5 61.8744  -755.185
150.6 61.9165  -755.693
150.7 61.9585  -756.201
150.8 62.0005  -756.71
150.9 62.0426  -757.218
151 62.0846  -757.726
151.1 62.1266  -758.234
151.2 62.1687  -758.742
151.3 62.2107  -759.25
151.4 62.2527  -759.758
151.5 62.2948  -760.267
151.6 62.3368  -760.775
151.7 62.3789  -761.283
151.8 62.4209  -761.791
151.9 62.4629  -762.299
152 62.505  -762.807
152.1 62.547  -763.315
152.2 62.589  -763.824
152.3 62.6311  -764.332
152.4 62.6731  -764.84
152.5 62.7151  -765.348
152.6 62.7572  -765.856
152.7 62.7992  -766.364
152.8 62.8412  -766.872
152.9 62.8833  -767.381
153 62.9253  -767.889
153.1 62.9673  -768.397
153.2 63.0094  -768.905
153.3 63.0514  -769.413
153.4 63.0934  -769.921
153.5 63.1355  -770.429
153.6 63.1775  -770.938
153.7 63.2196  -771.446
153.8 63.2616  -771.954
153.9 63.3036  -772.462
154 63.3457  -772.97
154.1 63.3877  -773.478
154.2 63.4297  -773.986
154.3 63.4718  -774.495
154.4 63.5138  -775.003
154.5 63.5558  -775.511
154.6 63.5979  -776.019
154.7 63.6399  -776.527
154.8 63.6819  -777.035
154.9 63.724  -777.543
155 63.766  -778.052
155.1 63.808  -778.56
155.2 63.8501  -779.068
155.3 63.8921  -779.576
155.4 63.9341  -780.084
155.5 63.9762  -780.592
155.6 64.0182  -781.1
155.7 64.0603  -781.609
155.8 64.1023  -782.117
155.9 64.1443  -782.625
156 64.1864  -783.133
156.1 64.2284  -783.641
156.2 64.2704  -784.149
156.3 64.3125  -784.657
156.4 64.3545  -785.166
156.5 64.3965  -785.674
156.6 64.4386  -786.182
156.7 64.4806  -786.69
156.8 64.5226  -787.198
156.9 64.5647  -787.706
157 64.6067  -788.214
157.1 64.6487  -788.723
157.2 64.6908  -789.231
157.3 64.7328  -789.739
157.4 64.7748  -790.247
157.5 64.8169  -790.755
157.6 64.8589  -791.263
157.7 64.9009  -791.771
157.8 64.943  -792.28
157.9 64.985  -792.788
158 65.027  -793.296
158.1 65.0691  -793.804
158.2 65.1111  -794.312
158.3 65.1531  -794.82
158.4 65.1952  -795.328
158.5 65.2372  -795.837
158.6 65.2793  -796.345
158.7 65.3213  -796.853
158.8 65.3633  -797.361
158.9 65.4054  -797.869
159 65.4474  -798.377
159.1 65.4894  -798.885
159.2 65.5315  -799.394
159.3 65.5735  -799.902
159.4 65.6155  -800.41
159.5 65.6576  -800.918
159.6 65.6996  -801.426
159.7 65.7416  -801.934
159.8 65.7837  -802.442
159.9 65.8257  -802.951
160 65.8677  -803.459
160.1 65.9098  -803.967
160.2 65.9518  -804.475
160.3 65.9938  -804.983
160.4 66.0359  -805.491
160.5 66.0779  -805.999
160.6 66.1199  -806.508
160.7 66.162  -807.016
160.8 66.204  -807.524
160.9 66.246  -808.032
161 66.2881  -808.54
161.1 66.3301  -809.048
161.2 66.3721  -809.556
161.3 66.4142  -810.065
161.4 66.4562  -810.573
161.5 66.4982  -811.081
161.6 66.5403  -811.589
161.7 66.5823  -812.097
161.8 66.6243  -812.605
161.9 66.6664  -813.113
162 66.7084  -813.622
162.1 66.7504  -814.13
162.2 66.7925  -814.638
162.3 66.8345  -815.146
162.4 66.8765  -815.654
162.5 66.9186  -816.162
162.6 66.9606  -816.67
162.7 67.0026  -817.179
162.8 67.0447  -817.687
162.9 67.0867  -818.195
163 67.1287  -818.703
163.1 67.1708  -819.211
163.2 67.2128  -819.719
163.3 67.2548  -820.227
163.4 67.2969  -820.735
163.5 67.3389  -821.244
163.6 67.3809  -821.752
163.7 67.423  -822.26
163.8 67.465  -822.768
163.9 67.507  -823.276
164 67.5491  -823.784
164.1 67.5911  -824.292
164.2 67.6331  -824.801
164.3 67.6752  -825.309
164.4 67.7172  -825.817
164.5 67.7592  -826.325
164.6 67.8013  -826.833
164.7 67.8433  -827.341
164.8 67.8853  -827.849
164.9 67.9274  -828.358
165 67.9694  -828.866
165.1 68.0114  -829.374
165.2 68.0535  -829.882
165.3 68.0955  -830.39
165.4 68.1375  -830.898
165.5 68.1796  -831.406
165.6 68.2216  -831.915
165.7 68.2636  -832.423
165.8 68.3057  -832.931
165.9 68.3477  -833.439
166 68.3897  -833.947
166.1 68.4318  -834.455
166.2 68.4738  -834.963
166.3 68.5158  -835.472
166.4 68.5579  -835.98
166.5 68.5999  -836.488
166.6 68.6419  -836.996
166.7 68.684  -837.504
166.8 68.726  -838.012
166.9 68.768  -838.52
167 68.8101  -839.029
167.1 68.8521  -839.537
167.2 68.8941  -840.045
167.3 68.9362  -840.553
167.4 68.9782  -841.061
167.5 69.0202  -841.569
167.6 69.0623  -842.077
167.7 69.1043  -842.585
167.8 69.1463  -843.094
167.9 69.1884  -843.602
168 69.2304  -844.11
168.1 69.2724  -844.618
168.2 69.3145  -845.126
168.3 69.3565  -845.634
168.4 69.3985  -846.142
168.5 69.4406  -846.651
168.6 69.4826  -847.159
168.7 69.5246  -847.667
168.8 69.5667  -848.175
168.9 69.6087  -848.683
169 69.6507  -849.191
169.1 69.6928  -849.699
169.2 69.7348  -850.208
169.3 69.7768  -850.716
169.4 69.8189  -851.224
169.5 69.8609  -851.732
169.6 69.9029  -852.24
169.7 69.945  -852.748
169.8 69.987  -853.256
169.9 70.029  -853.764
170 70.0711  -854.273
170.1 70.1131  -854.781
170.2 70.1551  -855.289
170.3 70.1972  -855.797
170.4 70.2392  -856.305
170.5 70.2812  -856.813
170.6 70.3233  -857.321
170.7 70.3653  -857.83
170.8 70.4073  -858.338
170.9 70.4494  -858.846
171 70.4914  -859.354
171.1 70.5334  -859.862
171.2 70.5755  -860.37
171.3 70.6175  -860.878
171.4 70.6595  -861.387
171.5 70.7016  -861.895
171.6 70.7436  -862.403
171.7 70.7856  -862.911
171.8 70.8277  -863.419
171.9 70.8697  -863.927
172 70.9117  -864.435
172.1 70.9538  -864.943
172.2 70.9958  -865.452
172.3 71.0378  -865.96
172.4 71.0799  -866.468
172.5 71.1219  -866.976
172.6 71.1639  -867.484
172.7 71.2059  -867.992
172.8 71.248  -868.5
172.9 71.29  -869.009
173 71.332  -869.517
173.1 71.3741  -870.025
173.2 71.4161  -870.533
173.3 71.4581  -871.041
173.4 71.5002  -871.549
173.5 71.5422  -872.057
173.6 71.5842  -872.566
173.7 71.6263  -873.074
173.8 71.6683  -873.582
173.9 71.7103  -874.09
174 71.7524  -874.598
174.1 71.7944  -875.106
174.2 71.8364  -875.614
174.3 71.8785  -876.122
174.4 71.9205  -876.631
174.5 71.9625  -877.139
174.6 72.0046  -877.647
174.7 72.0466  -878.155
174.8 72.0886  -878.663
174.9 72.1307  -879.171
175 72.1727  -879.679
175.1 72.2147  -880.188
175.2 72.2568  -880.696
175.3 72.2988  -881.204
175.4 72.3408  -881.712
175.5 72.3829  -882.22
175.6 72.4249  -882.728
175.7 72.4669  -883.236
175.8 72.5089  -883.745
175.9 72.551  -884.253
176 72.593  -884.761
176.1 72.635  -885.269
176.2 72.6771  -885.777
176.3 72.7191  -886.285
176.4 72.7611  -886.793
176.5 72.8032  -887.301
176.6 72.8452  -887.81
176.7 72.8872  -888.318
176.8 72.9293  -888.826
176.9 72.9713  -889.334
177 73.0133  -889.842
177.1 73.0554  -890.35
177.2 73.0974  -890.858
177.3 73.1394  -891.367
177.4 73.1815  -891.875
177.5 73.2235  -892.383
177.6 73.2655  -892.891
177.7 73.3076  -893.399
177.8 73.3496  -893.907
177.9 73.3916  -894.415
178 73.4336  -894.923
178.1 73.4757  -895.432
178.2 73.5177  -895.94
178.3 73.5597  -896.448
178.4 73.6018  -896.956
178.5 73.6438  -897.464
178.6 73.6858  -897.972
178.7 73.7279  -898.48
178.8 73.7699  -898.989
178.9 73.8119  -899.497
179 73.854  -900.005
179.1 73.896  -900.513
179.2 73.938  -901.021
179.3 73.9801  -901.529
179.4 74.0221  -902.037
179.5 74.0641  -902.545
179.6 74.1062  -903.054
179.7 74.1482  -903.562
179.8 74.1902  -904.07
179.9 74.2323  -904.578
180 74.2743  -905.086
180.1 74.3163  -905.594
180.2 74.3583  -906.102
180.3 74.4004  -906.611
180.4 74.4424  -907.119
180.5 74.4844  -907.627
180.6 74.5265  -908.135
180.7 74.5685  -908.643
180.8 74.6105  -909.151
180.9 74.6526  -909.659
181 74.6946  -910.167
181.1 74.7366  -910.676
181.2 74.7787  -911.184
181.3 74.8207  -911.692
181.4 74.8627  -912.2
181.5 74.9048  -912.708
181.6 74.9468  -913.216
181.7 74.9888  -913.724
181.8 75.0308  -914.233
181.9 75.0729  -914.741
182 75.1149  -915.249
182.1 75.1569  -915.757
182.2 75.199  -916.265
182.3 75.241  -916.773
182.4 75.283  -917.281
182.5 75.3251  -917.789
182.6 75.3671  -918.298
182.7 75.4091  -918.806
182.8 75.4512  -919.314
182.9 75.4932  -919.822
183 75.5352  -920.33
183.1 75.5773  -920.838
183.2 75.6193  -921.346
183.3 75.6613  -921.854
183.4 75.7033  -922.363
183.5 75.7454  -922.871
183.6 75.7874  -923.379
183.7 75.8294  -923.887
183.8 75.8715  -924.395
183.9 75.9135  -924.903
184 75.9555  -925.411
184.1 75.9976  -925.92
184.2 76.0396  -926.428
184.3 76.0816  -926.936
184.4 76.1237  -927.444
184.5 76.1657  -927.952
184.6 76.2077  -928.46
184.7 76.2498  -928.968
184.8 76.2918  -929.476
184.9 76.3338  -929.985
185 76.3758  -930.493
185.1 76.4179  -931.001
185.2 76.4599  -931.509
185.3 76.5019  -932.017
185.4 76.544  -932.525
185.5 76.586  -933.033
185.6 76.628  -933.542
185.7 76.6701  -934.05
185.8 76.7121  -934.558
185.9 76.7541  -935.066
186 76.7962  -935.574
186.1 76.8382  -936.082
186.2 76.8802  -936.59
186.3 76.9222  -937.098
186.4 76.9643  -937.607
186.5 77.0063  -938.115
186.6 77.0483  -938.623
186.7 77.0904  -939.131
186.8 77.1324  -939.639
186.9 77.1744  -940.147
187 77.2165  -940.655
187.1 77.2585  -941.163
187.2 77.3005  -941.672
187.3 77.3426  -942.18
187.4 77.3846  -942.688
187.5 77.4266  -943.196
187.6 77.4686  -943.704
187.7 77.5107  -944.212
187.8 77.5527  -944.72
187.9 77.5947  -945.229
188 77.6368  -945.737
188.1 77.6788  -946.245
188.2 77.7208  -946.753
188.3 77.7629  -947.261
188.4 77.8049  -947.769
188.5 77.8469  -948.277
188.6 77.889  -948.785
188.7 77.931  -949.294
188.8 77.973  -949.802
188.9 78.015  -950.31
189 78.0571  -950.818
189.1 78.0991  -951.326
189.2 78.1411  -951.834
189.3 78.1832  -952.342
189.4 78.2252  -952.85
189.5 78.2672  -953.359
189.6 78.3093  -953.867
189.7 78.3513  -954.375
189.8 78.3933  -954.883
189.9 78.4354  -955.391
190 78.4774  -955.899
190.1 78.5194  -956.407
190.2 78.5614  -956.916
190.3 78.6035  -957.424
190.4 78.6455  -957.932
190.5 78.6875  -958.44
190.6 78.7296  -958.948
190.7 78.7716  -959.456
190.8 78.8136  -959.964
190.9 78.8557  -960.472
191 78.8977  -960.981
191.1 78.9397  -961.489
191.2 78.9817  -961.997
191.3 79.0238  -962.505
191.4 79.0658  -963.013
191.5 79.1078  -963.521
191.6 79.1499  -964.029
191.7 79.1919  -964.537
191.8 79.2339  -965.046
191.9 79.276  -965.554
192 79.318  -966.062
192.1 79.36  -966.57
192.2 79.4021  -967.078
192.3 79.4441  -967.586
192.4 79.4861  -968.094
192.5 79.5281  -968.602
192.6 79.5702  -969.111
192.7 79.6122  -969.619
192.8 79.6542  -970.127
192.9 79.6963  -970.635
193 79.7383  -971.143
193.1 79.7803  -971.651
193.2 79.8224  -972.159
193.3 79.8644  -972.668
193.4 79.9064  -973.176
193.5 79.9484  -973.684
193.6 79.9905  -974.192
193.7 80.0325  -974.7
193.8 80.0745  -975.208
193.9 80.1166  -975.716
194 80.1586  -976.224
194.1 80.2006  -976.733
194.2 80.2427  -977.241
194.3 80.2847  -977.749
194.4 80.3267  -978.257
194.5 80.3687  -978.765
194.6 80.4108  -979.273
194.7 80.4528  -979.781
194.8 80.4948  -980.289
194.9 80.5369  -980.798
195 80.5789  -981.306
195.1 80.6209  -981.814
195.2 80.663  -982.322
195.3 80.705  -982.83
195.4 80.747  -983.338
195.5 80.789  -983.846
195.6 80.8311  -984.354
195.7 80.8731  -984.863
195.8 80.9151  -985.371
195.9 80.9572  -985.879
196 80.9992  -986.387
196.1 81.0412  -986.895
196.2 81.0833  -987.403
196.3 81.1253  -987.911
196.4 81.1673  -988.419
196.5 81.2093  -988.928
196.6 81.2514  -989.436
196.7 81.2934  -989.944
196.8 81.3354  -990.452
196.9 81.3775  -990.96
197 81.4195  -991.468
197.1 81.4615  -991.976
197.2 81.5036  -992.485
197.3 81.5456  -992.993
197.4 81.5876  -993.501
197.5 81.6296  -994.009
197.6 81.6717  -994.517
197.7 81.7137  -995.025
197.8 81.7557  -995.533
197.9 81.7978  -996.041
198 81.8398  -996.55
198.1 81.8818  -997.058
198.2 81.9239  -997.566
198.3 81.9659  -998.074
198.4 82.0079  -998.582
198.5 82.0499  -999.09
198.6 82.092  -999.598
198.7 82.134  -1000.11
198.8 82.176  -1000.61
198.9 82.2181  -1001.12
199 82.2601  -1001.63
199.1 82.3021  -1002.14
199.2 82.3441  -1002.65
199.3 82.3862  -1003.16
199.4 82.4282  -1003.66
199.5 82.4702  -1004.17
199.6 82.5123  -1004.68
199.7 82.5543  -1005.19
199.8 82.5963  -1005.7
199.9 82.6384  -1006.2
200 82.6804  -1006.71
200.1 82.7224  -1007.22
200.2 82.7644  -1007.73
200.3 82.8065  -1008.24
200.4 82.8485  -1008.74
200.5 82.8905  -1009.25
200.6 82.9326  -1009.76
200.7 82.9746  -1010.27
200.8 83.0166  -1010.78
200.9 83.0586  -1011.29
201 83.1007  -1011.79
201.1 83.1427  -1012.3
201.2 83.1847  -1012.81
201.3 83.2268  -1013.32
201.4 83.2688  -1013.83
201.5 83.3108  -1014.33
201.6 83.3529  -1014.84
201.7 83.3949  -1015.35
201.8 83.4369  -1015.86
201.9 83.4789  -1016.37
202 83.521  -1016.87
202.1 83.563  -1017.38
202.2 83.605  -1017.89
202.3 83.6471  -1018.4
202.4 83.6891  -1018.91
202.5 83.7311  -1019.42
202.6 83.7731  -1019.92
202.7 83.8152  -1020.43
202.8 83.8572  -1020.94
202.9 83.8992  -1021.45
203 83.9413  -1021.96
203.1 83.9833  -1022.46
203.2 84.0253  -1022.97
203.3 84.0674  -1023.48
203.4 84.1094  -1023.99
203.5 84.1514  -1024.5
203.6 84.1934  -1025
203.7 84.2355  -1025.51
203.8 84.2775  -1026.02
203.9 84.3195  -1026.53
204 84.3616  -1027.04
204.1 84.4036  -1027.55
204.2 84.4456  -1028.05
204.3 84.4876  -1028.56
204.4 84.5297  -1029.07
204.5 84.5717  -1029.58
204.6 84.6137  -1030.09
204.7 84.6558  -1030.59
204.8 84.6978  -1031.1
204.9 84.7398  -1031.61
205 84.7818  -1032.12
205.1 84.8239  -1032.63
205.2 84.8659  -1033.13
205.3 84.9079  -1033.64
205.4 84.95  -1034.15
205.5 84.992  -1034.66
205.6 85.034  -1035.17
205.7 85.0761  -1035.68
205.8 85.1181  -1036.18
205.9 85.1601  -1036.69
206 85.2021  -1037.2
206.1 85.2442  -1037.71
206.2 85.2862  -1038.22
206.3 85.3282  -1038.72
206.4 85.3703  -1039.23
206.5 85.4123  -1039.74
206.6 85.4543  -1040.25
206.7 85.4963  -1040.76
206.8 85.5384  -1041.26
206.9 85.5804  -1041.77
207 85.6224  -1042.28
207.1 85.6645  -1042.79
207.2 85.7065  -1043.3
207.3 85.7485  -1043.81
207.4 85.7905  -1044.31
207.5 85.8326  -1044.82
207.6 85.8746  -1045.33
207.7 85.9166  -1045.84
207.8 85.9587  -1046.35
207.9 86.0007  -1046.85
208 86.0427  -1047.36
208.1 86.0847  -1047.87
208.2 86.1268  -1048.38
208.3 86.1688  -1048.89
208.4 86.2108  -1049.39
208.5 86.2529  -1049.9
208.6 86.2949  -1050.41
208.7 86.3369  -1050.92
208.8 86.3789  -1051.43
208.9 86.421  -1051.94
209 86.463  -1052.44
209.1 86.505  -1052.95
209.2 86.5471  -1053.46
209.3 86.5891  -1053.97
209.4 86.6311  -1054.48
209.5 86.6732  -1054.98
209.6 86.7152  -1055.49
209.7 86.7572  -1056
209.8 86.7992  -1056.51
209.9 86.8413  -1057.02
210 86.8833  -1057.52
210.1 86.9253  -1058.03
210.2 86.9674  -1058.54
210.3 87.0094  -1059.05
210.4 87.0514  -1059.56
210.5 87.0934  -1060.07
210.6 87.1355  -1060.57
210.7 87.1775  -1061.08
210.8 87.2195  -1061.59
210.9 87.2616  -1062.1
211 87.3036  -1062.61
211.1 87.3456  -1063.11
211.2 87.3876  -1063.62
211.3 87.4297  -1064.13
211.4 87.4717  -1064.64
211.5 87.5137  -1065.15
211.6 87.5558  -1065.65
211.7 87.5978  -1066.16
211.8 87.6398  -1066.67
211.9 87.6818  -1067.18
212 87.7239  -1067.69
212.1 87.7659  -1068.2
212.2 87.8079  -1068.7
212.3 87.85  -1069.21
212.4 87.892  -1069.72
212.5 87.934  -1070.23
212.6 87.976  -1070.74
212.7 88.0181  -1071.24
212.8 88.0601  -1071.75
212.9 88.1021  -1072.26
213 88.1442  -1072.77
213.1 88.1862  -1073.28
213.2 88.2282  -1073.78
213.3 88.2702  -1074.29
213.4 88.3123  -1074.8
213.5 88.3543  -1075.31
213.6 88.3963  -1075.82
213.7 88.4383  -1076.33
213.8 88.4804  -1076.83
213.9 88.5224  -1077.34
214 88.5644  -1077.85
214.1 88.6065  -1078.36
214.2 88.6485  -1078.87
214.3 88.6905  -1079.37
214.4 88.7325  -1079.88
214.5 88.7746  -1080.39
214.6 88.8166  -1080.9
214.7 88.8586  -1081.41
214.8 88.9007  -1081.91
214.9 88.9427  -1082.42
215 88.9847  -1082.93
215.1 89.0267  -1083.44
215.2 89.0688  -1083.95
215.3 89.1108  -1084.46
215.4 89.1528  -1084.96
215.5 89.1949  -1085.47
215.6 89.2369  -1085.98
215.7 89.2789  -1086.49
215.8 89.3209  -1087
215.9 89.363  -1087.5
216 89.405  -1088.01
216.1 89.447  -1088.52
216.2 89.4891  -1089.03
216.3 89.5311  -1089.54
216.4 89.5731  -1090.04
216.5 89.6151  -1090.55
216.6 89.6572  -1091.06
216.7 89.6992  -1091.57
216.8 89.7412  -1092.08
216.9 89.7833  -1092.59
217 89.8253  -1093.09
217.1 89.8673  -1093.6
217.2 89.9093  -1094.11
217.3 89.9514  -1094.62
217.4 89.9934  -1095.13
217.5 90.0354  -1095.63
217.6 90.0775  -1096.14
217.7 90.1195  -1096.65
217.8 90.1615  -1097.16
217.9 90.2035  -1097.67
218 90.2456  -1098.17
218.1 90.2876  -1098.68
218.2 90.3296  -1099.19
218.3 90.3716  -1099.7
218.4 90.4137  -1100.21
218.5 90.4557  -1100.72
218.6 90.4977  -1101.22
218.7 90.5398  -1101.73
218.8 90.5818  -1102.24
218.9 90.6238  -1102.75
219 90.6658  -1103.26
219.1 90.7079  -1103.76
219.2 90.7499  -1104.27
219.3 90.7919  -1104.78
219.4 90.834  -1105.29
219.5 90.876  -1105.8
219.6 90.918  -1106.3
219.7 90.96  -1106.81
219.8 91.0021  -1107.32
219.9 91.0441  -1107.83
220 91.0861  -1108.34
220.1 91.1281  -1108.84
220.2 91.1702  -1109.35
220.3 91.2122  -1109.86
220.4 91.2542  -1110.37
220.5 91.2963  -1110.88
220.6 91.3383  -1111.39
220.7 91.3803  -1111.89
220.8 91.4223  -1112.4
220.9 91.4644  -1112.91
221 91.5064  -1113.42
221.1 91.5484  -1113.93
221.2 91.5905  -1114.43
221.3 91.6325  -1114.94
221.4 91.6745  -1115.45
221.5 91.7165  -1115.96
221.6 91.7586  -1116.47
221.7 91.8006  -1116.97
221.8 91.8426  -1117.48
221.9 91.8847  -1117.99
222 91.9267  -1118.5
222.1 91.9687  -1119.01
222.2 92.0107  -1119.52
222.3 92.0528  -1120.02
222.4 92.0948  -1120.53
222.5 92.1368  -1121.04
222.6 92.1788  -1121.55
222.7 92.2209  -1122.06
222.8 92.2629  -1122.56
222.9 92.3049  -1123.07
223 92.347  -1123.58
223.1 92.389  -1124.09
223.2 92.431  -1124.6
223.3 92.473  -1125.1
223.4 92.5151  -1125.61
223.5 92.5571  -1126.12
223.6 92.5991  -1126.63
223.7 92.6411  -1127.14
223.8 92.6832  -1127.65
223.9 92.7252  -1128.15
224 92.7672  -1128.66
224.1 92.8093  -1129.17
224.2 92.8513  -1129.68
224.3 92.8933  -1130.19
224.4 92.9353  -1130.69
224.5 92.9774  -1131.2
224.6 93.0194  -1131.71
224.7 93.0614  -1132.22
224.8 93.1035  -1132.73
224.9 93.1455  -1133.23
225 93.1875  -1133.74
225.1 93.2295  -1134.25
225.2 93.2716  -1134.76
225.3 93.3136  -1135.27
225.4 93.3556  -1135.78
225.5 93.3976  -1136.28
225.6 93.4397  -1136.79
225.7 93.4817  -1137.3
225.8 93.5237  -1137.81
225.9 93.5658  -1138.32
226 93.6078  -1138.82
226.1 93.6498  -1139.33
226.2 93.6918  -1139.84
226.3 93.7339  -1140.35
226.4 93.7759  -1140.86
226.5 93.8179  -1141.36
226.6 93.8599  -1141.87
226.7 93.902  -1142.38
226.8 93.944  -1142.89
226.9 93.986  -1143.4
227 94.0281  -1143.91
227.1 94.0701  -1144.41
227.2 94.1121  -1144.92
227.3 94.1541  -1145.43
227.4 94.1962  -1145.94
227.5 94.2382  -1146.45
227.6 94.2802  -1146.95
227.7 94.3222  -1147.46
227.8 94.3643  -1147.97
227.9 94.4063  -1148.48
228 94.4483  -1148.99
228.1 94.4904  -1149.49
228.2 94.5324  -1150
228.3 94.5744  -1150.51
228.4 94.6164  -1151.02
228.5 94.6585  -1151.53
228.6 94.7005  -1152.04
228.7 94.7425  -1152.54
228.8 94.7845  -1153.05
228.9 94.8266  -1153.56
229 94.8686  -1154.07
229.1 94.9106  -1154.58
229.2 94.9527  -1155.08
229.3 94.9947  -1155.59
229.4 95.0367  -1156.1
229.5 95.0787  -1156.61
229.6 95.1208  -1157.12
229.7 95.1628  -1157.62
229.8 95.2048  -1158.13
229.9 95.2468  -1158.64
230 95.2889  -1159.15
230.1 95.3309  -1159.66
230.2 95.3729  -1160.17
230.3 95.415  -1160.67
230.4 95.457  -1161.18
230.5 95.499  -1161.69
230.6 95.541  -1162.2
230.7 95.5831  -1162.71
230.8 95.6251  -1163.21
230.9 95.6671  -1163.72
231 95.7091  -1164.23
231.1 95.7512  -1164.74
231.2 95.7932  -1165.25
231.3 95.8352  -1165.75
231.4 95.8773  -1166.26
231.5 95.9193  -1166.77
231.6 95.9613  -1167.28
231.7 96.0033  -1167.79
231.8 96.0454  -1168.29
231.9 96.0874  -1168.8
232 96.1294  -1169.31
232.1 96.1714  -1169.82
232.2 96.2135  -1170.33
232.3 96.2555  -1170.84
232.4 96.2975  -1171.34
232.5 96.3396  -1171.85
232.6 96.3816  -1172.36
232.7 96.4236  -1172.87
232.8 96.4656  -1173.38
232.9 96.5077  -1173.88
233 96.5497  -1174.39
233.1 96.5917  -1174.9
233.2 96.6337  -1175.41
233.3 96.6758  -1175.92
233.4 96.7178  -1176.42
233.5 96.7598  -1176.93
233.6 96.8018  -1177.44
233.7 96.8439  -1177.95
233.8 96.8859  -1178.46
233.9 96.9279  -1178.97
234 96.97  -1179.47
234.1 97.012  -1179.98
234.2 97.054  -1180.49
234.3 97.096  -1181
234.4 97.1381  -1181.51
234.5 97.1801  -1182.01
234.6 97.2221  -1182.52
234.7 97.2641  -1183.03
234.8 97.3062  -1183.54
234.9 97.3482  -1184.05
235 97.3902  -1184.55
235.1 97.4323  -1185.06
235.2 97.4743  -1185.57
235.3 97.5163  -1186.08
235.4 97.5583  -1186.59
235.5 97.6004  -1187.1
235.6 97.6424  -1187.6
235.7 97.6844  -1188.11
235.8 97.7264  -1188.62
235.9 97.7685  -1189.13
236 97.8105  -1189.64
236.1 97.8525  -1190.14
236.2 97.8945  -1190.65
236.3 97.9366  -1191.16
236.4 97.9786  -1191.67
236.5 98.0206  -1192.18
236.6 98.0627  -1192.68
236.7 98.1047  -1193.19
236.8 98.1467  -1193.7
236.9 98.1887  -1194.21
237 98.2308  -1194.72
237.1 98.2728  -1195.23
237.2 98.3148  -1195.73
237.3 98.3568  -1196.24
237.4 98.3989  -1196.75
237.5 98.4409  -1197.26
237.6 98.4829  -1197.77
237.7 98.5249  -1198.27
237.8 98.567  -1198.78
237.9 98.609  -1199.29
238 98.651  -1199.8
238.1 98.6931  -1200.31
238.2 98.7351  -1200.81
238.3 98.7771  -1201.32
238.4 98.8191  -1201.83
238.5 98.8612  -1202.34
238.6 98.9032  -1202.85
238.7 98.9452  -1203.36
238.8 98.9872  -1203.86
238.9 99.0293  -1204.37
239 99.0713  -1204.88
239.1 99.1133  -1205.39
239.2 99.1553  -1205.9
239.3 99.1974  -1206.4
239.4 99.2394  -1206.91
239.5 99.2814  -1207.42
239.6 99.3235  -1207.93
239.7 99.3655  -1208.44
239.8 99.4075  -1208.94
239.9 99.4495  -1209.45
240 99.4916  -1209.96
240.1 99.5336  -1210.47
240.2 99.5756  -1210.98
240.3 99.6176  -1211.48
240.4 99.6597  -1211.99
240.5 99.7017  -1212.5
240.6 99.7437  -1213.01
240.7 99.7857  -1213.52
240.8 99.8278  -1214.03
240.9 99.8698  -1214.53
241 99.9118  -1215.04
241.1 99.9539  -1215.55
241.2 99.9959  -1216.06
241.3 100.038  -1216.57
241.4 100.08  -1217.07
241.5 100.122  -1217.58
241.6 100.164  -1218.09
241.7 100.206  -1218.6
241.8 100.248  -1219.11
241.9 100.29  -1219.61
242 100.332  -1220.12
242.1 100.374  -1220.63
242.2 100.416  -1221.14
242.3 100.458  -1221.65
242.4 100.5  -1222.16
242.5 100.542  -1222.66
242.6 100.584  -1223.17
242.7 100.626  -1223.68
242.8 100.668  -1224.19
242.9 100.71  -1224.7
243 100.752  -1225.2
243.1 100.794  -1225.71
243.2 100.836  -1226.22
243.3 100.878  -1226.73
243.4 100.92  -1227.24
243.5 100.962  -1227.74
243.6 101.005  -1228.25
243.7 101.047  -1228.76
243.8 101.089  -1229.27
243.9 101.131  -1229.78
244 101.173  -1230.29
244.1 101.215  -1230.79
244.2 101.257  -1231.3
244.3 101.299  -1231.81
244.4 101.341  -1232.32
244.5 101.383  -1232.83
244.6 101.425  -1233.33
244.7 101.467  -1233.84
244.8 101.509  -1234.35
244.9 101.551  -1234.86
245 101.593  -1235.37
245.1 101.635  -1235.87
245.2 101.677  -1236.38
245.3 101.719  -1236.89
245.4 101.761  -1237.4
245.5 101.803  -1237.91
245.6 101.845  -1238.42
245.7 101.887  -1238.92
245.8 101.929  -1239.43
245.9 101.971  -1239.94
246 102.013  -1240.45
246.1 102.055  -1240.96
246.2 102.097  -1241.46
246.3 102.139  -1241.97
246.4 102.181  -1242.48
246.5 102.223  -1242.99
246.6 102.265  -1243.5
246.7 102.307  -1244
246.8 102.349  -1244.51
246.9 102.391  -1245.02
247 102.433  -1245.53
247.1 102.475  -1246.04
247.2 102.517  -1246.54
247.3 102.559  -1247.05
247.4 102.602  -1247.56
247.5 102.644  -1248.07
247.6 102.686  -1248.58
247.7 102.728  -1249.09
247.8 102.77  -1249.59
247.9 102.812  -1250.1
248 102.854  -1250.61
248.1 102.896  -1251.12
248.2 102.938  -1251.63
248.3 102.98  -1252.13
248.4 103.022  -1252.64
248.5 103.064  -1253.15
248.6 103.106  -1253.66
248.7 103.148  -1254.17
248.8 103.19  -1254.67
248.9 103.232  -1255.18
249 103.274  -1255.69
249.1 103.316  -1256.2
249.2 103.358  -1256.71
249.3 103.4  -1257.22
249.4 103.442  -1257.72
249.5 103.484  -1258.23
249.6 103.526  -1258.74
249.7 103.568  -1259.25
249.8 103.61  -1259.76
249.9 103.652  -1260.26
250 103.694  -1260.77
250.1 103.736  -1261.28
250.2 103.778  -1261.79
250.3 103.82  -1262.3
250.4 103.862  -1262.8
250.5 103.904  -1263.31
250.6 103.946  -1263.82
250.7 103.988  -1264.33
250.8 104.03  -1264.84
250.9 104.072  -1265.35
251 104.114  -1265.85
251.1 104.156  -1266.36
251.2 104.198  -1266.87
251.3 104.241  -1267.38
251.4 104.283  -1267.89
251.5 104.325  -1268.39
251.6 104.367  -1268.9
251.7 104.409  -1269.41
251.8 104.451  -1269.92
251.9 104.493  -1270.43
252 104.535  -1270.93
252.1 104.577  -1271.44
252.2 104.619  -1271.95
252.3 104.661  -1272.46
252.4 104.703  -1272.97
252.5 104.745  -1273.48
252.6 104.787  -1273.98
252.7 104.829  -1274.49
252.8 104.871  -1275
252.9 104.913  -1275.51
253 104.955  -1276.02
253.1 104.997  -1276.52
253.2 105.039  -1277.03
253.3 105.081  -1277.54
253.4 105.123  -1278.05
253.5 105.165  -1278.56
253.6 105.207  -1279.06
253.7 105.249  -1279.57
253.8 105.291  -1280.08
253.9 105.333  -1280.59
254 105.375  -1281.1
254.1 105.417  -1281.6
254.2 105.459  -1282.11
254.3 105.501  -1282.62
254.4 105.543  -1283.13
254.5 105.585  -1283.64
254.6 105.627  -1284.15
254.7 105.669  -1284.65
254.8 105.711  -1285.16
254.9 105.753  -1285.67
255 105.795  -1286.18
255.1 105.837  -1286.69
255.2 105.88  -1287.19
255.3 105.922  -1287.7
255.4 105.964  -1288.21
255.5 106.006  -1288.72
255.6 106.048  -1289.23
255.7 106.09  -1289.73
255.8 106.132  -1290.24
255.9 106.174  -1290.75
256 106.216  -1291.26
256.1 106.258  -1291.77
256.2 106.3  -1292.28
256.3 106.342  -1292.78
256.4 106.384  -1293.29
256.5 106.426  -1293.8
256.6 106.468  -1294.31
256.7 106.51  -1294.82
256.8 106.552  -1295.32
256.9 106.594  -1295.83
257 106.636  -1296.34
257.1 106.678  -1296.85
257.2 106.72  -1297.36
257.3 106.762  -1297.86
257.4 106.804  -1298.37
257.5 106.846  -1298.88
257.6 106.888  -1299.39
257.7 106.93  -1299.9
257.8 106.972  -1300.41
257.9 107.014  -1300.91
258 107.056  -1301.42
258.1 107.098  -1301.93
258.2 107.14  -1302.44
258.3 107.182  -1302.95
258.4 107.224  -1303.45
258.5 107.266  -1303.96
258.6 107.308  -1304.47
258.7 107.35  -1304.98
258.8 107.392  -1305.49
258.9 107.434  -1305.99
259 107.476  -1306.5
259.1 107.519  -1307.01
259.2 107.561  -1307.52
259.3 107.603  -1308.03
259.4 107.645  -1308.53
259.5 107.687  -1309.04
259.6 107.729  -1309.55
259.7 107.771  -1310.06
259.8 107.813  -1310.57
259.9 107.855  -1311.08
260 107.897  -1311.58
260.1 107.939  -1312.09
260.2 107.981  -1312.6
260.3 108.023  -1313.11
260.4 108.065  -1313.62
260.5 108.107  -1314.12
260.6 108.149  -1314.63
260.7 108.191  -1315.14
260.8 108.233  -1315.65
260.9 108.275  -1316.16
261 108.317  -1316.66
261.1 108.359  -1317.17
261.2 108.401  -1317.68
261.3 108.443  -1318.19
261.4 108.485  -1318.7
261.5 108.527  -1319.21
261.6 108.569  -1319.71
261.7 108.611  -1320.22
261.8 108.653  -1320.73
261.9 108.695  -1321.24
262 108.737  -1321.75
262.1 108.779  -1322.25
262.2 108.821  -1322.76
262.3 108.863  -1323.27
262.4 108.905  -1323.78
262.5 108.947  -1324.29
262.6 108.989  -1324.79
262.7 109.031  -1325.3
262.8 109.073  -1325.81
262.9 109.115  -1326.32
263 109.158  -1326.83
263.1 109.2  -1327.34
263.2 109.242  -1327.84
263.3 109.284  -1328.35
263.4 109.326  -1328.86
263.5 109.368  -1329.37
263.6 109.41  -1329.88
263.7 109.452  -1330.38
263.8 109.494  -1330.89
263.9 109.536  -1331.4
264 109.578  -1331.91
264.1 109.62  -1332.42
264.2 109.662  -1332.92
264.3 109.704  -1333.43
264.4 109.746  -1333.94
264.5 109.788  -1334.45
264.6 109.83  -1334.96
264.7 109.872  -1335.46
264.8 109.914  -1335.97
264.9 109.956  -1336.48
265 109.998  -1336.99
265.1 110.04  -1337.5
265.2 110.082  -1338.01
265.3 110.124  -1338.51
265.4 110.166  -1339.02
265.5 110.208  -1339.53
265.6 110.25  -1340.04
265.7 110.292  -1340.55
265.8 110.334  -1341.05
265.9 110.376  -1341.56
266 110.418  -1342.07
266.1 110.46  -1342.58
266.2 110.502  -1343.09
266.3 110.544  -1343.59
266.4 110.586  -1344.1
266.5 110.628  -1344.61
266.6 110.67  -1345.12
266.7 110.712  -1345.63
266.8 110.754  -1346.14
266.9 110.796  -1346.64
267 110.839  -1347.15
267.1 110.881  -1347.66
267.2 110.923  -1348.17
267.3 110.965  -1348.68
267.4 111.007  -1349.18
267.5 111.049  -1349.69
267.6 111.091  -1350.2
267.7 111.133  -1350.71
267.8 111.175  -1351.22
267.9 111.217  -1351.72
268 111.259  -1352.23
268.1 111.301  -1352.74
268.2 111.343  -1353.25
268.3 111.385  -1353.76
268.4 111.427  -1354.27
268.5 111.469  -1354.77
268.6 111.511  -1355.28
268.7 111.553  -1355.79
268.8 111.595  -1356.3
268.9 111.637  -1356.81
269 111.679  -1357.31
269.1 111.721  -1357.82
269.2 111.763  -1358.33
269.3 111.805  -1358.84
269.4 111.847  -1359.35
269.5 111.889  -1359.85
269.6 111.931  -1360.36
269.7 111.973  -1360.87
269.8 112.015  -1361.38
269.9 112.057  -1361.89
270 112.099  -1362.39
270.1 112.141  -1362.9
270.2 112.183  -1363.41
270.3 112.225  -1363.92
270.4 112.267  -1364.43
270.5 112.309  -1364.94
270.6 112.351  -1365.44
270.7 112.393  -1365.95
270.8 112.435  -1366.46
270.9 112.477  -1366.97
271 112.52  -1367.48
271.1 112.562  -1367.98
271.2 112.604  -1368.49
271.3 112.646  -1369
271.4 112.688  -1369.51
271.5 112.73  -1370.02
271.6 112.772  -1370.52
271.7 112.814  -1371.03
271.8 112.856  -1371.54
271.9 112.898  -1372.05
272 112.94  -1372.56
272.1 112.982  -1373.07
272.2 113.024  -1373.57
272.3 113.066  -1374.08
272.4 113.108  -1374.59
272.5 113.15  -1375.1
272.6 113.192  -1375.61
272.7 113.234  -1376.11
272.8 113.276  -1376.62
272.9 113.318  -1377.13
273 113.36  -1377.64
273.1 113.402  -1378.15
273.2 113.444  -1378.65
273.3 113.486  -1379.16
273.4 113.528  -1379.67
273.5 113.57  -1380.18
273.6 113.612  -1380.69
273.7 113.654  -1381.19
273.8 113.696  -1381.7
273.9 113.738  -1382.21
274 113.78  -1382.72
274.1 113.822  -1383.23
274.2 113.864  -1383.74
274.3 113.906  -1384.24
274.4 113.948  -1384.75
274.5 113.99  -1385.26
274.6 114.032  -1385.77
274.7 114.074  -1386.28
274.8 114.116  -1386.78
274.9 114.158  -1387.29
275 114.2  -1387.8
275.1 114.243  -1388.31
275.2 114.285  -1388.82
275.3 114.327  -1389.32
275.4 114.369  -1389.83
275.5 114.411  -1390.34
275.6 114.453  -1390.85
275.7 114.495  -1391.36
275.8 114.537  -1391.87
275.9 114.579  -1392.37
276 114.621  -1392.88
276.1 114.663  -1393.39
276.2 114.705  -1393.9
276.3 114.747  -1394.41
276.4 114.789  -1394.91
276.5 114.831  -1395.42
276.6 114.873  -1395.93
276.7 114.915  -1396.44
276.8 114.957  -1396.95
276.9 114.999  -1397.45
277 115.041  -1397.96
277.1 115.083  -1398.47
277.2 115.125  -1398.98
277.3 115.167  -1399.49
277.4 115.209  -1399.99
277.5 115.251  -1400.5
277.6 115.293  -1401.01
277.7 115.335  -1401.52
277.8 115.377  -1402.03
277.9 115.419  -1402.54
278 115.461  -1403.04
278.1 115.503  -1403.55
278.2 115.545  -1404.06
278.3 115.587  -1404.57
278.4 115.629  -1405.08
278.5 115.671  -1405.58
278.6 115.713  -1406.09
278.7 115.755  -1406.6
278.8 115.797  -1407.11
278.9 115.839  -1407.62
279 115.881  -1408.12
279.1 115.924  -1408.63
279.2 115.966  -1409.14
279.3 116.008  -1409.65
279.4 116.05  -1410.16
279.5 116.092  -1410.67
279.6 116.134  -1411.17
279.7 116.176  -1411.68
279.8 116.218  -1412.19
279.9 116.26  -1412.7
280 116.302  -1413.21
280.1 116.344  -1413.71
280.2 116.386  -1414.22
280.3 116.428  -1414.73
280.4 116.47  -1415.24
280.5 116.512  -1415.75
280.6 116.554  -1416.25
280.7 116.596  -1416.76
280.8 116.638  -1417.27
280.9 116.68  -1417.78
281 116.722  -1418.29
281.1 116.764  -1418.8
281.2 116.806  -1419.3
281.3 116.848  -1419.81
281.4 116.89  -1420.32
281.5 116.932  -1420.83
281.6 116.974  -1421.34
281.7 117.016  -1421.84
281.8 117.058  -1422.35
281.9 117.1  -1422.86
282 117.142  -1423.37
282.1 117.184  -1423.88
282.2 117.226  -1424.38
282.3 117.268  -1424.89
282.4 117.31  -1425.4
282.5 117.352  -1425.91
282.6 117.394  -1426.42
282.7 117.436  -1426.92
282.8 117.478  -1427.43
282.9 117.52  -1427.94
283 117.562  -1428.45
283.1 117.604  -1428.96
283.2 117.646  -1429.47
283.3 117.689  -1429.97
283.4 117.731  -1430.48
283.5 117.773  -1430.99
283.6 117.815  -1431.5
283.7 117.857  -1432.01
283.8 117.899  -1432.51
283.9 117.941  -1433.02
284 117.983  -1433.53
284.1 118.025  -1434.04
284.2 118.067  -1434.55
284.3 118.109  -1435.05
284.4 118.151  -1435.56
284.5 118.193  -1436.07
284.6 118.235  -1436.58
284.7 118.277  -1437.09
284.8 118.319  -1437.6
284.9 118.361  -1438.1
285 118.403  -1438.61
285.1 118.445  -1439.12
285.2 118.487  -1439.63
285.3 118.529  -1440.14
285.4 118.571  -1440.64
285.5 118.613  -1441.15
285.6 118.655  -1441.66
285.7 118.697  -1442.17
285.8 118.739  -1442.68
285.9 118.781  -1443.18
286 118.823  -1443.69
286.1 118.865  -1444.2
286.2 118.907  -1444.71
286.3 118.949  -1445.22
286.4 118.991  -1445.72
286.5 119.033  -1446.23
286.6 119.075  -1446.74
286.7 119.117  -1447.25
286.8 119.159  -1447.76
286.9 119.201  -1448.27
287 119.243  -1448.77
287.1 119.285  -1449.28
287.2 119.327  -1449.79
287.3 119.369  -1450.3
287.4 119.412  -1450.81
287.5 119.454  -1451.31
287.6 119.496  -1451.82
287.7 119.538  -1452.33
287.8 119.58  -1452.84
287.9 119.622  -1453.35
288 119.664  -1453.85
288.1 119.706  -1454.36
288.2 119.748  -1454.87
288.3 119.79  -1455.38
288.4 119.832  -1455.89
288.5 119.874  -1456.4
288.6 119.916  -1456.9
288.7 119.958  -1457.41
288.8 120  -1457.92
288.9 120.042  -1458.43
289 120.084  -1458.94
289.1 120.126  -1459.44
289.2 120.168  -1459.95
289.3 120.21  -1460.46
289.4 120.252  -1460.97
289.5 120.294  -1461.48
289.6 120.336  -1461.98
289.7 120.378  -1462.49
289.8 120.42  -1463
289.9 120.462  -1463.51
290 120.504  -1464.02
290.1 120.546  -1464.52
290.2 120.588  -1465.03
290.3 120.63  -1465.54
290.4 120.672  -1466.05
290.5 120.714  -1466.56
290.6 120.756  -1467.07
290.7 120.798  -1467.57
290.8 120.84  -1468.08
290.9 120.882  -1468.59
291 120.924  -1469.1
291.1 120.966  -1469.61
291.2 121.008  -1470.11
291.3 121.05  -1470.62
291.4 121.092  -1471.13
291.5 121.134  -1471.64
291.6 121.177  -1472.15
291.7 121.219  -1472.65
291.8 121.261  -1473.16
291.9 121.303  -1473.67
292 121.345  -1474.18
292.1 121.387  -1474.69
292.2 121.429  -1475.2
292.3 121.471  -1475.7
292.4 121.513  -1476.21
292.5 121.555  -1476.72
292.6 121.597  -1477.23
292.7 121.639  -1477.74
292.8 121.681  -1478.24
292.9 121.723  -1478.75
293 121.765  -1479.26
293.1 121.807  -1479.77
293.2 121.849  -1480.28
293.3 121.891  -1480.78
293.4 121.933  -1481.29
293.5 121.975  -1481.8
293.6 122.017  -1482.31
293.7 122.059  -1482.82
293.8 122.101  -1483.32
293.9 122.143  -1483.83
294 122.185  -1484.34
294.1 122.227  -1484.85
294.2 122.269  -1485.36
294.3 122.311  -1485.87
294.4 122.353  -1486.37
294.5 122.395  -1486.88
294.6 122.437  -1487.39
294.7 122.479  -1487.9
294.8 122.521  -1488.41
294.9 122.563  -1488.91
295 122.605  -1489.42
295.1 122.647  -1489.93
295.2 122.689  -1490.44
295.3 122.731  -1490.95
295.4 122.773  -1491.45
295.5 122.815  -1491.96
295.6 122.857  -1492.47
295.7 122.899  -1492.98
295.8 122.942  -1493.49
295.9 122.984  -1494
296 123.026  -1494.5
296.1 123.068  -1495.01
296.2 123.11  -1495.52
296.3 123.152  -1496.03
296.4 123.194  -1496.54
296.5 123.236  -1497.04
296.6 123.278  -1497.55
296.7 123.32  -1498.06
296.8 123.362  -1498.57
296.9 123.404  -1499.08
297 123.446  -1499.58
297.1 123.488  -1500.09
297.2 123.53  -1500.6
297.3 123.572  -1501.11
297.4 123.614  -1501.62
297.5 123.656  -1502.12
297.6 123.698  -1502.63
297.7 123.74  -1503.14
297.8 123.782  -1503.65
297.9 123.824  -1504.16
298 123.866  -1504.67
298.1 123.908  -1505.17
298.2 123.95  -1505.68
298.3 123.992  -1506.19
298.4 124.034  -1506.7
298.5 124.076  -1507.21
298.6 124.118  -1507.71
298.7 124.16  -1508.22
298.8 124.202  -1508.73
298.9 124.244  -1509.24
299 124.286  -1509.75
299.1 124.328  -1510.25
299.2 124.37  -1510.76
299.3 124.412  -1511.27
299.4 124.454  -1511.78
299.5 124.496  -1512.29
299.6 124.538  -1512.8
299.7 124.58  -1513.3
299.8 124.622  -1513.81
299.9 124.664  -1514.32
300 124.707  -1514.83
300.1 124.749  -1515.34
300.2 124.791  -1515.84
300.3 124.833  -1516.35
300.4 124.875  -1516.86
300.5 124.917  -1517.37
300.6 124.959  -1517.88
300.7 125.001  -1518.38
300.8 125.043  -1518.89
300.9 125.085  -1519.4
301 125.127  -1519.91
301.1 125.169  -1520.42
301.2 125.211  -1520.92
301.3 125.253  -1521.43
301.4 125.295  -1521.94
301.5 125.337  -1522.45
301.6 125.379  -1522.96
301.7 125.421  -1523.47
301.8 125.463  -1523.97
301.9 125.505  -1524.48
302 125.547  -1524.99
302.1 125.589  -1525.5
302.2 125.631  -1526.01
302.3 125.673  -1526.51
302.4 125.715  -1527.02
302.5 125.757  -1527.53
302.6 125.799  -1528.04
302.7 125.841  -1528.55
302.8 125.883  -1529.05
302.9 125.925  -1529.56
303 125.967  -1530.07
303.1 126.009  -1530.58
303.2 126.051  -1531.09
303.3 126.093  -1531.6
303.4 126.135  -1532.1
303.5 126.177  -1532.61
303.6 126.219  -1533.12
303.7 126.261  -1533.63
303.8 126.303  -1534.14
303.9 126.345  -1534.64
304 126.387  -1535.15
304.1 126.429  -1535.66
304.2 126.471  -1536.17
304.3 126.514  -1536.68
304.4 126.556  -1537.18
304.5 126.598  -1537.69
304.6 126.64  -1538.2
304.7 126.682  -1538.71
304.8 126.724  -1539.22
304.9 126.766  -1539.72
305 126.808  -1540.23
305.1 126.85  -1540.74
305.2 126.892  -1541.25
305.3 126.934  -1541.76
305.4 126.976  -1542.27
305.5 127.018  -1542.77
305.6 127.06  -1543.28
305.7 127.102  -1543.79
305.8 127.144  -1544.3
305.9 127.186  -1544.81
306 127.228  -1545.31
306.1 127.27  -1545.82
306.2 127.312  -1546.33
306.3 127.354  -1546.84
306.4 127.396  -1547.35
306.5 127.438  -1547.85
306.6 127.48  -1548.36
306.7 127.522  -1548.87
306.8 127.564  -1549.38
306.9 127.606  -1549.89
307 127.648  -1550.39
307.1 127.69  -1550.9
307.2 127.732  -1551.41
307.3 127.774  -1551.92
307.4 127.816  -1552.43
307.5 127.858  -1552.94
307.6 127.9  -1553.44
307.7 127.942  -1553.95
307.8 127.984  -1554.46
307.9 128.026  -1554.97
308 128.068  -1555.48
308.1 128.11  -1555.98
308.2 128.152  -1556.49
308.3 128.194  -1557
308.4 128.236  -1557.51
308.5 128.278  -1558.02
308.6 128.321  -1558.52
308.7 128.363  -1559.03
308.8 128.405  -1559.54
308.9 128.447  -1560.05
309 128.489  -1560.56
309.1 128.531  -1561.07
309.2 128.573  -1561.57
309.3 128.615  -1562.08
309.4 128.657  -1562.59
309.5 128.699  -1563.1
309.6 128.741  -1563.61
309.7 128.783  -1564.11
309.8 128.825  -1564.62
309.9 128.867  -1565.13
310 128.909  -1565.64
310.1 128.951  -1566.15
310.2 128.993  -1566.65
310.3 129.035  -1567.16
310.4 129.077  -1567.67
310.5 129.119  -1568.18
310.6 129.161  -1568.69
310.7 129.203  -1569.19
310.8 129.245  -1569.7
310.9 129.287  -1570.21
311 129.329  -1570.72
311.1 129.371  -1571.23
311.2 129.413  -1571.74
311.3 129.455  -1572.24
311.4 129.497  -1572.75
311.5 129.539  -1573.26
311.6 129.581  -1573.77
311.7 129.623  -1574.28
311.8 129.665  -1574.78
311.9 129.707  -1575.29
312 129.749  -1575.8
312.1 129.791  -1576.31
312.2 129.833  -1576.82
312.3 129.875  -1577.32
312.4 129.917  -1577.83
312.5 129.959  -1578.34
312.6 130.001  -1578.85
312.7 130.043  -1579.36
312.8 130.085  -1579.87
312.9 130.128  -1580.37
313 130.17  -1580.88
313.1 130.212  -1581.39
313.2 130.254  -1581.9
313.3 130.296  -1582.41
313.4 130.338  -1582.91
313.5 130.38  -1583.42
313.6 130.422  -1583.93
313.7 130.464  -1584.44
313.8 130.506  -1584.95
313.9 130.548  -1585.45
314 130.59  -1585.96
314.1 130.632  -1586.47
314.2 130.674  -1586.98
314.3 130.716  -1587.49
314.4 130.758  -1587.99
314.5 130.8  -1588.5
314.6 130.842  -1589.01
314.7 130.884  -1589.52
314.8 130.926  -1590.03
314.9 130.968  -1590.54
315 131.01  -1591.04
315.1 131.052  -1591.55
315.2 131.094  -1592.06
315.3 131.136  -1592.57
315.4 131.178  -1593.08
315.5 131.22  -1593.58
315.6 131.262  -1594.09
315.7 131.304  -1594.6
315.8 131.346  -1595.11
315.9 131.388  -1595.62
316 131.43  -1596.12
316.1 131.472  -1596.63
316.2 131.514  -1597.14
316.3 131.556  -1597.65
316.4 131.598  -1598.16
316.5 131.64  -1598.67
316.6 131.682  -1599.17
316.7 131.724  -1599.68
316.8 131.766  -1600.19
316.9 131.808  -1600.7
317 131.85  -1601.21
317.1 131.892  -1601.71
317.2 131.935  -1602.22
317.3 131.977  -1602.73
317.4 132.019  -1603.24
317.5 132.061  -1603.75
317.6 132.103  -1604.25
317.7 132.145  -1604.76
317.8 132.187  -1605.27
317.9 132.229  -1605.78
318 132.271  -1606.29
318.1 132.313  -1606.79
318.2 132.355  -1607.3
318.3 132.397  -1607.81
318.4 132.439  -1608.32
318.5 132.481  -1608.83
318.6 132.523  -1609.34
318.7 132.565  -1609.84
318.8 132.607  -1610.35
318.9 132.649  -1610.86
319 132.691  -1611.37
319.1 132.733  -1611.88
319.2 132.775  -1612.38
319.3 132.817  -1612.89
319.4 132.859  -1613.4
319.5 132.901  -1613.91
319.6 132.943  -1614.42
319.7 132.985  -1614.92
319.8 133.027  -1615.43
319.9 133.069  -1615.94
320 133.111  -1616.45
320.1 133.153  -1616.96
320.2 133.195  -1617.46
320.3 133.237  -1617.97
320.4 133.279  -1618.48
320.5 133.321  -1618.99
320.6 133.363  -1619.5
320.7 133.405  -1620.01
320.8 133.447  -1620.51
320.9 133.489  -1621.02
321 133.531  -1621.53
321.1 133.573  -1622.04
321.2 133.615  -1622.55
321.3 133.657  -1623.05
321.4 133.699  -1623.56
321.5 133.741  -1624.07
321.6 133.784  -1624.58
321.7 133.826  -1625.09
321.8 133.868  -1625.59
321.9 133.91  -1626.1
322 133.952  -1626.61
322.1 133.994  -1627.12
322.2 134.036  -1627.63
322.3 134.078  -1628.14
322.4 134.12  -1628.64
322.5 134.162  -1629.15
322.6 134.204  -1629.66
322.7 134.246  -1630.17
322.8 134.288  -1630.68
322.9 134.33  -1631.18
323 134.372  -1631.69
323.1 134.414  -1632.2
323.2 134.456  -1632.71
323.3 134.498  -1633.22
323.4 134.54  -1633.72
323.5 134.582  -1634.23
323.6 134.624  -1634.74
323.7 134.666  -1635.25
323.8 134.708  -1635.76
323.9 134.75  -1636.26
324 134.792  -1636.77
324.1 134.834  -1637.28
324.2 134.876  -1637.79
324.3 134.918  -1638.3
324.4 134.96  -1638.81
324.5 135.002  -1639.31
324.6 135.044  -1639.82
324.7 135.086  -1640.33
324.8 135.128  -1640.84
324.9 135.17  -1641.35
325 135.212  -1641.85
325.1 135.254  -1642.36
325.2 135.296  -1642.87
325.3 135.338  -1643.38
325.4 135.38  -1643.89
325.5 135.422  -1644.39
325.6 135.464  -1644.9
325.7 135.506  -1645.41
325.8 135.548  -1645.92
325.9 135.59  -1646.43
326 135.633  -1646.93
326.1 135.675  -1647.44
326.2 135.717  -1647.95
326.3 135.759  -1648.46
326.4 135.801  -1648.97
326.5 135.843  -1649.48
326.6 135.885  -1649.98
326.7 135.927  -1650.49
326.8 135.969  -1651
326.9 136.011  -1651.51
327 136.053  -1652.02
327.1 136.095  -1652.52
327.2 136.137  -1653.03
327.3 136.179  -1653.54
327.4 136.221  -1654.05
327.5 136.263  -1654.56
327.6 136.305  -1655.06
327.7 136.347  -1655.57
327.8 136.389  -1656.08
327.9 136.431  -1656.59
328 136.473  -1657.1
328.1 136.515  -1657.61
328.2 136.557  -1658.11
328.3 136.599  -1658.62
328.4 136.641  -1659.13
328.5 136.683  -1659.64
328.6 136.725  -1660.15
328.7 136.767  -1660.65
328.8 136.809  -1661.16
328.9 136.851  -1661.67
329 136.893  -1662.18
329.1 136.935  -1662.69
329.2 136.977  -1663.19
329.3 137.019  -1663.7
329.4 137.061  -1664.21
329.5 137.103  -1664.72
329.6 137.145  -1665.23
329.7 137.187  -1665.73
329.8 137.229  -1666.24
329.9 137.271  -1666.75
330 137.313  -1667.26
330.1 137.355  -1667.77
330.2 137.397  -1668.28
330.3 137.439  -1668.78
330.4 137.481  -1669.29
330.5 137.524  -1669.8
330.6 137.566  -1670.31
330.7 137.608  -1670.82
330.8 137.65  -1671.32
330.9 137.692  -1671.83
331 137.734  -1672.34
331.1 137.776  -1672.85
331.2 137.818  -1673.36
331.3 137.86  -1673.86
331.4 137.902  -1674.37
331.5 137.944  -1674.88
331.6 137.986  -1675.39
331.7 138.028  -1675.9
331.8 138.07  -1676.4
331.9 138.112  -1676.91
332 138.154  -1677.42
332.1 138.196  -1677.93
332.2 138.238  -1678.44
332.3 138.28  -1678.95
332.4 138.322  -1679.45
332.5 138.364  -1679.96
332.6 138.406  -1680.47
332.7 138.448  -1680.98
332.8 138.49  -1681.49
332.9 138.532  -1681.99
333 138.574  -1682.5
333.1 138.616  -1683.01
333.2 138.658  -1683.52
333.3 138.7  -1684.03
333.4 138.742  -1684.53
333.5 138.784  -1685.04
333.6 138.826  -1685.55
333.7 138.868  -1686.06
333.8 138.91  -1686.57
333.9 138.952  -1687.08
334 138.994  -1687.58
334.1 139.036  -1688.09
334.2 139.078  -1688.6
334.3 139.12  -1689.11
334.4 139.162  -1689.62
334.5 139.204  -1690.12
334.6 139.246  -1690.63
334.7 139.288  -1691.14
334.8 139.33  -1691.65
334.9 139.372  -1692.16
335 139.415  -1692.66
335.1 139.457  -1693.17
335.2 139.499  -1693.68
335.3 139.541  -1694.19
335.4 139.583  -1694.7
335.5 139.625  -1695.2
335.6 139.667  -1695.71
335.7 139.709  -1696.22
335.8 139.751  -1696.73
335.9 139.793  -1697.24
336 139.835  -1697.75
336.1 139.877  -1698.25
336.2 139.919  -1698.76
336.3 139.961  -1699.27
336.4 140.003  -1699.78
336.5 140.045  -1700.29
336.6 140.087  -1700.79
336.7 140.129  -1701.3
336.8 140.171  -1701.81
336.9 140.213  -1702.32
337 140.255  -1702.83
337.1 140.297  -1703.33
337.2 140.339  -1703.84
337.3 140.381  -1704.35
337.4 140.423  -1704.86
337.5 140.465  -1705.37
337.6 140.507  -1705.87
337.7 140.549  -1706.38
337.8 140.591  -1706.89
337.9 140.633  -1707.4
338 140.675  -1707.91
338.1 140.717  -1708.42
338.2 140.759  -1708.92
338.3 140.801  -1709.43
338.4 140.843  -1709.94
338.5 140.885  -1710.45
338.6 140.927  -1710.96
338.7 140.969  -1711.46
338.8 141.011  -1711.97
338.9 141.053  -1712.48
339 141.095  -1712.99
339.1 141.137  -1713.5
339.2 141.179  -1714
339.3 141.221  -1714.51
339.4 141.263  -1715.02
339.5 141.306  -1715.53
339.6 141.348  -1716.04
339.7 141.39  -1716.55
339.8 141.432  -1717.05
339.9 141.474  -1717.56
340 141.516  -1718.07
340.1 141.558  -1718.58
340.2 141.6  -1719.09
340.3 141.642  -1719.59
340.4 141.684  -1720.1
340.5 141.726  -1720.61
340.6 141.768  -1721.12
340.7 141.81  -1721.63
340.8 141.852  -1722.13
340.9 141.894  -1722.64
341 141.936  -1723.15
341.1 141.978  -1723.66
341.2 142.02  -1724.17
341.3 142.062  -1724.67
341.4 142.104  -1725.18
341.5 142.146  -1725.69
341.6 142.188  -1726.2
341.7 142.23  -1726.71
341.8 142.272  -1727.22
341.9 142.314  -1727.72
342 142.356  -1728.23
342.1 142.398  -1728.74
342.2 142.44  -1729.25
342.3 142.482  -1729.76
342.4 142.524  -1730.26
342.5 142.566  -1730.77
342.6 142.608  -1731.28
342.7 142.65  -1731.79
342.8 142.692  -1732.3
342.9 142.734  -1732.8
343 142.776  -1733.31
343.1 142.818  -1733.82
343.2 142.86  -1734.33
343.3 142.902  -1734.84
343.4 142.944  -1735.34
343.5 142.986  -1735.85
343.6 143.028  -1736.36
343.7 143.07  -1736.87
343.8 143.112  -1737.38
343.9 143.154  -1737.89
344 143.197  -1738.39
344.1 143.239  -1738.9
344.2 143.281  -1739.41
344.3 143.323  -1739.92
344.4 143.365  -1740.43
344.5 143.407  -1740.93
344.6 143.449  -1741.44
344.7 143.491  -1741.95
344.8 143.533  -1742.46
344.9 143.575  -1742.97
345 143.617  -1743.47
345.1 143.659  -1743.98
345.2 143.701  -1744.49
345.3 143.743  -1745
345.4 143.785  -1745.51
345.5 143.827  -1746.02
345.6 143.869  -1746.52
345.7 143.911  -1747.03
345.8 143.953  -1747.54
345.9 143.995  -1748.05
346 144.037  -1748.56
346.1 144.079  -1749.06
346.2 144.121  -1749.57
346.3 144.163  -1750.08
346.4 144.205  -1750.59
346.5 144.247  -1751.1
346.6 144.289  -1751.6
346.7 144.331  -1752.11
346.8 144.373  -1752.62
346.9 144.415  -1753.13
347 144.457  -1753.64
347.1 144.499  -1754.14
347.2 144.541  -1754.65
347.3 144.583  -1755.16
347.4 144.625  -1755.67
347.5 144.667  -1756.18
347.6 144.709  -1756.69
347.7 144.751  -1757.19
347.8 144.793  -1757.7
347.9 144.835  -1758.21
348 144.877  -1758.72
348.1 144.919  -1759.23
348.2 144.961  -1759.73
348.3 145.003  -1760.24
348.4 145.045  -1760.75
348.5 145.087  -1761.26
348.6 145.13  -1761.77
348.7 145.172  -1762.27
348.8 145.214  -1762.78
348.9 145.256  -1763.29
349 145.298  -1763.8
349.1 145.34  -1764.31
349.2 145.382  -1764.81
349.3 145.424  -1765.32
349.4 145.466  -1765.83
349.5 145.508  -1766.34
349.6 145.55  -1766.85
349.7 145.592  -1767.36
349.8 145.634  -1767.86
349.9 145.676  -1768.37
350 145.718  -1768.88
350.1 145.76  -1769.39
350.2 145.802  -1769.9
350.3 145.844  -1770.4
350.4 145.886  -1770.91
350.5 145.928  -1771.42
350.6 145.97  -1771.93
350.7 146.012  -1772.44
350.8 146.054  -1772.94
350.9 146.096  -1773.45
351 146.138  -1773.96
351.1 146.18  -1774.47
351.2 146.222  -1774.98
351.3 146.264  -1775.48
351.4 146.306  -1775.99
351.5 146.348  -1776.5
351.6 146.39  -1777.01
351.7 146.432  -1777.52
351.8 146.474  -1778.03
351.9 146.516  -1778.53
352 146.558  -1779.04
352.1 146.6  -1779.55
352.2 146.642  -1780.06
352.3 146.684  -1780.57
352.4 146.726  -1781.07
352.5 146.768  -1781.58
352.6 146.81  -1782.09
352.7 146.852  -1782.6
352.8 146.894  -1783.11
352.9 146.936  -1783.61
353 146.978  -1784.12
353.1 147.02  -1784.63
353.2 147.063  -1785.14
353.3 147.105  -1785.65
353.4 147.147  -1786.16
353.5 147.189  -1786.66
353.6 147.231  -1787.17
353.7 147.273  -1787.68
353.8 147.315  -1788.19
353.9 147.357  -1788.7
354 147.399  -1789.2
354.1 147.441  -1789.71
354.2 147.483  -1790.22
354.3 147.525  -1790.73
354.4 147.567  -1791.24
354.5 147.609  -1791.74
354.6 147.651  -1792.25
354.7 147.693  -1792.76
354.8 147.735  -1793.27
354.9 147.777  -1793.78
355 147.819  -1794.28
355.1 147.861  -1794.79
355.2 147.903  -1795.3
355.3 147.945  -1795.81
355.4 147.987  -1796.32
355.5 148.029  -1796.83
355.6 148.071  -1797.33
355.7 148.113  -1797.84
355.8 148.155  -1798.35
355.9 148.197  -1798.86
356 148.239  -1799.37
356.1 148.281  -1799.87
356.2 148.323  -1800.38
356.3 148.365  -1800.89
356.4 148.407  -1801.4
356.5 148.449  -1801.91
356.6 148.491  -1802.41
356.7 148.533  -1802.92
356.8 148.575  -1803.43
356.9 148.617  -1803.94
357 148.659  -1804.45
357.1 148.701  -1804.95
357.2 148.743  -1805.46
357.3 148.785  -1805.97
357.4 148.827  -1806.48
357.5 148.869  -1806.99
357.6 148.911  -1807.5
357.7 148.953  -1808
357.8 148.996  -1808.51
357.9 149.038  -1809.02
358 149.08  -1809.53
358.1 149.122  -1810.04
358.2 149.164  -1810.54
358.3 149.206  -1811.05
358.4 149.248  -1811.56
358.5 149.29  -1812.07
358.6 149.332  -1812.58
358.7 149.374  -1813.08
358.8 149.416  -1813.59
358.9 149.458  -1814.1
359 149.5  -1814.61
359.1 149.542  -1815.12
359.2 149.584  -1815.62
359.3 149.626  -1816.13
359.4 149.668  -1816.64
359.5 149.71  -1817.15
359.6 149.752  -1817.66
359.7 149.794  -1818.17
359.8 149.836  -1818.67
359.9 149.878  -1819.18
360 149.92  -1819.69
360.1 149.962  -1820.2
360.2 150.004  -1820.71
360.3 150.046  -1821.21
360.4 150.088  -1821.72
360.5 150.13  -1822.23
360.6 150.172  -1822.74
360.7 150.214  -1823.25
360.8 150.256  -1823.75
360.9 150.298  -1824.26
361 150.34  -1824.77
361.1 150.382  -1825.28
361.2 150.424  -1825.79
361.3 150.466  -1826.3
361.4 150.508  -1826.8
361.5 150.55  -1827.31
361.6 150.592  -1827.82
361.7 150.634  -1828.33
361.8 150.676  -1828.84
361.9 150.718  -1829.34
362 150.76  -1829.85
362.1 150.802  -1830.36
362.2 150.844  -1830.87
362.3 150.886  -1831.38
362.4 150.929  -1831.88
362.5 150.971  -1832.39
362.6 151.013  -1832.9
362.7 151.055  -1833.41
362.8 151.097  -1833.92
362.9 151.139  -1834.42
363 151.181  -1834.93
363.1 151.223  -1835.44
363.2 151.265  -1835.95
363.3 151.307  -1836.46
363.4 151.349  -1836.97
363.5 151.391  -1837.47
363.6 151.433  -1837.98
363.7 151.475  -1838.49
363.8 151.517  -1839
363.9 151.559  -1839.51
364 151.601  -1840.01
364.1 151.643  -1840.52
364.2 151.685  -1841.03
364.3 151.727  -1841.54
364.4 151.769  -1842.05
364.5 151.811  -1842.55
364.6 151.853  -1843.06
364.7 151.895  -1843.57
364.8 151.937  -1844.08
364.9 151.979  -1844.59
365 152.021  -1845.09
365.1 152.063  -1845.6
365.2 152.105  -1846.11
365.3 152.147  -1846.62
365.4 152.189  -1847.13
365.5 152.231  -1847.64
365.6 152.273  -1848.14
365.7 152.315  -1848.65
365.8 152.357  -1849.16
365.9 152.399  -1849.67
366 152.441  -1850.18
366.1 152.483  -1850.68
366.2 152.525  -1851.19
366.3 152.567  -1851.7
366.4 152.609  -1852.21
366.5 152.651  -1852.72
366.6 152.693  -1853.22
366.7 152.735  -1853.73
366.8 152.777  -1854.24
366.9 152.819  -1854.75
367 152.861  -1855.26
367.1 152.904  -1855.76
367.2 152.946  -1856.27
367.3 152.988  -1856.78
367.4 153.03  -1857.29
367.5 153.072  -1857.8
367.6 153.114  -1858.31
367.7 153.156  -1858.81
367.8 153.198  -1859.32
367.9 153.24  -1859.83
368 153.282  -1860.34
368.1 153.324  -1860.85
368.2 153.366  -1861.35
368.3 153.408  -1861.86
368.4 153.45  -1862.37
368.5 153.492  -1862.88
368.6 153.534  -1863.39
368.7 153.576  -1863.89
368.8 153.618  -1864.4
368.9 153.66  -1864.91
369 153.702  -1865.42
369.1 153.744  -1865.93
369.2 153.786  -1866.43
369.3 153.828  -1866.94
369.4 153.87  -1867.45
369.5 153.912  -1867.96
369.6 153.954  -1868.47
369.7 153.996  -1868.98
369.8 154.038  -1869.48
369.9 154.08  -1869.99
370 154.122  -1870.5
370.1 154.164  -1871.01
370.2 154.206  -1871.52
370.3 154.248  -1872.02
370.4 154.29  -1872.53
370.5 154.332  -1873.04
370.6 154.374  -1873.55
370.7 154.416  -1874.06
370.8 154.458  -1874.56
370.9 154.5  -1875.07
371 154.542  -1875.58
371.1 154.584  -1876.09
371.2 154.626  -1876.6
371.3 154.668  -1877.11
371.4 154.71  -1877.61
371.5 154.752  -1878.12
371.6 154.794  -1878.63
371.7 154.836  -1879.14
371.8 154.879  -1879.65
371.9 154.921  -1880.15
372 154.963  -1880.66
372.1 155.005  -1881.17
372.2 155.047  -1881.68
372.3 155.089  -1882.19
372.4 155.131  -1882.69
372.5 155.173  -1883.2
372.6 155.215  -1883.71
372.7 155.257  -1884.22
372.8 155.299  -1884.73
372.9 155.341  -1885.23
373 155.383  -1885.74
373.1 155.425  -1886.25
373.2 155.467  -1886.76
373.3 155.509  -1887.27
373.4 155.551  -1887.78
373.5 155.593  -1888.28
373.6 155.635  -1888.79
373.7 155.677  -1889.3
373.8 155.719  -1889.81
373.9 155.761  -1890.32
374 155.803  -1890.82
374.1 155.845  -1891.33
374.2 155.887  -1891.84
374.3 155.929  -1892.35
374.4 155.971  -1892.86
374.5 156.013  -1893.36
374.6 156.055  -1893.87
374.7 156.097  -1894.38
374.8 156.139  -1894.89
374.9 156.181  -1895.4
375 156.223  -1895.9
375.1 156.265  -1896.41
375.2 156.307  -1896.92
375.3 156.349  -1897.43
375.4 156.391  -1897.94
375.5 156.433  -1898.45
375.6 156.475  -1898.95
375.7 156.517  -1899.46
375.8 156.559  -1899.97
375.9 156.601  -1900.48
376 156.643  -1900.99
376.1 156.685  -1901.49
376.2 156.727  -1902
376.3 156.769  -1902.51
376.4 156.811  -1903.02
376.5 156.854  -1903.53
376.6 156.896  -1904.03
376.7 156.938  -1904.54
376.8 156.98  -1905.05
376.9 157.022  -1905.56
377 157.064  -1906.07
377.1 157.106  -1906.57
377.2 157.148  -1907.08
377.3 157.19  -1907.59
377.4 157.232  -1908.1
377.5 157.274  -1908.61
377.6 157.316  -1909.12
377.7 157.358  -1909.62
377.8 157.4  -1910.13
377.9 157.442  -1910.64
378 157.484  -1911.15
378.1 157.526  -1911.66
378.2 157.568  -1912.16
378.3 157.61  -1912.67
378.4 157.652  -1913.18
378.5 157.694  -1913.69
378.6 157.736  -1914.2
378.7 157.778  -1914.7
378.8 157.82  -1915.21
378.9 157.862  -1915.72
379 157.904  -1916.23
379.1 157.946  -1916.74
379.2 157.988  -1917.24
379.3 158.03  -1917.75
379.4 158.072  -1918.26
379.5 158.114  -1918.77
379.6 158.156  -1919.28
379.7 158.198  -1919.79
379.8 158.24  -1920.29
379.9 158.282  -1920.8
380 158.324  -1921.31
380.1 158.366  -1921.82
380.2 158.408  -1922.33
380.3 158.45  -1922.83
380.4 158.492  -1923.34
380.5 158.534  -1923.85
380.6 158.576  -1924.36
380.7 158.618  -1924.87
380.8 158.66  -1925.37
380.9 158.702  -1925.88
381 158.744  -1926.39
381.1 158.786  -1926.9
381.2 158.828  -1927.41
381.3 158.871  -1927.91
381.4 158.913  -1928.42
381.5 158.955  -1928.93
381.6 158.997  -1929.44
381.7 159.039  -1929.95
381.8 159.081  -1930.46
381.9 159.123  -1930.96
382 159.165  -1931.47
382.1 159.207  -1931.98
382.2 159.249  -1932.49
382.3 159.291  -1933
382.4 159.333  -1933.5
382.5 159.375  -1934.01
382.6 159.417  -1934.52
382.7 159.459  -1935.03
382.8 159.501  -1935.54
382.9 159.543  -1936.04
383 159.585  -1936.55
383.1 159.627  -1937.06
383.2 159.669  -1937.57
383.3 159.711  -1938.08
383.4 159.753  -1938.58
383.5 159.795  -1939.09
383.6 159.837  -1939.6
383.7 159.879  -1940.11
383.8 159.921  -1940.62
383.9 159.963  -1941.13
384 160.005  -1941.63
384.1 160.047  -1942.14
384.2 160.089  -1942.65
384.3 160.131  -1943.16
384.4 160.173  -1943.67
384.5 160.215  -1944.17
384.6 160.257  -1944.68
384.7 160.299  -1945.19
384.8 160.341  -1945.7
384.9 160.383  -1946.21
385 160.425  -1946.71
385.1 160.467  -1947.22
385.2 160.509  -1947.73
385.3 160.551  -1948.24
385.4 160.593  -1948.75
385.5 160.635  -1949.26
385.6 160.677  -1949.76
385.7 160.719  -1950.27
385.8 160.761  -1950.78
385.9 160.803  -1951.29
386 160.846  -1951.8
386.1 160.888  -1952.3
386.2 160.93  -1952.81
386.3 160.972  -1953.32
386.4 161.014  -1953.83
386.5 161.056  -1954.34
386.6 161.098  -1954.84
386.7 161.14  -1955.35
386.8 161.182  -1955.86
386.9 161.224  -1956.37
387 161.266  -1956.88
387.1 161.308  -1957.38
387.2 161.35  -1957.89
387.3 161.392  -1958.4
387.4 161.434  -1958.91
387.5 161.476  -1959.42
387.6 161.518  -1959.93
387.7 161.56  -1960.43
387.8 161.602  -1960.94
387.9 161.644  -1961.45
388 161.686  -1961.96
388.1 161.728  -1962.47
388.2 161.77  -1962.97
388.3 161.812  -1963.48
388.4 161.854  -1963.99
388.5 161.896  -1964.5
388.6 161.938  -1965.01
388.7 161.98  -1965.51
388.8 162.022  -1966.02
388.9 162.064  -1966.53
389 162.106  -1967.04
389.1 162.148  -1967.55
389.2 162.19  -1968.05
389.3 162.232  -1968.56
389.4 162.274  -1969.07
389.5 162.316  -1969.58
389.6 162.358  -1970.09
389.7 162.4  -1970.6
389.8 162.442  -1971.1
389.9 162.484  -1971.61
390 162.526  -1972.12
390.1 162.568  -1972.63
390.2 162.61  -1973.14
390.3 162.652  -1973.64
390.4 162.694  -1974.15
390.5 162.736  -1974.66
390.6 162.778  -1975.17
390.7 162.82  -1975.68
390.8 162.862  -1976.18
390.9 162.905  -1976.69
391 162.947  -1977.2
391.1 162.989  -1977.71
391.2 163.031  -1978.22
391.3 163.073  -1978.72
391.4 163.115  -1979.23
391.5 163.157  -1979.74
391.6 163.199  -1980.25
391.7 163.241  -1980.76
391.8 163.283  -1981.27
391.9 163.325  -1981.77
392 163.367  -1982.28
392.1 163.409  -1982.79
392.2 163.451  -1983.3
392.3 163.493  -1983.81
392.4 163.535  -1984.31
392.5 163.577  -1984.82
392.6 163.619  -1985.33
392.7 163.661  -1985.84
392.8 163.703  -1986.35
392.9 163.745  -1986.85
393 163.787  -1987.36
393.1 163.829  -1987.87
393.2 163.871  -1988.38
393.3 163.913  -1988.89
393.4 163.955  -1989.39
393.5 163.997  -1989.9
393.6 164.039  -1990.41
393.7 164.081  -1990.92
393.8 164.123  -1991.43
393.9 164.165  -1991.94
394 164.207  -1992.44
394.1 164.249  -1992.95
394.2 164.291  -1993.46
394.3 164.333  -1993.97
394.4 164.375  -1994.48
394.5 164.417  -1994.98
394.6 164.459  -1995.49
394.7 164.501  -1996
394.8 164.543  -1996.51
394.9 164.585  -1997.02
395 164.627  -1997.52
395.1 164.669  -1998.03
395.2 164.711  -1998.54
395.3 164.753  -1999.05
395.4 164.795  -1999.56
395.5 164.837  -2000.06
395.6 164.879  -2000.57
395.7 164.922  -2001.08
395.8 164.964  -2001.59
395.9 165.006  -2002.1
396 165.048  -2002.61
396.1 165.09  -2003.11
396.2 165.132  -2003.62
396.3 165.174  -2004.13
396.4 165.216  -2004.64
396.5 165.258  -2005.15
396.6 165.3  -2005.65
396.7 165.342  -2006.16
396.8 165.384  -2006.67
396.9 165.426  -2007.18
397 165.468  -2007.69
397.1 165.51  -2008.19
397.2 165.552  -2008.7
397.3 165.594  -2009.21
397.4 165.636  -2009.72
397.5 165.678  -2010.23
397.6 165.72  -2010.73
397.7 165.762  -2011.24
397.8 165.804  -2011.75
397.9 165.846  -2012.26
398 165.888  -2012.77
398.1 165.93  -2013.28
398.2 165.972  -2013.78
398.3 166.014  -2014.29
398.4 166.056  -2014.8
398.5 166.098  -2015.31
398.6 166.14  -2015.82
398.7 166.182  -2016.32
398.8 166.224  -2016.83
398.9 166.266  -2017.34
399 166.308  -2017.85
399.1 166.35  -2018.36
399.2 166.392  -2018.86
399.3 166.434  -2019.37
399.4 166.476  -2019.88
399.5 166.518  -2020.39
399.6 166.56  -2020.9
399.7 166.602  -2021.4
399.8 166.644  -2021.91
399.9 166.686  -2022.42
