0 -1  2
0.001 -1  2
0.002 -1  2
0.003 -0.999999  1.99999
0.004 -0.999999  1.99999
0.005 -0.999998  1.99999
0.006 -0.999998  1.99998
0.007 -0.999997  1.99998
0.008 -0.999996  1.99997
0.009 -0.999995  1.99997
0.01 -0.999994  1.99996
0.011 -0.999993  1.99995
0.012 -0.999992  1.99995
0.013 -0.999991  1.99994
0.014 -0.999989  1.99993
0.015 -0.999988  1.99992
0.016 -0.999986  1.99991
0.017 -0.999984  1.9999
0.018 -0.999983  1.99989
0.019 -0.999981  1.99987
0.02 -0.999979  1.99986
0.021 -0.999977  1.99985
0.022 -0.999975  1.99983
0.023 -0.999972  1.99982
0.024 -0.99997  1.9998
0.025 -0.999968  1.99979
0.026 -0.999965  1.99977
0.027 -0.999962  1.99975
0.028 -0.99996  1.99974
0.029 -0.999957  1.99972
0.03 -0.999954  1.9997
0.031 -0.999951  1.99968
0.032 -0.999948  1.99966
0.033 -0.999945  1.99964
0.034 -0.999941  1.99962
0.035 -0.999938  1.99959
0.036 -0.999934  1.99957
0.037 -0.999931  1.99955
0.038 -0.999927  1.99952
0.039 -0.999923  1.9995
0.04 -0.999919  1.99947
0.041 -0.999915  1.99945
0.042 -0.999911  1.99942
0.043 -0.999907  1.99939
0.044 -0.999903  1.99936
0.045 -0.999898  1.99934
0.046 -0.999894  1.99931
0.047 -0.999889  1.99928
0.048 -0.999885  1.99925
0.049 -0.99988  1.99921
0.05 -0.999875  1.99918
0.051 -0.99987  1.99915
0.052 -0.999865  1.99912
0.053 -0.99986  1.99908
0.054 -0.999855  1.99905
0.055 -0.999849  1.99901
0.056 -0.999844  1.99898
0.057 -0.999839  1.99894
0.058 -0.999833  1.99891
0.059 -0.999827  1.99887
0.06 -0.999821  1.99883
0.061 -0.999815  1.99879
0.062 -0.999809  1.99875
0.063 -0.999803  1.99871
0.064 -0.999797  1.99867
0.065 -0.999791  1.99863
0.066 -0.999784  1.99859
0.067 -0.999778  1.99855
0.068 -0.999771  1.9985
0.069 -0.999765  1.99846
0.07 -0.999758  1.99842
0.071 -0.999751  1.99837
0.072 -0.999744  1.99832
0.073 -0.999737  1.99828
0.074 -0.99973  1.99823
0.075 -0.999723  1.99818
0.076 -0.999715  1.99814
0.077 -0.999708  1.99809
0.078 -0.9997  1.99804
0.079 -0.999693  1.99799
0.08 -0.999685  1.99794
0.081 -0.999677  1.99789
0.082 -0.999669  1.99783
0.083 -0.999661  1.99778
0.084 -0.999653  1.99773
0.085 -0.999645  1.99767
0.086 -0.999637  1.99762
0.087 -0.999628  1.99756
0.088 -0.99962  1.99751
0.089 -0.999611  1.99745
0.09 -0.999602  1.9974
0.091 -0.999594  1.99734
0.092 -0.999585  1.99728
0.093 -0.999576  1.99722
0.094 -0.999567  1.99716
0.095 -0.999557  1.9971
0.096 -0.999548  1.99704
0.097 -0.999539  1.99698
0.098 -0.999529  1.99692
0.099 -0.99952  1.99685
0.1 -0.99951  1.99679
0.101 -0.9995  1.99673
0.102 -0.999491  1.99666
0.103 -0.999481  1.9966
0.104 -0.999471  1.99653
0.105 -0.99946  1.99646
0.106 -0.99945  1.9964
0.107 -0.99944  1.99633
0.108 -0.999429  1.99626
0.109 -0.999419  1.99619
0.11 -0.999408  1.99612
0.111 -0.999398  1.99605
0.112 -0.999387  1.99598
0.113 -0.999376  1.99591
0.114 -0.999365  1.99584
0.115 -0.999354  1.99577
0.116 -0.999343  1.99569
0.117 -0.999331  1.99562
0.118 -0.99932  1.99554
0.119 -0.999308  1.99547
0.12 -0.999297  1.99539
0.121 -0.999285  1.99531
0.122 -0.999273  1.99524
0.123 -0.999261  1.99516
0.124 -0.999249  1.99508
0.125 -0.999237  1.995
0.126 -0.999225  1.99492
0.127 -0.999213  1.99484
0.128 -0.999201  1.99476
0.129 -0.999188  1.99468
0.13 -0.999176  1.9946
0.131 -0.999163  1.99451
0.132 -0.99915  1.99443
0.133 -0.999137  1.99435
0.134 -0.999124  1.99426
0.135 -0.999111  1.99417
0.136 -0.999098  1.99409
0.137 -0.999085  1.994
0.138 -0.999072  1.99391
0.139 -0.999058  1.99383
0.14 -0.999045  1.99374
0.141 -0.999031  1.99365
0.142 -0.999018  1.99356
0.143 -0.999004  1.99347
0.144 -0.99899  1.99338
0.145 -0.998976  1.99328
0.146 -0.998962  1.99319
0.147 -0.998948  1.9931
0.148 -0.998933  1.993
0.149 -0.998919  1.99291
0.15 -0.998904  1.99282
0.151 -0.99889  1.99272
0.152 -0.998875  1.99262
0.153 -0.99886  1.99253
0.154 -0.998845  1.99243
0.155 -0.998831  1.99233
0.156 -0.998815  1.99223
0.157 -0.9988  1.99213
0.158 -0.998785  1.99203
0.159 -0.99877  1.99193
0.16 -0.998754  1.99183
0.161 -0.998739  1.99173
0.162 -0.998723  1.99162
0.163 -0.998707  1.99152
0.164 -0.998692  1.99142
0.165 -0.998676  1.99131
0.166 -0.99866  1.99121
0.167 -0.998643  1.9911
0.168 -0.998627  1.99099
0.169 -0.998611  1.99089
0.17 -0.998595  1.99078
0.171 -0.998578  1.99067
0.172 -0.998561  1.99056
0.173 -0.998545  1.99045
0.174 -0.998528  1.99034
0.175 -0.998511  1.99023
0.176 -0.998494  1.99012
0.177 -0.998477  1.99001
0.178 -0.99846  1.98989
0.179 -0.998442  1.98978
0.18 -0.998425  1.98966
0.181 -0.998408  1.98955
0.182 -0.99839  1.98943
0.183 -0.998372  1.98932
0.184 -0.998355  1.9892
0.185 -0.998337  1.98908
0.186 -0.998319  1.98897
0.187 -0.998301  1.98885
0.188 -0.998283  1.98873
0.189 -0.998264  1.98861
0.19 -0.998246  1.98849
0.191 -0.998227  1.98837
0.192 -0.998209  1.98824
0.193 -0.99819  1.98812
0.194 -0.998172  1.988
0.195 -0.998153  1.98787
0.196 -0.998134  1.98775
0.197 -0.998115  1.98762
0.198 -0.998096  1.9875
0.199 -0.998076  1.98737
0.2 -0.998057  1.98724
0.201 -0.998038  1.98712
0.202 -0.998018  1.98699
0.203 -0.997999  1.98686
0.204 -0.997979  1.98673
0.205 -0.997959  1.9866
0.206 -0.997939  1.98647
0.207 -0.997919  1.98634
0.208 -0.997899  1.9862
0.209 -0.997879  1.98607
0.21 -0.997859  1.98594
0.211 -0.997838  1.9858
0.212 -0.997818  1.98567
0.213 -0.997797  1.98553
0.214 -0.997776  1.9854
0.215 -0.997756  1.98526
0.216 -0.997735  1.98512
0.217 -0.997714  1.98498
0.218 -0.997693  1.98485
0.219 -0.997671  1.98471
0.22 -0.99765  1.98457
0.221 -0.997629  1.98442
0.222 -0.997607  1.98428
0.223 -0.997586  1.98414
0.224 -0.997564  1.984
0.225 -0.997542  1.98386
0.226 -0.997521  1.98371
0.227 -0.997499  1.98357
0.228 -0.997477  1.98342
0.229 -0.997454  1.98328
0.23 -0.997432  1.98313
0.231 -0.99741  1.98298
0.232 -0.997387  1.98283
0.233 -0.997365  1.98269
0.234 -0.997342  1.98254
0.235 -0.99732  1.98239
0.236 -0.997297  1.98224
0.237 -0.997274  1.98209
0.238 -0.997251  1.98193
0.239 -0.997228  1.98178
0.24 -0.997204  1.98163
0.241 -0.997181  1.98148
0.242 -0.997158  1.98132
0.243 -0.997134  1.98117
0.244 -0.997111  1.98101
0.245 -0.997087  1.98085
0.246 -0.997063  1.9807
0.247 -0.997039  1.98054
0.248 -0.997015  1.98038
0.249 -0.996991  1.98022
0.25 -0.996967  1.98006
0.251 -0.996943  1.9799
0.252 -0.996918  1.97974
0.253 -0.996894  1.97958
0.254 -0.996869  1.97942
0.255 -0.996845  1.97926
0.256 -0.99682  1.97909
0.257 -0.996795  1.97893
0.258 -0.99677  1.97876
0.259 -0.996745  1.9786
0.26 -0.99672  1.97843
0.261 -0.996694  1.97827
0.262 -0.996669  1.9781
0.263 -0.996644  1.97793
0.264 -0.996618  1.97776
0.265 -0.996592  1.97759
0.266 -0.996567  1.97742
0.267 -0.996541  1.97725
0.268 -0.996515  1.97708
0.269 -0.996489  1.97691
0.27 -0.996463  1.97674
0.271 -0.996436  1.97656
0.272 -0.99641  1.97639
0.273 -0.996384  1.97621
0.274 -0.996357  1.97604
0.275 -0.99633  1.97586
0.276 -0.996304  1.97569
0.277 -0.996277  1.97551
0.278 -0.99625  1.97533
0.279 -0.996223  1.97515
0.28 -0.996196  1.97497
0.281 -0.996168  1.97479
0.282 -0.996141  1.97461
0.283 -0.996114  1.97443
0.284 -0.996086  1.97425
0.285 -0.996059  1.97407
0.286 -0.996031  1.97389
0.287 -0.996003  1.9737
0.288 -0.995975  1.97352
0.289 -0.995947  1.97333
0.29 -0.995919  1.97315
0.291 -0.995891  1.97296
0.292 -0.995862  1.97277
0.293 -0.995834  1.97259
0.294 -0.995806  1.9724
0.295 -0.995777  1.97221
0.296 -0.995748  1.97202
0.297 -0.995719  1.97183
0.298 -0.995691  1.97164
0.299 -0.995662  1.97145
0.3 -0.995632  1.97125
0.301 -0.995603  1.97106
0.302 -0.995574  1.97087
0.303 -0.995545  1.97067
0.304 -0.995515  1.97048
0.305 -0.995485  1.97028
0.306 -0.995456  1.97009
0.307 -0.995426  1.96989
0.308 -0.995396  1.96969
0.309 -0.995366  1.96949
0.31 -0.995336  1.9693
0.311 -0.995306  1.9691
0.312 -0.995276  1.9689
0.313 -0.995245  1.9687
0.314 -0.995215  1.96849
0.315 -0.995184  1.96829
0.316 -0.995153  1.96809
0.317 -0.995123  1.96789
0.318 -0.995092  1.96768
0.319 -0.995061  1.96748
0.32 -0.99503  1.96727
0.321 -0.994999  1.96707
0.322 -0.994967  1.96686
0.323 -0.994936  1.96665
0.324 -0.994904  1.96644
0.325 -0.994873  1.96623
0.326 -0.994841  1.96602
0.327 -0.994809  1.96581
0.328 -0.994778  1.9656
0.329 -0.994746  1.96539
0.33 -0.994714  1.96518
0.331 -0.994681  1.96497
0.332 -0.994649  1.96475
0.333 -0.994617  1.96454
0.334 -0.994584  1.96433
0.335 -0.994552  1.96411
0.336 -0.994519  1.96389
0.337 -0.994486  1.96368
0.338 -0.994454  1.96346
0.339 -0.994421  1.96324
0.34 -0.994388  1.96302
0.341 -0.994354  1.9628
0.342 -0.994321  1.96258
0.343 -0.994288  1.96236
0.344 -0.994254  1.96214
0.345 -0.994221  1.96192
0.346 -0.994187  1.9617
0.347 -0.994153  1.96147
0.348 -0.99412  1.96125
0.349 -0.994086  1.96102
0.35 -0.994052  1.9608
0.351 -0.994017  1.96057
0.352 -0.993983  1.96035
0.353 -0.993949  1.96012
0.354 -0.993914  1.95989
0.355 -0.99388  1.95966
0.356 -0.993845  1.95943
0.357 -0.99381  1.9592
0.358 -0.993776  1.95897
0.359 -0.993741  1.95874
0.36 -0.993706  1.95851
0.361 -0.99367  1.95828
0.362 -0.993635  1.95804
0.363 -0.9936  1.95781
0.364 -0.993564  1.95757
0.365 -0.993529  1.95734
0.366 -0.993493  1.9571
0.367 -0.993457  1.95686
0.368 -0.993422  1.95663
0.369 -0.993386  1.95639
0.37 -0.99335  1.95615
0.371 -0.993314  1.95591
0.372 -0.993277  1.95567
0.373 -0.993241  1.95543
0.374 -0.993204  1.95519
0.375 -0.993168  1.95495
0.376 -0.993131  1.9547
0.377 -0.993095  1.95446
0.378 -0.993058  1.95422
0.379 -0.993021  1.95397
0.38 -0.992984  1.95372
0.381 -0.992947  1.95348
0.382 -0.992909  1.95323
0.383 -0.992872  1.95298
0.384 -0.992835  1.95274
0.385 -0.992797  1.95249
0.386 -0.992759  1.95224
0.387 -0.992722  1.95199
0.388 -0.992684  1.95174
0.389 -0.992646  1.95148
0.39 -0.992608  1.95123
0.391 -0.99257  1.95098
0.392 -0.992531  1.95073
0.393 -0.992493  1.95047
0.394 -0.992455  1.95022
0.395 -0.992416  1.94996
0.396 -0.992377  1.9497
0.397 -0.992339  1.94945
0.398 -0.9923  1.94919
0.399 -0.992261  1.94893
0.4 -0.992222  1.94867
0.401 -0.992183  1.94841
0.402 -0.992143  1.94815
0.403 -0.992104  1.94789
0.404 -0.992065  1.94763
0.405 -0.992025  1.94737
0.406 -0.991985  1.9471
0.407 -0.991946  1.94684
0.408 -0.991906  1.94657
0.409 -0.991866  1.94631
0.41 -0.991826  1.94604
0.411 -0.991786  1.94578
0.412 -0.991745  1.94551
0.413 -0.991705  1.94524
0.414 -0.991665  1.94497
0.415 -0.991624  1.9447
0.416 -0.991583  1.94443
0.417 -0.991543  1.94416
0.418 -0.991502  1.94389
0.419 -0.991461  1.94362
0.42 -0.99142  1.94335
0.421 -0.991379  1.94307
0.422 -0.991337  1.9428
0.423 -0.991296  1.94252
0.424 -0.991254  1.94225
0.425 -0.991213  1.94197
0.426 -0.991171  1.94169
0.427 -0.991129  1.94142
0.428 -0.991088  1.94114
0.429 -0.991046  1.94086
0.43 -0.991003  1.94058
0.431 -0.990961  1.9403
0.432 -0.990919  1.94002
0.433 -0.990877  1.93974
0.434 -0.990834  1.93946
0.435 -0.990792  1.93917
0.436 -0.990749  1.93889
0.437 -0.990706  1.9386
0.438 -0.990663  1.93832
0.439 -0.99062  1.93803
0.44 -0.990577  1.93775
0.441 -0.990534  1.93746
0.442 -0.990491  1.93717
0.443 -0.990447  1.93688
0.444 -0.990404  1.93659
0.445 -0.99036  1.9363
0.446 -0.990316  1.93601
0.447 -0.990273  1.93572
0.448 -0.990229  1.93543
0.449 -0.990185  1.93514
0.45 -0.990141  1.93484
0.451 -0.990096  1.93455
0.452 -0.990052  1.93425
0.453 -0.990008  1.93396
0.454 -0.989963  1.93366
0.455 -0.989919  1.93337
0.456 -0.989874  1.93307
0.457 -0.989829  1.93277
0.458 -0.989784  1.93247
0.459 -0.989739  1.93217
0.46 -0.989694  1.93187
0.461 -0.989649  1.93157
0.462 -0.989603  1.93127
0.463 -0.989558  1.93097
0.464 -0.989512  1.93066
0.465 -0.989467  1.93036
0.466 -0.989421  1.93005
0.467 -0.989375  1.92975
0.468 -0.989329  1.92944
0.469 -0.989283  1.92914
0.47 -0.989237  1.92883
0.471 -0.989191  1.92852
0.472 -0.989144  1.92821
0.473 -0.989098  1.9279
0.474 -0.989051  1.92759
0.475 -0.989005  1.92728
0.476 -0.988958  1.92697
0.477 -0.988911  1.92666
0.478 -0.988864  1.92635
0.479 -0.988817  1.92603
0.48 -0.98877  1.92572
0.481 -0.988722  1.9254
0.482 -0.988675  1.92509
0.483 -0.988628  1.92477
0.484 -0.98858  1.92445
0.485 -0.988532  1.92414
0.486 -0.988484  1.92382
0.487 -0.988437  1.9235
0.488 -0.988389  1.92318
0.489 -0.98834  1.92286
0.49 -0.988292  1.92254
0.491 -0.988244  1.92221
0.492 -0.988196  1.92189
0.493 -0.988147  1.92157
0.494 -0.988098  1.92124
0.495 -0.98805  1.92092
0.496 -0.988001  1.92059
0.497 -0.987952  1.92027
0.498 -0.987903  1.91994
0.499 -0.987854  1.91961
0.5 -0.987804  1.91929
0.501 -0.987755  1.91896
0.502 -0.987706  1.91863
0.503 -0.987656  1.9183
0.504 -0.987606  1.91796
0.505 -0.987557  1.91763
0.506 -0.987507  1.9173
0.507 -0.987457  1.91697
0.508 -0.987407  1.91663
0.509 -0.987357  1.9163
0.51 -0.987306  1.91596
0.511 -0.987256  1.91563
0.512 -0.987205  1.91529
0.513 -0.987155  1.91495
0.514 -0.987104  1.91461
0.515 -0.987053  1.91427
0.516 -0.987002  1.91393
0.517 -0.986951  1.91359
0.518 -0.9869  1.91325
0.519 -0.986849  1.91291
0.52 -0.986798  1.91257
0.521 -0.986746  1.91223
0.522 -0.986695  1.91188
0.523 -0.986643  1.91154
0.524 -0.986591  1.91119
0.525 -0.98654  1.91085
0.526 -0.986488  1.9105
0.527 -0.986436  1.91015
0.528 -0.986383  1.9098
0.529 -0.986331  1.90945
0.53 -0.986279  1.9091
0.531 -0.986226  1.90875
0.532 -0.986174  1.9084
0.533 -0.986121  1.90805
0.534 -0.986068  1.9077
0.535 -0.986015  1.90734
0.536 -0.985963  1.90699
0.537 -0.985909  1.90664
0.538 -0.985856  1.90628
0.539 -0.985803  1.90592
0.54 -0.985749  1.90557
0.541 -0.985696  1.90521
0.542 -0.985642  1.90485
0.543 -0.985589  1.90449
0.544 -0.985535  1.90413
0.545 -0.985481  1.90377
0.546 -0.985427  1.90341
0.547 -0.985373  1.90305
0.548 -0.985318  1.90269
0.549 -0.985264  1.90232
0.55 -0.98521  1.90196
0.551 -0.985155  1.90159
0.552 -0.9851  1.90123
0.553 -0.985046  1.90086
0.554 -0.984991  1.9005
0.555 -0.984936  1.90013
0.556 -0.984881  1.89976
0.557 -0.984825  1.89939
0.558 -0.98477  1.89902
0.559 -0.984715  1.89865
0.56 -0.984659  1.89828
0.561 -0.984604  1.89791
0.562 -0.984548  1.89753
0.563 -0.984492  1.89716
0.564 -0.984436  1.89679
0.565 -0.98438  1.89641
0.566 -0.984324  1.89603
0.567 -0.984268  1.89566
0.568 -0.984211  1.89528
0.569 -0.984155  1.8949
0.57 -0.984098  1.89452
0.571 -0.984042  1.89414
0.572 -0.983985  1.89376
0.573 -0.983928  1.89338
0.574 -0.983871  1.893
0.575 -0.983814  1.89262
0.576 -0.983757  1.89224
0.577 -0.983699  1.89185
0.578 -0.983642  1.89147
0.579 -0.983584  1.89108
0.58 -0.983527  1.8907
0.581 -0.983469  1.89031
0.582 -0.983411  1.88992
0.583 -0.983353  1.88954
0.584 -0.983295  1.88915
0.585 -0.983237  1.88876
0.586 -0.983179  1.88837
0.587 -0.98312  1.88798
0.588 -0.983062  1.88758
0.589 -0.983003  1.88719
0.59 -0.982945  1.8868
0.591 -0.982886  1.8864
0.592 -0.982827  1.88601
0.593 -0.982768  1.88561
0.594 -0.982709  1.88522
0.595 -0.982649  1.88482
0.596 -0.98259  1.88442
0.597 -0.982531  1.88402
0.598 -0.982471  1.88362
0.599 -0.982411  1.88322
0.6 -0.982352  1.88282
0.601 -0.982292  1.88242
0.602 -0.982232  1.88202
0.603 -0.982172  1.88162
0.604 -0.982112  1.88121
0.605 -0.982051  1.88081
0.606 -0.981991  1.8804
0.607 -0.98193  1.88
0.608 -0.98187  1.87959
0.609 -0.981809  1.87918
0.61 -0.981748  1.87878
0.611 -0.981687  1.87837
0.612 -0.981626  1.87796
0.613 -0.981565  1.87755
0.614 -0.981504  1.87714
0.615 -0.981442  1.87672
0.616 -0.981381  1.87631
0.617 -0.981319  1.8759
0.618 -0.981258  1.87548
0.619 -0.981196  1.87507
0.62 -0.981134  1.87465
0.621 -0.981072  1.87424
0.622 -0.98101  1.87382
0.623 -0.980947  1.8734
0.624 -0.980885  1.87298
0.625 -0.980823  1.87256
0.626 -0.98076  1.87214
0.627 -0.980697  1.87172
0.628 -0.980635  1.8713
0.629 -0.980572  1.87088
0.63 -0.980509  1.87046
0.631 -0.980446  1.87003
0.632 -0.980382  1.86961
0.633 -0.980319  1.86918
0.634 -0.980256  1.86876
0.635 -0.980192  1.86833
0.636 -0.980128  1.8679
0.637 -0.980065  1.86747
0.638 -0.980001  1.86704
0.639 -0.979937  1.86661
0.64 -0.979873  1.86618
0.641 -0.979808  1.86575
0.642 -0.979744  1.86532
0.643 -0.97968  1.86489
0.644 -0.979615  1.86445
0.645 -0.979551  1.86402
0.646 -0.979486  1.86358
0.647 -0.979421  1.86315
0.648 -0.979356  1.86271
0.649 -0.979291  1.86227
0.65 -0.979226  1.86183
0.651 -0.97916  1.86139
0.652 -0.979095  1.86095
0.653 -0.97903  1.86051
0.654 -0.978964  1.86007
0.655 -0.978898  1.85963
0.656 -0.978832  1.85919
0.657 -0.978766  1.85874
0.658 -0.9787  1.8583
0.659 -0.978634  1.85785
0.66 -0.978568  1.85741
0.661 -0.978502  1.85696
0.662 -0.978435  1.85651
0.663 -0.978368  1.85607
0.664 -0.978302  1.85562
0.665 -0.978235  1.85517
0.666 -0.978168  1.85472
0.667 -0.978101  1.85427
0.668 -0.978034  1.85381
0.669 -0.977966  1.85336
0.67 -0.977899  1.85291
0.671 -0.977832  1.85245
0.672 -0.977764  1.852
0.673 -0.977696  1.85154
0.674 -0.977628  1.85108
0.675 -0.977561  1.85063
0.676 -0.977493  1.85017
0.677 -0.977424  1.84971
0.678 -0.977356  1.84925
0.679 -0.977288  1.84879
0.68 -0.977219  1.84833
0.681 -0.977151  1.84787
0.682 -0.977082  1.8474
0.683 -0.977013  1.84694
0.684 -0.976944  1.84647
0.685 -0.976875  1.84601
0.686 -0.976806  1.84554
0.687 -0.976737  1.84508
0.688 -0.976667  1.84461
0.689 -0.976598  1.84414
0.69 -0.976528  1.84367
0.691 -0.976459  1.8432
0.692 -0.976389  1.84273
0.693 -0.976319  1.84226
0.694 -0.976249  1.84179
0.695 -0.976179  1.84131
0.696 -0.976108  1.84084
0.697 -0.976038  1.84036
0.698 -0.975967  1.83989
0.699 -0.975897  1.83941
0.7 -0.975826  1.83894
0.701 -0.975755  1.83846
0.702 -0.975684  1.83798
0.703 -0.975613  1.8375
0.704 -0.975542  1.83702
0.705 -0.975471  1.83654
0.706 -0.975399  1.83606
0.707 -0.975328  1.83557
0.708 -0.975256  1.83509
0.709 -0.975185  1.83461
0.71 -0.975113  1.83412
0.711 -0.975041  1.83364
0.712 -0.974969  1.83315
0.713 -0.974897  1.83266
0.714 -0.974824  1.83217
0.715 -0.974752  1.83169
0.716 -0.974679  1.8312
0.717 -0.974607  1.83071
0.718 -0.974534  1.83021
0.719 -0.974461  1.82972
0.72 -0.974388  1.82923
0.721 -0.974315  1.82874
0.722 -0.974242  1.82824
0.723 -0.974169  1.82775
0.724 -0.974095  1.82725
0.725 -0.974022  1.82675
0.726 -0.973948  1.82626
0.727 -0.973874  1.82576
0.728 -0.9738  1.82526
0.729 -0.973726  1.82476
0.73 -0.973652  1.82426
0.731 -0.973578  1.82376
0.732 -0.973504  1.82325
0.733 -0.973429  1.82275
0.734 -0.973355  1.82225
0.735 -0.97328  1.82174
0.736 -0.973205  1.82124
0.737 -0.97313  1.82073
0.738 -0.973055  1.82022
0.739 -0.97298  1.81971
0.74 -0.972905  1.8192
0.741 -0.97283  1.81869
0.742 -0.972754  1.81818
0.743 -0.972679  1.81767
0.744 -0.972603  1.81716
0.745 -0.972527  1.81665
0.746 -0.972451  1.81613
0.747 -0.972375  1.81562
0.748 -0.972299  1.8151
0.749 -0.972223  1.81459
0.75 -0.972146  1.81407
0.751 -0.97207  1.81355
0.752 -0.971993  1.81303
0.753 -0.971916  1.81252
0.754 -0.97184  1.812
0.755 -0.971763  1.81147
0.756 -0.971686  1.81095
0.757 -0.971608  1.81043
0.758 -0.971531  1.80991
0.759 -0.971454  1.80938
0.76 -0.971376  1.80886
0.761 -0.971298  1.80833
0.762 -0.971221  1.8078
0.763 -0.971143  1.80728
0.764 -0.971065  1.80675
0.765 -0.970987  1.80622
0.766 -0.970908  1.80569
0.767 -0.97083  1.80516
0.768 -0.970752  1.80463
0.769 -0.970673  1.80409
0.77 -0.970594  1.80356
0.771 -0.970516  1.80303
0.772 -0.970437  1.80249
0.773 -0.970358  1.80195
0.774 -0.970278  1.80142
0.775 -0.970199  1.80088
0.776 -0.97012  1.80034
0.777 -0.97004  1.7998
0.778 -0.969961  1.79926
0.779 -0.969881  1.79872
0.78 -0.969801  1.79818
0.781 -0.969721  1.79764
0.782 -0.969641  1.79709
0.783 -0.969561  1.79655
0.784 -0.96948  1.79601
0.785 -0.9694  1.79546
0.786 -0.969319  1.79491
0.787 -0.969239  1.79437
0.788 -0.969158  1.79382
0.789 -0.969077  1.79327
0.79 -0.968996  1.79272
0.791 -0.968915  1.79217
0.792 -0.968833  1.79162
0.793 -0.968752  1.79106
0.794 -0.968671  1.79051
0.795 -0.968589  1.78996
0.796 -0.968507  1.7894
0.797 -0.968425  1.78884
0.798 -0.968343  1.78829
0.799 -0.968261  1.78773
0.8 -0.968179  1.78717
0.801 -0.968097  1.78661
0.802 -0.968014  1.78605
0.803 -0.967932  1.78549
0.804 -0.967849  1.78493
0.805 -0.967766  1.78437
0.806 -0.967683  1.7838
0.807 -0.9676  1.78324
0.808 -0.967517  1.78267
0.809 -0.967434  1.78211
0.81 -0.96735  1.78154
0.811 -0.967267  1.78097
0.812 -0.967183  1.78041
0.813 -0.967099  1.77984
0.814 -0.967016  1.77927
0.815 -0.966932  1.77869
0.816 -0.966847  1.77812
0.817 -0.966763  1.77755
0.818 -0.966679  1.77698
0.819 -0.966594  1.7764
0.82 -0.96651  1.77583
0.821 -0.966425  1.77525
0.822 -0.96634  1.77467
0.823 -0.966255  1.77409
0.824 -0.96617  1.77352
0.825 -0.966085  1.77294
0.826 -0.966  1.77236
0.827 -0.965914  1.77177
0.828 -0.965829  1.77119
0.829 -0.965743  1.77061
0.83 -0.965657  1.77002
0.831 -0.965571  1.76944
0.832 -0.965485  1.76885
0.833 -0.965399  1.76827
0.834 -0.965313  1.76768
0.835 -0.965226  1.76709
0.836 -0.96514  1.7665
0.837 -0.965053  1.76591
0.838 -0.964966  1.76532
0.839 -0.96488  1.76473
0.84 -0.964793  1.76414
0.841 -0.964705  1.76354
0.842 -0.964618  1.76295
0.843 -0.964531  1.76235
0.844 -0.964443  1.76176
0.845 -0.964356  1.76116
0.846 -0.964268  1.76056
0.847 -0.96418  1.75996
0.848 -0.964092  1.75936
0.849 -0.964004  1.75876
0.85 -0.963916  1.75816
0.851 -0.963828  1.75756
0.852 -0.963739  1.75696
0.853 -0.96365  1.75635
0.854 -0.963562  1.75575
0.855 -0.963473  1.75514
0.856 -0.963384  1.75454
0.857 -0.963295  1.75393
0.858 -0.963206  1.75332
0.859 -0.963116  1.75271
0.86 -0.963027  1.7521
0.861 -0.962937  1.75149
0.862 -0.962848  1.75088
0.863 -0.962758  1.75026
0.864 -0.962668  1.74965
0.865 -0.962578  1.74903
0.866 -0.962488  1.74842
0.867 -0.962397  1.7478
0.868 -0.962307  1.74719
0.869 -0.962216  1.74657
0.87 -0.962126  1.74595
0.871 -0.962035  1.74533
0.872 -0.961944  1.74471
0.873 -0.961853  1.74409
0.874 -0.961762  1.74346
0.875 -0.96167  1.74284
0.876 -0.961579  1.74221
0.877 -0.961488  1.74159
0.878 -0.961396  1.74096
0.879 -0.961304  1.74034
0.88 -0.961212  1.73971
0.881 -0.96112  1.73908
0.882 -0.961028  1.73845
0.883 -0.960936  1.73782
0.884 -0.960843  1.73719
0.885 -0.960751  1.73655
0.886 -0.960658  1.73592
0.887 -0.960565  1.73529
0.888 -0.960472  1.73465
0.889 -0.960379  1.73401
0.89 -0.960286  1.73338
0.891 -0.960193  1.73274
0.892 -0.960099  1.7321
0.893 -0.960006  1.73146
0.894 -0.959912  1.73082
0.895 -0.959818  1.73018
0.896 -0.959724  1.72953
0.897 -0.95963  1.72889
0.898 -0.959536  1.72825
0.899 -0.959442  1.7276
0.9 -0.959347  1.72695
0.901 -0.959253  1.72631
0.902 -0.959158  1.72566
0.903 -0.959063  1.72501
0.904 -0.958969  1.72436
0.905 -0.958873  1.72371
0.906 -0.958778  1.72306
0.907 -0.958683  1.7224
0.908 -0.958587  1.72175
0.909 -0.958492  1.7211
0.91 -0.958396  1.72044
0.911 -0.9583  1.71978
0.912 -0.958204  1.71913
0.913 -0.958108  1.71847
0.914 -0.958012  1.71781
0.915 -0.957916  1.71715
0.916 -0.957819  1.71649
0.917 -0.957723  1.71583
0.918 -0.957626  1.71516
0.919 -0.957529  1.7145
0.92 -0.957432  1.71383
0.921 -0.957335  1.71317
0.922 -0.957238  1.7125
0.923 -0.957141  1.71183
0.924 -0.957043  1.71117
0.925 -0.956945  1.7105
0.926 -0.956848  1.70983
0.927 -0.95675  1.70915
0.928 -0.956652  1.70848
0.929 -0.956554  1.70781
0.93 -0.956455  1.70713
0.931 -0.956357  1.70646
0.932 -0.956259  1.70578
0.933 -0.95616  1.70511
0.934 -0.956061  1.70443
0.935 -0.955962  1.70375
0.936 -0.955863  1.70307
0.937 -0.955764  1.70239
0.938 -0.955665  1.70171
0.939 -0.955565  1.70102
0.94 -0.955466  1.70034
0.941 -0.955366  1.69966
0.942 -0.955266  1.69897
0.943 -0.955166  1.69828
0.944 -0.955066  1.6976
0.945 -0.954966  1.69691
0.946 -0.954866  1.69622
0.947 -0.954765  1.69553
0.948 -0.954665  1.69484
0.949 -0.954564  1.69414
0.95 -0.954463  1.69345
0.951 -0.954362  1.69276
0.952 -0.954261  1.69206
0.953 -0.95416  1.69136
0.954 -0.954058  1.69067
0.955 -0.953957  1.68997
0.956 -0.953855  1.68927
0.957 -0.953753  1.68857
0.958 -0.953651  1.68787
0.959 -0.953549  1.68717
0.96 -0.953447  1.68646
0.961 -0.953345  1.68576
0.962 -0.953242  1.68506
0.963 -0.95314  1.68435
0.964 -0.953037  1.68364
0.965 -0.952934  1.68293
0.966 -0.952831  1.68223
0.967 -0.952728  1.68152
0.968 -0.952625  1.68081
0.969 -0.952521  1.68009
0.97 -0.952418  1.67938
0.971 -0.952314  1.67867
0.972 -0.95221  1.67795
0.973 -0.952106  1.67724
0.974 -0.952002  1.67652
0.975 -0.951898  1.6758
0.976 -0.951794  1.67508
0.977 -0.951689  1.67436
0.978 -0.951585  1.67364
0.979 -0.95148  1.67292
0.98 -0.951375  1.6722
0.981 -0.95127  1.67148
0.982 -0.951165  1.67075
0.983 -0.95106  1.67003
0.984 -0.950954  1.6693
0.985 -0.950849  1.66857
0.986 -0.950743  1.66784
0.987 -0.950637  1.66711
0.988 -0.950532  1.66638
0.989 -0.950425  1.66565
0.99 -0.950319  1.66492
0.991 -0.950213  1.66418
0.992 -0.950106  1.66345
0.993 -0.95  1.66271
0.994 -0.949893  1.66198
0.995 -0.949786  1.66124
0.996 -0.949679  1.6605
0.997 -0.949572  1.65976
0.998 -0.949465  1.65902
0.999 -0.949357  1.65828
1 -0.94925  1.65754
1.001 -0.949142  1.65679
1.002 -0.949034  1.65605
1.003 -0.948926  1.6553
1.004 -0.948818  1.65455
1.005 -0.94871  1.65381
1.006 -0.948601  1.65306
1.007 -0.948493  1.65231
1.008 -0.948384  1.65156
1.009 -0.948275  1.65081
1.01 -0.948166  1.65005
1.011 -0.948057  1.6493
1.012 -0.947948  1.64854
1.013 -0.947839  1.64779
1.014 -0.947729  1.64703
1.015 -0.94762  1.64627
1.016 -0.94751  1.64551
1.017 -0.9474  1.64475
1.018 -0.94729  1.64399
1.019 -0.94718  1.64323
1.02 -0.947069  1.64247
1.021 -0.946959  1.6417
1.022 -0.946848  1.64094
1.023 -0.946737  1.64017
1.024 -0.946626  1.6394
1.025 -0.946515  1.63863
1.026 -0.946404  1.63786
1.027 -0.946293  1.63709
1.028 -0.946181  1.63632
1.029 -0.94607  1.63555
1.03 -0.945958  1.63478
1.031 -0.945846  1.634
1.032 -0.945734  1.63323
1.033 -0.945622  1.63245
1.034 -0.94551  1.63167
1.035 -0.945397  1.63089
1.036 -0.945285  1.63011
1.037 -0.945172  1.62933
1.038 -0.945059  1.62855
1.039 -0.944946  1.62777
1.04 -0.944833  1.62698
1.041 -0.944719  1.6262
1.042 -0.944606  1.62541
1.043 -0.944492  1.62462
1.044 -0.944379  1.62383
1.045 -0.944265  1.62304
1.046 -0.944151  1.62225
1.047 -0.944037  1.62146
1.048 -0.943922  1.62067
1.049 -0.943808  1.61987
1.05 -0.943693  1.61908
1.051 -0.943579  1.61828
1.052 -0.943464  1.61749
1.053 -0.943349  1.61669
1.054 -0.943233  1.61589
1.055 -0.943118  1.61509
1.056 -0.943003  1.61429
1.057 -0.942887  1.61348
1.058 -0.942771  1.61268
1.059 -0.942655  1.61188
1.06 -0.942539  1.61107
1.061 -0.942423  1.61026
1.062 -0.942307  1.60946
1.063 -0.94219  1.60865
1.064 -0.942074  1.60784
1.065 -0.941957  1.60702
1.066 -0.94184  1.60621
1.067 -0.941723  1.6054
1.068 -0.941606  1.60458
1.069 -0.941489  1.60377
1.07 -0.941371  1.60295
1.071 -0.941253  1.60213
1.072 -0.941136  1.60131
1.073 -0.941018  1.60049
1.074 -0.9409  1.59967
1.075 -0.940781  1.59885
1.076 -0.940663  1.59803
1.077 -0.940544  1.5972
1.078 -0.940426  1.59638
1.079 -0.940307  1.59555
1.08 -0.940188  1.59472
1.081 -0.940069  1.59389
1.082 -0.939949  1.59306
1.083 -0.93983  1.59223
1.084 -0.939711  1.5914
1.085 -0.939591  1.59057
1.086 -0.939471  1.58973
1.087 -0.939351  1.5889
1.088 -0.939231  1.58806
1.089 -0.93911  1.58722
1.09 -0.93899  1.58638
1.091 -0.938869  1.58554
1.092 -0.938749  1.5847
1.093 -0.938628  1.58386
1.094 -0.938507  1.58301
1.095 -0.938385  1.58217
1.096 -0.938264  1.58132
1.097 -0.938142  1.58048
1.098 -0.938021  1.57963
1.099 -0.937899  1.57878
1.1 -0.937777  1.57793
1.101 -0.937655  1.57708
1.102 -0.937533  1.57622
1.103 -0.93741  1.57537
1.104 -0.937288  1.57451
1.105 -0.937165  1.57366
1.106 -0.937042  1.5728
1.107 -0.936919  1.57194
1.108 -0.936796  1.57108
1.109 -0.936672  1.57022
1.11 -0.936549  1.56936
1.111 -0.936425  1.5685
1.112 -0.936301  1.56763
1.113 -0.936177  1.56677
1.114 -0.936053  1.5659
1.115 -0.935929  1.56503
1.116 -0.935805  1.56416
1.117 -0.93568  1.56329
1.118 -0.935555  1.56242
1.119 -0.93543  1.56155
1.12 -0.935305  1.56067
1.121 -0.93518  1.5598
1.122 -0.935055  1.55892
1.123 -0.934929  1.55805
1.124 -0.934804  1.55717
1.125 -0.934678  1.55629
1.126 -0.934552  1.55541
1.127 -0.934426  1.55452
1.128 -0.934299  1.55364
1.129 -0.934173  1.55276
1.13 -0.934046  1.55187
1.131 -0.93392  1.55098
1.132 -0.933793  1.5501
1.133 -0.933665  1.54921
1.134 -0.933538  1.54832
1.135 -0.933411  1.54742
1.136 -0.933283  1.54653
1.137 -0.933156  1.54564
1.138 -0.933028  1.54474
1.139 -0.9329  1.54385
1.14 -0.932772  1.54295
1.141 -0.932643  1.54205
1.142 -0.932515  1.54115
1.143 -0.932386  1.54025
1.144 -0.932257  1.53934
1.145 -0.932128  1.53844
1.146 -0.931999  1.53754
1.147 -0.93187  1.53663
1.148 -0.93174  1.53572
1.149 -0.931611  1.53481
1.15 -0.931481  1.5339
1.151 -0.931351  1.53299
1.152 -0.931221  1.53208
1.153 -0.93109  1.53117
1.154 -0.93096  1.53025
1.155 -0.930829  1.52933
1.156 -0.930699  1.52842
1.157 -0.930568  1.5275
1.158 -0.930437  1.52658
1.159 -0.930305  1.52566
1.16 -0.930174  1.52474
1.161 -0.930042  1.52381
1.162 -0.929911  1.52289
1.163 -0.929779  1.52196
1.164 -0.929647  1.52103
1.165 -0.929514  1.5201
1.166 -0.929382  1.51917
1.167 -0.92925  1.51824
1.168 -0.929117  1.51731
1.169 -0.928984  1.51638
1.17 -0.928851  1.51544
1.171 -0.928718  1.51451
1.172 -0.928584  1.51357
1.173 -0.928451  1.51263
1.174 -0.928317  1.51169
1.175 -0.928183  1.51075
1.176 -0.928049  1.50981
1.177 -0.927915  1.50886
1.178 -0.92778  1.50792
1.179 -0.927646  1.50697
1.18 -0.927511  1.50602
1.181 -0.927376  1.50507
1.182 -0.927241  1.50412
1.183 -0.927106  1.50317
1.184 -0.926971  1.50222
1.185 -0.926835  1.50126
1.186 -0.926699  1.50031
1.187 -0.926563  1.49935
1.188 -0.926427  1.49839
1.189 -0.926291  1.49743
1.19 -0.926155  1.49647
1.191 -0.926018  1.49551
1.192 -0.925881  1.49455
1.193 -0.925744  1.49358
1.194 -0.925607  1.49262
1.195 -0.92547  1.49165
1.196 -0.925333  1.49068
1.197 -0.925195  1.48971
1.198 -0.925057  1.48874
1.199 -0.924919  1.48777
1.2 -0.924781  1.48679
1.201 -0.924643  1.48582
1.202 -0.924504  1.48484
1.203 -0.924366  1.48386
1.204 -0.924227  1.48288
1.205 -0.924088  1.4819
1.206 -0.923949  1.48092
1.207 -0.92381  1.47994
1.208 -0.92367  1.47895
1.209 -0.92353  1.47797
1.21 -0.92339  1.47698
1.211 -0.92325  1.47599
1.212 -0.92311  1.475
1.213 -0.92297  1.47401
1.214 -0.922829  1.47301
1.215 -0.922689  1.47202
1.216 -0.922548  1.47102
1.217 -0.922407  1.47003
1.218 -0.922265  1.46903
1.219 -0.922124  1.46803
1.22 -0.921982  1.46703
1.221 -0.92184  1.46603
1.222 -0.921698  1.46502
1.223 -0.921556  1.46402
1.224 -0.921414  1.46301
1.225 -0.921271  1.462
1.226 -0.921129  1.46099
1.227 -0.920986  1.45998
1.228 -0.920843  1.45897
1.229 -0.9207  1.45796
1.23 -0.920556  1.45694
1.231 -0.920413  1.45592
1.232 -0.920269  1.45491
1.233 -0.920125  1.45389
1.234 -0.919981  1.45287
1.235 -0.919836  1.45184
1.236 -0.919692  1.45082
1.237 -0.919547  1.4498
1.238 -0.919402  1.44877
1.239 -0.919257  1.44774
1.24 -0.919112  1.44671
1.241 -0.918967  1.44568
1.242 -0.918821  1.44465
1.243 -0.918675  1.44362
1.244 -0.918529  1.44258
1.245 -0.918383  1.44154
1.246 -0.918237  1.44051
1.247 -0.91809  1.43947
1.248 -0.917944  1.43843
1.249 -0.917797  1.43738
1.25 -0.91765  1.43634
1.251 -0.917502  1.4353
1.252 -0.917355  1.43425
1.253 -0.917207  1.4332
1.254 -0.917059  1.43215
1.255 -0.916911  1.4311
1.256 -0.916763  1.43005
1.257 -0.916615  1.42899
1.258 -0.916466  1.42794
1.259 -0.916317  1.42688
1.26 -0.916168  1.42582
1.261 -0.916019  1.42476
1.262 -0.91587  1.4237
1.263 -0.91572  1.42264
1.264 -0.915571  1.42157
1.265 -0.915421  1.42051
1.266 -0.915271  1.41944
1.267 -0.91512  1.41837
1.268 -0.91497  1.4173
1.269 -0.914819  1.41623
1.27 -0.914668  1.41516
1.271 -0.914517  1.41408
1.272 -0.914366  1.41301
1.273 -0.914215  1.41193
1.274 -0.914063  1.41085
1.275 -0.913911  1.40977
1.276 -0.913759  1.40869
1.277 -0.913607  1.4076
1.278 -0.913454  1.40652
1.279 -0.913302  1.40543
1.28 -0.913149  1.40434
1.281 -0.912996  1.40325
1.282 -0.912843  1.40216
1.283 -0.912689  1.40106
1.284 -0.912536  1.39997
1.285 -0.912382  1.39887
1.286 -0.912228  1.39778
1.287 -0.912074  1.39668
1.288 -0.911919  1.39558
1.289 -0.911765  1.39447
1.29 -0.91161  1.39337
1.291 -0.911455  1.39226
1.292 -0.9113  1.39116
1.293 -0.911144  1.39005
1.294 -0.910989  1.38894
1.295 -0.910833  1.38782
1.296 -0.910677  1.38671
1.297 -0.910521  1.38559
1.298 -0.910364  1.38448
1.299 -0.910208  1.38336
1.3 -0.910051  1.38224
1.301 -0.909894  1.38112
1.302 -0.909737  1.37999
1.303 -0.909579  1.37887
1.304 -0.909422  1.37774
1.305 -0.909264  1.37661
1.306 -0.909106  1.37548
1.307 -0.908947  1.37435
1.308 -0.908789  1.37322
1.309 -0.90863  1.37208
1.31 -0.908471  1.37095
1.311 -0.908312  1.36981
1.312 -0.908153  1.36867
1.313 -0.907994  1.36753
1.314 -0.907834  1.36639
1.315 -0.907674  1.36524
1.316 -0.907514  1.3641
1.317 -0.907353  1.36295
1.318 -0.907193  1.3618
1.319 -0.907032  1.36065
1.32 -0.906871  1.35949
1.321 -0.90671  1.35834
1.322 -0.906549  1.35718
1.323 -0.906387  1.35602
1.324 -0.906225  1.35486
1.325 -0.906063  1.3537
1.326 -0.905901  1.35254
1.327 -0.905738  1.35138
1.328 -0.905576  1.35021
1.329 -0.905413  1.34904
1.33 -0.90525  1.34787
1.331 -0.905086  1.3467
1.332 -0.904923  1.34553
1.333 -0.904759  1.34435
1.334 -0.904595  1.34317
1.335 -0.904431  1.34199
1.336 -0.904266  1.34081
1.337 -0.904102  1.33963
1.338 -0.903937  1.33845
1.339 -0.903772  1.33726
1.34 -0.903606  1.33608
1.341 -0.903441  1.33489
1.342 -0.903275  1.3337
1.343 -0.903109  1.3325
1.344 -0.902943  1.33131
1.345 -0.902777  1.33011
1.346 -0.90261  1.32891
1.347 -0.902443  1.32771
1.348 -0.902276  1.32651
1.349 -0.902109  1.32531
1.35 -0.901941  1.3241
1.351 -0.901773  1.3229
1.352 -0.901605  1.32169
1.353 -0.901437  1.32048
1.354 -0.901269  1.31927
1.355 -0.9011  1.31805
1.356 -0.900931  1.31683
1.357 -0.900762  1.31562
1.358 -0.900593  1.3144
1.359 -0.900423  1.31318
1.36 -0.900253  1.31195
1.361 -0.900083  1.31073
1.362 -0.899913  1.3095
1.363 -0.899742  1.30827
1.364 -0.899571  1.30704
1.365 -0.8994  1.30581
1.366 -0.899229  1.30457
1.367 -0.899058  1.30334
1.368 -0.898886  1.3021
1.369 -0.898714  1.30086
1.37 -0.898542  1.29962
1.371 -0.898369  1.29837
1.372 -0.898197  1.29713
1.373 -0.898024  1.29588
1.374 -0.897851  1.29463
1.375 -0.897677  1.29338
1.376 -0.897504  1.29212
1.377 -0.89733  1.29087
1.378 -0.897156  1.28961
1.379 -0.896982  1.28835
1.38 -0.896807  1.28709
1.381 -0.896632  1.28583
1.382 -0.896457  1.28456
1.383 -0.896282  1.2833
1.384 -0.896106  1.28203
1.385 -0.89593  1.28076
1.386 -0.895754  1.27948
1.387 -0.895578  1.27821
1.388 -0.895401  1.27693
1.389 -0.895225  1.27565
1.39 -0.895048  1.27437
1.391 -0.89487  1.27309
1.392 -0.894693  1.2718
1.393 -0.894515  1.27052
1.394 -0.894337  1.26923
1.395 -0.894159  1.26794
1.396 -0.89398  1.26664
1.397 -0.893801  1.26535
1.398 -0.893622  1.26405
1.399 -0.893443  1.26275
1.4 -0.893263  1.26145
1.401 -0.893084  1.26015
1.402 -0.892903  1.25884
1.403 -0.892723  1.25754
1.404 -0.892543  1.25623
1.405 -0.892362  1.25491
1.406 -0.892181  1.2536
1.407 -0.891999  1.25229
1.408 -0.891818  1.25097
1.409 -0.891636  1.24965
1.41 -0.891453  1.24833
1.411 -0.891271  1.247
1.412 -0.891088  1.24568
1.413 -0.890905  1.24435
1.414 -0.890722  1.24302
1.415 -0.890539  1.24168
1.416 -0.890355  1.24035
1.417 -0.890171  1.23901
1.418 -0.889987  1.23767
1.419 -0.889802  1.23633
1.42 -0.889617  1.23499
1.421 -0.889432  1.23364
1.422 -0.889247  1.2323
1.423 -0.889061  1.23095
1.424 -0.888875  1.22959
1.425 -0.888689  1.22824
1.426 -0.888502  1.22688
1.427 -0.888316  1.22553
1.428 -0.888129  1.22416
1.429 -0.887941  1.2228
1.43 -0.887754  1.22144
1.431 -0.887566  1.22007
1.432 -0.887378  1.2187
1.433 -0.887189  1.21733
1.434 -0.887001  1.21595
1.435 -0.886812  1.21458
1.436 -0.886622  1.2132
1.437 -0.886433  1.21182
1.438 -0.886243  1.21043
1.439 -0.886053  1.20905
1.44 -0.885862  1.20766
1.441 -0.885672  1.20627
1.442 -0.885481  1.20487
1.443 -0.885289  1.20348
1.444 -0.885098  1.20208
1.445 -0.884906  1.20068
1.446 -0.884714  1.19928
1.447 -0.884521  1.19788
1.448 -0.884328  1.19647
1.449 -0.884135  1.19506
1.45 -0.883942  1.19365
1.451 -0.883748  1.19224
1.452 -0.883554  1.19082
1.453 -0.88336  1.1894
1.454 -0.883166  1.18798
1.455 -0.882971  1.18656
1.456 -0.882776  1.18513
1.457 -0.88258  1.1837
1.458 -0.882384  1.18227
1.459 -0.882188  1.18084
1.46 -0.881992  1.1794
1.461 -0.881795  1.17796
1.462 -0.881598  1.17652
1.463 -0.881401  1.17508
1.464 -0.881203  1.17363
1.465 -0.881005  1.17219
1.466 -0.880807  1.17073
1.467 -0.880609  1.16928
1.468 -0.88041  1.16783
1.469 -0.880211  1.16637
1.47 -0.880011  1.16491
1.471 -0.879811  1.16344
1.472 -0.879611  1.16198
1.473 -0.879411  1.16051
1.474 -0.87921  1.15904
1.475 -0.879009  1.15756
1.476 -0.878807  1.15609
1.477 -0.878605  1.15461
1.478 -0.878403  1.15313
1.479 -0.878201  1.15164
1.48 -0.877998  1.15016
1.481 -0.877795  1.14867
1.482 -0.877592  1.14717
1.483 -0.877388  1.14568
1.484 -0.877184  1.14418
1.485 -0.876979  1.14268
1.486 -0.876775  1.14118
1.487 -0.87657  1.13967
1.488 -0.876364  1.13817
1.489 -0.876158  1.13665
1.49 -0.875952  1.13514
1.491 -0.875746  1.13362
1.492 -0.875539  1.13211
1.493 -0.875332  1.13058
1.494 -0.875124  1.12906
1.495 -0.874916  1.12753
1.496 -0.874708  1.126
1.497 -0.8745  1.12447
1.498 -0.874291  1.12293
1.499 -0.874081  1.12139
1.5 -0.873872  1.11985
1.501 -0.873662  1.11831
1.502 -0.873451  1.11676
1.503 -0.873241  1.11521
1.504 -0.87303  1.11366
1.505 -0.872818  1.1121
1.506 -0.872606  1.11054
1.507 -0.872394  1.10898
1.508 -0.872182  1.10741
1.509 -0.871969  1.10585
1.51 -0.871755  1.10428
1.511 -0.871542  1.1027
1.512 -0.871328  1.10112
1.513 -0.871113  1.09954
1.514 -0.870898  1.09796
1.515 -0.870683  1.09638
1.516 -0.870468  1.09479
1.517 -0.870252  1.0932
1.518 -0.870035  1.0916
1.519 -0.869819  1.09
1.52 -0.869601  1.0884
1.521 -0.869384  1.0868
1.522 -0.869166  1.08519
1.523 -0.868948  1.08358
1.524 -0.868729  1.08197
1.525 -0.86851  1.08035
1.526 -0.86829  1.07873
1.527 -0.86807  1.07711
1.528 -0.86785  1.07548
1.529 -0.867629  1.07385
1.53 -0.867408  1.07222
1.531 -0.867187  1.07058
1.532 -0.866965  1.06894
1.533 -0.866742  1.0673
1.534 -0.86652  1.06565
1.535 -0.866296  1.06401
1.536 -0.866073  1.06235
1.537 -0.865849  1.0607
1.538 -0.865624  1.05904
1.539 -0.865399  1.05738
1.54 -0.865174  1.05571
1.541 -0.864948  1.05404
1.542 -0.864722  1.05237
1.543 -0.864496  1.05069
1.544 -0.864268  1.04901
1.545 -0.864041  1.04733
1.546 -0.863813  1.04564
1.547 -0.863585  1.04395
1.548 -0.863356  1.04226
1.549 -0.863126  1.04056
1.55 -0.862897  1.03886
1.551 -0.862667  1.03716
1.552 -0.862436  1.03545
1.553 -0.862205  1.03374
1.554 -0.861973  1.03203
1.555 -0.861741  1.03031
1.556 -0.861509  1.02858
1.557 -0.861276  1.02686
1.558 -0.861042  1.02513
1.559 -0.860808  1.0234
1.56 -0.860574  1.02166
1.561 -0.860339  1.01992
1.562 -0.860104  1.01817
1.563 -0.859868  1.01643
1.564 -0.859631  1.01467
1.565 -0.859394  1.01292
1.566 -0.859157  1.01116
1.567 -0.858919  1.0094
1.568 -0.858681  1.00763
1.569 -0.858442  1.00586
1.57 -0.858203  1.00408
1.571 -0.857963  1.0023
1.572 -0.857722  1.00052
1.573 -0.857482  0.998733
1.574 -0.85724  0.996942
1.575 -0.856998  0.995147
1.576 -0.856756  0.993348
1.577 -0.856513  0.991545
1.578 -0.856269  0.989738
1.579 -0.856025  0.987927
1.58 -0.85578  0.986111
1.581 -0.855535  0.984291
1.582 -0.85529  0.982468
1.583 -0.855043  0.980639
1.584 -0.854797  0.978807
1.585 -0.854549  0.976971
1.586 -0.854301  0.97513
1.587 -0.854053  0.973285
1.588 -0.853804  0.971435
1.589 -0.853554  0.969581
1.59 -0.853304  0.967723
1.591 -0.853053  0.96586
1.592 -0.852802  0.963993
1.593 -0.85255  0.962122
1.594 -0.852297  0.960246
1.595 -0.852044  0.958365
1.596 -0.85179  0.95648
1.597 -0.851536  0.95459
1.598 -0.851281  0.952696
1.599 -0.851025  0.950797
1.6 -0.850769  0.948893
1.601 -0.850512  0.946985
1.602 -0.850255  0.945072
1.603 -0.849997  0.943154
1.604 -0.849738  0.941232
1.605 -0.849478  0.939304
1.606 -0.849218  0.937372
1.607 -0.848958  0.935435
1.608 -0.848696  0.933493
1.609 -0.848434  0.931546
1.61 -0.848172  0.929594
1.611 -0.847908  0.927637
1.612 -0.847644  0.925675
1.613 -0.847379  0.923708
1.614 -0.847114  0.921736
1.615 -0.846848  0.919759
1.616 -0.846581  0.917776
1.617 -0.846313  0.915789
1.618 -0.846045  0.913796
1.619 -0.845776  0.911797
1.62 -0.845507  0.909794
1.621 -0.845236  0.907785
1.622 -0.844965  0.905771
1.623 -0.844693  0.903751
1.624 -0.84442  0.901726
1.625 -0.844147  0.899695
1.626 -0.843873  0.897658
1.627 -0.843598  0.895616
1.628 -0.843322  0.893569
1.629 -0.843046  0.891515
1.63 -0.842768  0.889456
1.631 -0.84249  0.887392
1.632 -0.842211  0.885321
1.633 -0.841931  0.883244
1.634 -0.841651  0.881162
1.635 -0.841369  0.879074
1.636 -0.841087  0.876979
1.637 -0.840804  0.874879
1.638 -0.84052  0.872772
1.639 -0.840235  0.87066
1.64 -0.83995  0.868541
1.641 -0.839663  0.866416
1.642 -0.839376  0.864284
1.643 -0.839087  0.862146
1.644 -0.838798  0.860002
1.645 -0.838508  0.857851
1.646 -0.838217  0.855694
1.647 -0.837925  0.85353
1.648 -0.837632  0.85136
1.649 -0.837338  0.849183
1.65 -0.837043  0.846999
1.651 -0.836747  0.844809
1.652 -0.83645  0.842611
1.653 -0.836152  0.840407
1.654 -0.835853  0.838195
1.655 -0.835553  0.835977
1.656 -0.835252  0.833751
1.657 -0.83495  0.831518
1.658 -0.834647  0.829278
1.659 -0.834343  0.827031
1.66 -0.834038  0.824776
1.661 -0.833732  0.822514
1.662 -0.833424  0.820245
1.663 -0.833116  0.817967
1.664 -0.832806  0.815682
1.665 -0.832495  0.81339
1.666 -0.832183  0.811089
1.667 -0.83187  0.808781
1.668 -0.831556  0.806464
1.669 -0.83124  0.80414
1.67 -0.830923  0.801807
1.671 -0.830605  0.799466
1.672 -0.830286  0.797117
1.673 -0.829965  0.794759
1.674 -0.829643  0.792393
1.675 -0.82932  0.790019
1.676 -0.828996  0.787635
1.677 -0.82867  0.785243
1.678 -0.828343  0.782842
1.679 -0.828014  0.780432
1.68 -0.827684  0.778013
1.681 -0.827353  0.775585
1.682 -0.82702  0.773147
1.683 -0.826685  0.7707
1.684 -0.826349  0.768244
1.685 -0.826012  0.765778
1.686 -0.825673  0.763302
1.687 -0.825333  0.760816
1.688 -0.824991  0.758321
1.689 -0.824647  0.755815
1.69 -0.824302  0.753299
1.691 -0.823955  0.750773
1.692 -0.823606  0.748236
1.693 -0.823256  0.745689
1.694 -0.822904  0.743131
1.695 -0.82255  0.740562
1.696 -0.822194  0.737982
1.697 -0.821837  0.735391
1.698 -0.821477  0.732788
1.699 -0.821116  0.730174
1.7 -0.820753  0.727548
1.701 -0.820388  0.724911
1.702 -0.82002  0.722261
1.703 -0.819651  0.7196
1.704 -0.81928  0.716926
1.705 -0.818906  0.714239
1.706 -0.818531  0.71154
1.707 -0.818153  0.708828
1.708 -0.817773  0.706103
1.709 -0.81739  0.703365
1.71 -0.817005  0.700613
1.711 -0.816618  0.697847
1.712 -0.816229  0.695067
1.713 -0.815837  0.692274
1.714 -0.815442  0.689465
1.715 -0.815045  0.686643
1.716 -0.814645  0.683805
1.717 -0.814242  0.680952
1.718 -0.813837  0.678084
1.719 -0.813428  0.6752
1.72 -0.813017  0.6723
1.721 -0.812603  0.669384
1.722 -0.812186  0.666451
1.723 -0.811765  0.663501
1.724 -0.811342  0.660535
1.725 -0.810915  0.65755
1.726 -0.810484  0.654548
1.727 -0.81005  0.651528
1.728 -0.809613  0.648488
1.729 -0.809172  0.64543
1.73 -0.808727  0.642353
1.731 -0.808278  0.639256
1.732 -0.807825  0.636138
1.733 -0.807368  0.633
1.734 -0.806907  0.62984
1.735 -0.806442  0.626659
1.736 -0.805972  0.623456
1.737 -0.805497  0.62023
1.738 -0.805017  0.616981
1.739 -0.804533  0.613707
1.74 -0.804043  0.61041
1.741 -0.803548  0.607087
1.742 -0.803048  0.603739
1.743 -0.802542  0.600364
1.744 -0.80203  0.596962
1.745 -0.801511  0.593532
1.746 -0.800987  0.590074
1.747 -0.800456  0.586585
1.748 -0.799918  0.583067
1.749 -0.799372  0.579516
1.75 -0.798819  0.575934
1.751 -0.798259  0.572318
1.752 -0.79769  0.568667
1.753 -0.797113  0.56498
1.754 -0.796527  0.561257
1.755 -0.795931  0.557494
1.756 -0.795325  0.553692
1.757 -0.794709  0.549849
1.758 -0.794083  0.545962
1.759 -0.793444  0.542031
1.76 -0.792794  0.538053
1.761 -0.79213  0.534026
1.762 -0.791453  0.529948
1.763 -0.790761  0.525816
1.764 -0.790054  0.521628
1.765 -0.789329  0.517382
1.766 -0.788588  0.513073
1.767 -0.787827  0.508699
1.768 -0.787045  0.504256
1.769 -0.786241  0.499739
1.77 -0.785413  0.495144
1.771 -0.784558  0.490466
1.772 -0.783675  0.485699
1.773 -0.782759  0.480835
1.774 -0.781808  0.475869
1.775 -0.780818  0.47079
1.776 -0.779784  0.465589
1.777 -0.7787  0.460255
1.778 -0.777558  0.454772
1.779 -0.776351  0.449126
1.78 -0.775067  0.443294
1.781 -0.773691  0.437253
1.782 -0.772204  0.430969
1.783 -0.770579  0.424403
1.784 -0.768779  0.417497
1.785 -0.766743  0.410174
1.786 -0.764376  0.402315
1.787 -0.761499  0.393733
1.788 -0.757717  0.38408
1.789 -0.751753  0.372603
1.79 -0.732957  0.36165
1.791 -0.71172  0.358509
1.792 -0.692915  0.356274
1.793 -0.674848  0.354228
1.794 -0.657156  0.352261
1.795 -0.639696  0.350338
1.796 -0.622391  0.348442
1.797 -0.605201  0.346565
1.798 -0.588097  0.344701
1.799 -0.571061  0.342848
1.8 -0.55408  0.341002
1.801 -0.537144  0.339163
1.802 -0.520246  0.33733
1.803 -0.50338  0.3355
1.804 -0.486542  0.333675
1.805 -0.469728  0.331853
1.806 -0.452935  0.330033
1.807 -0.436162  0.328215
1.808 -0.419404  0.3264
1.809 -0.402662  0.324587
1.81 -0.385934  0.322775
1.811 -0.369217  0.320965
1.812 -0.352512  0.319156
1.813 -0.335817  0.317348
1.814 -0.319131  0.315541
1.815 -0.302453  0.313735
1.816 -0.285784  0.31193
1.817 -0.269122  0.310126
1.818 -0.252466  0.308322
1.819 -0.235817  0.306519
1.82 -0.219173  0.304717
1.821 -0.202535  0.302915
1.822 -0.185902  0.301113
1.823 -0.169274  0.299312
1.824 -0.15265  0.297512
1.825 -0.136031  0.295712
1.826 -0.119415  0.293912
1.827 -0.102803  0.292112
1.828 -0.0861941  0.290313
1.829 -0.0695887  0.288514
1.83 -0.0529864  0.286715
1.831 -0.0363871  0.284916
1.832 -0.0197904  0.283117
1.833 -0.00319639  0.281319
1.834 0.0133952  0.279521
1.835 0.0299845  0.277723
1.836 0.0465716  0.275924
1.837 0.0631566  0.274126
1.838 0.0797397  0.272328
1.839 0.0963209  0.27053
1.84 0.1129  0.268732
1.841 0.129478  0.266934
1.842 0.146054  0.265136
1.843 0.162629  0.263338
1.844 0.179202  0.26154
1.845 0.195774  0.259742
1.846 0.212345  0.257944
1.847 0.228914  0.256145
1.848 0.245483  0.254347
1.849 0.26205  0.252548
1.85 0.278616  0.250749
1.851 0.295181  0.248951
1.852 0.311746  0.247152
1.853 0.328309  0.245352
1.854 0.344872  0.243553
1.855 0.361434  0.241754
1.856 0.377995  0.239954
1.857 0.394556  0.238154
1.858 0.411116  0.236354
1.859 0.427676  0.234553
1.86 0.444235  0.232753
1.861 0.460793  0.230952
1.862 0.477352  0.229151
1.863 0.493909  0.227349
1.864 0.510467  0.225547
1.865 0.527024  0.223745
1.866 0.543581  0.221943
1.867 0.560137  0.22014
1.868 0.576693  0.218337
1.869 0.59325  0.216533
1.87 0.609806  0.21473
1.871 0.626361  0.212925
1.872 0.642917  0.211121
1.873 0.659473  0.209316
1.874 0.676029  0.20751
1.875 0.692585  0.205704
1.876 0.709141  0.203898
1.877 0.725696  0.202091
1.878 0.742252  0.200283
1.879 0.758809  0.198475
1.88 0.775365  0.196667
1.881 0.791921  0.194858
1.882 0.808478  0.193048
1.883 0.825035  0.191238
1.884 0.841592  0.189427
1.885 0.85815  0.187615
1.886 0.874708  0.185803
1.887 0.891266  0.18399
1.888 0.907825  0.182177
1.889 0.924384  0.180363
1.89 0.940943  0.178548
1.891 0.957503  0.176732
1.892 0.974063  0.174915
1.893 0.990624  0.173098
1.894 1.00719  0.17128
1.895 1.02375  0.169461
1.896 1.04031  0.167641
1.897 1.05687  0.16582
1.898 1.07344  0.163998
1.899 1.09  0.162175
1.9 1.10657  0.160352
1.901 1.12313  0.158527
1.902 1.1397  0.156701
1.903 1.15627  0.154874
1.904 1.17284  0.153045
1.905 1.1894  0.151216
1.906 1.20597  0.149385
1.907 1.22254  0.147553
1.908 1.23912  0.14572
1.909 1.25569  0.143886
1.91 1.27226  0.14205
1.911 1.28884  0.140212
1.912 1.30541  0.138373
1.913 1.32199  0.136533
1.914 1.33857  0.134691
1.915 1.35514  0.132847
1.916 1.37172  0.131002
1.917 1.3883  0.129155
1.918 1.40489  0.127306
1.919 1.42147  0.125455
1.92 1.43805  0.123602
1.921 1.45464  0.121748
1.922 1.47122  0.119891
1.923 1.48781  0.118032
1.924 1.5044  0.116171
1.925 1.52099  0.114308
1.926 1.53758  0.112442
1.927 1.55417  0.110574
1.928 1.57076  0.108704
1.929 1.58736  0.106831
1.93 1.60395  0.104955
1.931 1.62055  0.103077
1.932 1.63715  0.101195
1.933 1.65375  0.0993114
1.934 1.67035  0.0974244
1.935 1.68695  0.0955344
1.936 1.70355  0.0936412
1.937 1.72016  0.0917448
1.938 1.73676  0.0898452
1.939 1.75337  0.0879421
1.94 1.76997  0.0860356
1.941 1.78658  0.0841255
1.942 1.80319  0.0822117
1.943 1.8198  0.0802942
1.944 1.83641  0.0783729
1.945 1.85302  0.0764477
1.946 1.86963  0.0745185
1.947 1.88624  0.0725852
1.948 1.90286  0.0706478
1.949 1.91947  0.0687062
1.95 1.93609  0.0667603
1.951 1.9527  0.06481
1.952 1.96932  0.0628554
1.953 1.98593  0.0608962
1.954 2.00255  0.0589325
1.955 2.01916  0.0569643
1.956 2.03578  0.0549915
1.957 2.05239  0.053014
1.958 2.069  0.0510319
1.959 2.08562  0.049045
1.96 2.10223  0.0470535
1.961 2.11885  0.0450572
1.962 2.13546  0.0430563
1.963 2.15207  0.0410506
1.964 2.16868  0.0390403
1.965 2.18529  0.0370252
1.966 2.2019  0.0350056
1.967 2.21851  0.0329813
1.968 2.23511  0.0309525
1.969 2.25172  0.0289192
1.97 2.26832  0.0268814
1.971 2.28492  0.0248393
1.972 2.30152  0.0227927
1.973 2.31812  0.020742
1.974 2.33471  0.018687
1.975 2.35131  0.016628
1.976 2.3679  0.0145649
1.977 2.38449  0.0124979
1.978 2.40108  0.010427
1.979 2.41766  0.00835242
1.98 2.43425  0.00627413
1.981 2.45083  0.00419228
1.982 2.46741  0.00210695
1.983 2.48399  1.82428e-05
1.984 2.50056  -0.00207375
1.985 2.51713  -0.00416893
1.986 2.5337  -0.0062672
1.987 2.55027  -0.00836847
1.988 2.56684  -0.0104726
1.989 2.5834  -0.0125796
1.99 2.59996  -0.0146893
1.991 2.61652  -0.0168016
1.992 2.63307  -0.0189165
1.993 2.64963  -0.0210338
1.994 2.66618  -0.0231535
1.995 2.68273  -0.0252755
1.996 2.69927  -0.0273996
1.997 2.71582  -0.0295259
1.998 2.73236  -0.0316543
1.999 2.7489  -0.0337846
2 2.76544  -0.0359168
2.001 2.78197  -0.0380509
2.002 2.7985  -0.0401867
2.003 2.81503  -0.0423242
2.004 2.83156  -0.0444634
2.005 2.84809  -0.0466041
2.006 2.86461  -0.0487464
2.007 2.88113  -0.0508901
2.008 2.89765  -0.0530352
2.009 2.91417  -0.0551816
2.01 2.93069  -0.0573294
2.011 2.9472  -0.0594784
2.012 2.96371  -0.0616287
2.013 2.98022  -0.0637801
2.014 2.99673  -0.0659326
2.015 3.01324  -0.0680861
2.016 3.02974  -0.0702408
2.017 3.04625  -0.0723964
2.018 3.06275  -0.0745529
2.019 3.07925  -0.0767104
2.02 3.09574  -0.0788688
2.021 3.11224  -0.0810281
2.022 3.12873  -0.0831882
2.023 3.14523  -0.085349
2.024 3.16172  -0.0875106
2.025 3.17821  -0.089673
2.026 3.1947  -0.0918361
2.027 3.21118  -0.0939999
2.028 3.22767  -0.0961643
2.029 3.24415  -0.0983294
2.03 3.26063  -0.100495
2.031 3.27711  -0.102661
2.032 3.29359  -0.104828
2.033 3.31007  -0.106996
2.034 3.32655  -0.109163
2.035 3.34302  -0.111332
2.036 3.35949  -0.113501
2.037 3.37597  -0.11567
2.038 3.39244  -0.11784
2.039 3.40891  -0.12001
2.04 3.42538  -0.122181
2.041 3.44184  -0.124352
2.042 3.45831  -0.126524
2.043 3.47478  -0.128696
2.044 3.49124  -0.130868
2.045 3.5077  -0.133041
2.046 3.52416  -0.135214
2.047 3.54062  -0.137387
2.048 3.55708  -0.139561
2.049 3.57354  -0.141735
2.05 3.59  -0.143909
2.051 3.60646  -0.146084
2.052 3.62291  -0.148259
2.053 3.63937  -0.150434
2.054 3.65582  -0.152609
2.055 3.67227  -0.154785
2.056 3.68872  -0.156961
2.057 3.70517  -0.159137
2.058 3.72162  -0.161313
2.059 3.73807  -0.16349
2.06 3.75452  -0.165667
2.061 3.77097  -0.167844
2.062 3.78741  -0.170021
2.063 3.80386  -0.172199
2.064 3.8203  -0.174376
2.065 3.83675  -0.176554
2.066 3.85319  -0.178732
2.067 3.86963  -0.18091
2.068 3.88607  -0.183089
2.069 3.90251  -0.185267
2.07 3.91895  -0.187446
2.071 3.93539  -0.189625
2.072 3.95183  -0.191804
2.073 3.96827  -0.193983
2.074 3.9847  -0.196162
2.075 4.00114  -0.198342
2.076 4.01757  -0.200521
2.077 4.03401  -0.202701
2.078 4.05044  -0.204881
2.079 4.06687  -0.20706
2.08 4.08331  -0.209241
2.081 4.09974  -0.211421
2.082 4.11617  -0.213601
2.083 4.1326  -0.215781
2.084 4.14903  -0.217962
2.085 4.16546  -0.220142
2.086 4.18189  -0.222323
2.087 4.19832  -0.224504
2.088 4.21474  -0.226685
2.089 4.23117  -0.228865
2.09 4.2476  -0.231047
2.091 4.26402  -0.233228
2.092 4.28045  -0.235409
2.093 4.29687  -0.23759
2.094 4.3133  -0.239771
2.095 4.32972  -0.241953
2.096 4.34614  -0.244134
2.097 4.36256  -0.246316
2.098 4.37899  -0.248497
2.099 4.39541  -0.250679
2.1 4.41183  -0.252861
2.101 4.42825  -0.255043
2.102 4.44467  -0.257225
2.103 4.46109  -0.259407
2.104 4.47751  -0.261589
2.105 4.49392  -0.263771
2.106 4.51034  -0.265953
2.107 4.52676  -0.268135
2.108 4.54317  -0.270317
2.109 4.55959  -0.272499
2.11 4.57601  -0.274682
2.111 4.59242  -0.276864
2.112 4.60884  -0.279046
2.113 4.62525  -0.281229
2.114 4.64167  -0.283411
2.115 4.65808  -0.285594
2.116 4.67449  -0.287776
2.117 4.69091  -0.289959
2.118 4.70732  -0.292141
2.119 4.72373  -0.294324
2.12 4.74014  -0.296507
2.121 4.75655  -0.29869
2.122 4.77296  -0.300872
2.123 4.78937  -0.303055
2.124 4.80578  -0.305238
2.125 4.82219  -0.307421
2.126 4.8386  -0.309604
2.127 4.85501  -0.311787
2.128 4.87142  -0.313969
2.129 4.88783  -0.316152
2.13 4.90423  -0.318335
2.131 4.92064  -0.320518
2.132 4.93705  -0.322701
2.133 4.95345  -0.324885
2.134 4.96986  -0.327068
2.135 4.98627  -0.329251
2.136 5.00267  -0.331434
2.137 5.01908  -0.333617
2.138 5.03548  -0.3358
2.139 5.05189  -0.337983
2.14 5.06829  -0.340167
2.141 5.08469  -0.34235
2.142 5.1011  -0.344533
2.143 5.1175  -0.346716
2.144 5.1339  -0.3489
2.145 5.15031  -0.351083
2.146 5.16671  -0.353266
2.147 5.18311  -0.355449
2.148 5.19951  -0.357633
2.149 5.21591  -0.359816
2.15 5.23231  -0.361999
2.151 5.24871  -0.364183
2.152 5.26511  -0.366366
2.153 5.28151  -0.36855
2.154 5.29791  -0.370733
2.155 5.31431  -0.372916
2.156 5.33071  -0.3751
2.157 5.34711  -0.377283
2.158 5.36351  -0.379467
2.159 5.37991  -0.38165
2.16 5.39631  -0.383834
2.161 5.4127  -0.386017
2.162 5.4291  -0.388201
2.163 5.4455  -0.390384
2.164 5.46189  -0.392568
2.165 5.47829  -0.394751
2.166 5.49469  -0.396935
2.167 5.51108  -0.399118
2.168 5.52748  -0.401302
2.169 5.54387  -0.403485
2.17 5.56027  -0.405669
2.171 5.57666  -0.407852
2.172 5.59306  -0.410036
2.173 5.60945  -0.412219
2.174 5.62585  -0.414403
2.175 5.64224  -0.416586
2.176 5.65864  -0.41877
2.177 5.67503  -0.420954
2.178 5.69142  -0.423137
2.179 5.70782  -0.425321
2.18 5.72421  -0.427504
2.181 5.7406  -0.429688
2.182 5.75699  -0.431871
2.183 5.77339  -0.434055
2.184 5.78978  -0.436239
2.185 5.80617  -0.438422
2.186 5.82256  -0.440606
2.187 5.83895  -0.442789
2.188 5.85534  -0.444973
2.189 5.87173  -0.447156
2.19 5.88813  -0.44934
2.191 5.90452  -0.451524
2.192 5.92091  -0.453707
2.193 5.9373  -0.455891
2.194 5.95369  -0.458074
2.195 5.97008  -0.460258
2.196 5.98646  -0.462442
2.197 6.00285  -0.464625
2.198 6.01924  -0.466809
2.199 6.03563  -0.468992
2.2 6.05202  -0.471176
2.201 6.06841  -0.473359
2.202 6.0848  -0.475543
2.203 6.10118  -0.477727
2.204 6.11757  -0.47991
2.205 6.13396  -0.482094
2.206 6.15035  -0.484277
2.207 6.16673  -0.486461
2.208 6.18312  -0.488645
2.209 6.19951  -0.490828
2.21 6.2159  -0.493012
2.211 6.23228  -0.495195
2.212 6.24867  -0.497379
2.213 6.26505  -0.499562
2.214 6.28144  -0.501746
2.215 6.29783  -0.50393
2.216 6.31421  -0.506113
2.217 6.3306  -0.508297
2.218 6.34698  -0.51048
2.219 6.36337  -0.512664
2.22 6.37975  -0.514847
2.221 6.39614  -0.517031
2.222 6.41252  -0.519214
2.223 6.4289  -0.521398
2.224 6.44529  -0.523581
2.225 6.46167  -0.525765
2.226 6.47806  -0.527948
2.227 6.49444  -0.530132
2.228 6.51082  -0.532316
2.229 6.52721  -0.534499
2.23 6.54359  -0.536683
2.231 6.55997  -0.538866
2.232 6.57636  -0.54105
2.233 6.59274  -0.543233
2.234 6.60912  -0.545417
2.235 6.6255  -0.5476
2.236 6.64189  -0.549784
2.237 6.65827  -0.551967
2.238 6.67465  -0.554151
2.239 6.69103  -0.556334
2.24 6.70741  -0.558517
2.241 6.72379  -0.560701
2.242 6.74018  -0.562884
2.243 6.75656  -0.565068
2.244 6.77294  -0.567251
2.245 6.78932  -0.569435
2.246 6.8057  -0.571618
2.247 6.82208  -0.573802
2.248 6.83846  -0.575985
2.249 6.85484  -0.578168
2.25 6.87122  -0.580352
2.251 6.8876  -0.582535
2.252 6.90398  -0.584719
2.253 6.92036  -0.586902
2.254 6.93674  -0.589086
2.255 6.95312  -0.591269
2.256 6.9695  -0.593452
2.257 6.98588  -0.595636
2.258 7.00226  -0.597819
2.259 7.01864  -0.600003
2.26 7.03502  -0.602186
2.261 7.05139  -0.604369
2.262 7.06777  -0.606553
2.263 7.08415  -0.608736
2.264 7.10053  -0.610919
2.265 7.11691  -0.613103
2.266 7.13329  -0.615286
2.267 7.14966  -0.617469
2.268 7.16604  -0.619653
2.269 7.18242  -0.621836
2.27 7.1988  -0.624019
2.271 7.21517  -0.626203
2.272 7.23155  -0.628386
2.273 7.24793  -0.630569
2.274 7.2643  -0.632753
2.275 7.28068  -0.634936
2.276 7.29706  -0.637119
2.277 7.31343  -0.639303
2.278 7.32981  -0.641486
2.279 7.34619  -0.643669
2.28 7.36256  -0.645852
2.281 7.37894  -0.648036
2.282 7.39532  -0.650219
2.283 7.41169  -0.652402
2.284 7.42807  -0.654585
2.285 7.44444  -0.656769
2.286 7.46082  -0.658952
2.287 7.47719  -0.661135
2.288 7.49357  -0.663318
2.289 7.50994  -0.665502
2.29 7.52632  -0.667685
2.291 7.54269  -0.669868
2.292 7.55907  -0.672051
2.293 7.57544  -0.674234
2.294 7.59182  -0.676418
2.295 7.60819  -0.678601
2.296 7.62457  -0.680784
2.297 7.64094  -0.682967
2.298 7.65732  -0.68515
2.299 7.67369  -0.687333
2.3 7.69007  -0.689517
2.301 7.70644  -0.6917
2.302 7.72281  -0.693883
2.303 7.73919  -0.696066
2.304 7.75556  -0.698249
2.305 7.77193  -0.700432
2.306 7.78831  -0.702615
2.307 7.80468  -0.704799
2.308 7.82105  -0.706982
2.309 7.83743  -0.709165
2.31 7.8538  -0.711348
2.311 7.87017  -0.713531
2.312 7.88655  -0.715714
2.313 7.90292  -0.717897
2.314 7.91929  -0.72008
2.315 7.93566  -0.722263
2.316 7.95204  -0.724446
2.317 7.96841  -0.726629
2.318 7.98478  -0.728812
2.319 8.00115  -0.730995
2.32 8.01752  -0.733179
2.321 8.0339  -0.735362
2.322 8.05027  -0.737545
2.323 8.06664  -0.739728
2.324 8.08301  -0.741911
2.325 8.09938  -0.744094
2.326 8.11575  -0.746277
2.327 8.13213  -0.74846
2.328 8.1485  -0.750643
2.329 8.16487  -0.752826
2.33 8.18124  -0.755009
2.331 8.19761  -0.757192
2.332 8.21398  -0.759375
2.333 8.23035  -0.761558
2.334 8.24672  -0.763741
2.335 8.26309  -0.765923
2.336 8.27946  -0.768106
2.337 8.29583  -0.770289
2.338 8.3122  -0.772472
2.339 8.32858  -0.774655
2.34 8.34495  -0.776838
2.341 8.36132  -0.779021
2.342 8.37769  -0.781204
2.343 8.39406  -0.783387
2.344 8.41043  -0.78557
2.345 8.4268  -0.787753
2.346 8.44316  -0.789936
2.347 8.45953  -0.792119
2.348 8.4759  -0.794301
2.349 8.49227  -0.796484
2.35 8.50864  -0.798667
2.351 8.52501  -0.80085
2.352 8.54138  -0.803033
2.353 8.55775  -0.805216
2.354 8.57412  -0.807399
2.355 8.59049  -0.809581
2.356 8.60686  -0.811764
2.357 8.62323  -0.813947
2.358 8.6396  -0.81613
2.359 8.65596  -0.818313
2.36 8.67233  -0.820496
2.361 8.6887  -0.822678
2.362 8.70507  -0.824861
2.363 8.72144  -0.827044
2.364 8.73781  -0.829227
2.365 8.75417  -0.83141
2.366 8.77054  -0.833592
2.367 8.78691  -0.835775
2.368 8.80328  -0.837958
2.369 8.81965  -0.840141
2.37 8.83601  -0.842323
2.371 8.85238  -0.844506
2.372 8.86875  -0.846689
2.373 8.88512  -0.848872
2.374 8.90148  -0.851054
2.375 8.91785  -0.853237
2.376 8.93422  -0.85542
2.377 8.95059  -0.857603
2.378 8.96695  -0.859785
2.379 8.98332  -0.861968
2.38 8.99969  -0.864151
2.381 9.01605  -0.866333
2.382 9.03242  -0.868516
2.383 9.04879  -0.870699
2.384 9.06516  -0.872882
2.385 9.08152  -0.875064
2.386 9.09789  -0.877247
2.387 9.11426  -0.87943
2.388 9.13062  -0.881612
2.389 9.14699  -0.883795
2.39 9.16335  -0.885978
2.391 9.17972  -0.88816
2.392 9.19609  -0.890343
2.393 9.21245  -0.892525
2.394 9.22882  -0.894708
2.395 9.24519  -0.896891
2.396 9.26155  -0.899073
2.397 9.27792  -0.901256
2.398 9.29428  -0.903439
2.399 9.31065  -0.905621
2.4 9.32701  -0.907804
2.401 9.34338  -0.909986
2.402 9.35975  -0.912169
2.403 9.37611  -0.914352
2.404 9.39248  -0.916534
2.405 9.40884  -0.918717
2.406 9.42521  -0.920899
2.407 9.44157  -0.923082
2.408 9.45794  -0.925264
2.409 9.4743  -0.927447
2.41 9.49067  -0.929629
2.411 9.50703  -0.931812
2.412 9.5234  -0.933995
2.413 9.53976  -0.936177
2.414 9.55613  -0.93836
2.415 9.57249  -0.940542
2.416 9.58886  -0.942725
2.417 9.60522  -0.944907
2.418 9.62159  -0.94709
2.419 9.63795  -0.949272
2.42 9.65432  -0.951455
2.421 9.67068  -0.953637
2.422 9.68704  -0.95582
2.423 9.70341  -0.958002
2.424 9.71977  -0.960185
2.425 9.73614  -0.962367
2.426 9.7525  -0.96455
2.427 9.76887  -0.966732
2.428 9.78523  -0.968914
2.429 9.80159  -0.971097
2.43 9.81796  -0.973279
2.431 9.83432  -0.975462
2.432 9.85068  -0.977644
2.433 9.86705  -0.979827
2.434 9.88341  -0.982009
2.435 9.89978  -0.984192
2.436 9.91614  -0.986374
2.437 9.9325  -0.988556
2.438 9.94887  -0.990739
2.439 9.96523  -0.992921
2.44 9.98159  -0.995104
2.441 9.99796  -0.997286
2.442 10.0143  -0.999468
2.443 10.0307  -1.00165
2.444 10.047  -1.00383
2.445 10.0634  -1.00602
2.446 10.0798  -1.0082
2.447 10.0961  -1.01038
2.448 10.1125  -1.01256
2.449 10.1289  -1.01474
2.45 10.1452  -1.01693
2.451 10.1616  -1.01911
2.452 10.1779  -1.02129
2.453 10.1943  -1.02347
2.454 10.2107  -1.02566
2.455 10.227  -1.02784
2.456 10.2434  -1.03002
2.457 10.2598  -1.0322
2.458 10.2761  -1.03439
2.459 10.2925  -1.03657
2.46 10.3088  -1.03875
2.461 10.3252  -1.04093
2.462 10.3416  -1.04312
2.463 10.3579  -1.0453
2.464 10.3743  -1.04748
2.465 10.3907  -1.04966
2.466 10.407  -1.05184
2.467 10.4234  -1.05403
2.468 10.4397  -1.05621
2.469 10.4561  -1.05839
2.47 10.4725  -1.06057
2.471 10.4888  -1.06276
2.472 10.5052  -1.06494
2.473 10.5216  -1.06712
2.474 10.5379  -1.0693
2.475 10.5543  -1.07148
2.476 10.5706  -1.07367
2.477 10.587  -1.07585
2.478 10.6034  -1.07803
2.479 10.6197  -1.08021
2.48 10.6361  -1.0824
2.481 10.6524  -1.08458
2.482 10.6688  -1.08676
2.483 10.6852  -1.08894
2.484 10.7015  -1.09112
2.485 10.7179  -1.09331
2.486 10.7342  -1.09549
2.487 10.7506  -1.09767
2.488 10.767  -1.09985
2.489 10.7833  -1.10204
2.49 10.7997  -1.10422
2.491 10.8161  -1.1064
2.492 10.8324  -1.10858
2.493 10.8488  -1.11076
2.494 10.8651  -1.11295
2.495 10.8815  -1.11513
2.496 10.8979  -1.11731
2.497 10.9142  -1.11949
2.498 10.9306  -1.12167
2.499 10.9469  -1.12386
2.5 10.9633  -1.12604
2.501 10.9797  -1.12822
2.502 10.996  -1.1304
2.503 11.0124  -1.13259
2.504 11.0287  -1.13477
2.505 11.0451  -1.13695
2.506 11.0615  -1.13913
2.507 11.0778  -1.14131
2.508 11.0942  -1.1435
2.509 11.1105  -1.14568
2.51 11.1269  -1.14786
2.511 11.1433  -1.15004
2.512 11.1596  -1.15222
2.513 11.176  -1.15441
2.514 11.1923  -1.15659
2.515 11.2087  -1.15877
2.516 11.2251  -1.16095
2.517 11.2414  -1.16313
2.518 11.2578  -1.16532
2.519 11.2741  -1.1675
2.52 11.2905  -1.16968
2.521 11.3069  -1.17186
2.522 11.3232  -1.17404
2.523 11.3396  -1.17623
2.524 11.3559  -1.17841
2.525 11.3723  -1.18059
2.526 11.3886  -1.18277
2.527 11.405  -1.18495
2.528 11.4214  -1.18714
2.529 11.4377  -1.18932
2.53 11.4541  -1.1915
2.531 11.4704  -1.19368
2.532 11.4868  -1.19586
2.533 11.5032  -1.19805
2.534 11.5195  -1.20023
2.535 11.5359  -1.20241
2.536 11.5522  -1.20459
2.537 11.5686  -1.20677
2.538 11.585  -1.20896
2.539 11.6013  -1.21114
2.54 11.6177  -1.21332
2.541 11.634  -1.2155
2.542 11.6504  -1.21768
2.543 11.6667  -1.21987
2.544 11.6831  -1.22205
2.545 11.6995  -1.22423
2.546 11.7158  -1.22641
2.547 11.7322  -1.22859
2.548 11.7485  -1.23078
2.549 11.7649  -1.23296
2.55 11.7813  -1.23514
2.551 11.7976  -1.23732
2.552 11.814  -1.2395
2.553 11.8303  -1.24169
2.554 11.8467  -1.24387
2.555 11.863  -1.24605
2.556 11.8794  -1.24823
2.557 11.8958  -1.25041
2.558 11.9121  -1.2526
2.559 11.9285  -1.25478
2.56 11.9448  -1.25696
2.561 11.9612  -1.25914
2.562 11.9776  -1.26132
2.563 11.9939  -1.2635
2.564 12.0103  -1.26569
2.565 12.0266  -1.26787
2.566 12.043  -1.27005
2.567 12.0593  -1.27223
2.568 12.0757  -1.27441
2.569 12.0921  -1.2766
2.57 12.1084  -1.27878
2.571 12.1248  -1.28096
2.572 12.1411  -1.28314
2.573 12.1575  -1.28532
2.574 12.1738  -1.28751
2.575 12.1902  -1.28969
2.576 12.2066  -1.29187
2.577 12.2229  -1.29405
2.578 12.2393  -1.29623
2.579 12.2556  -1.29841
2.58 12.272  -1.3006
2.581 12.2883  -1.30278
2.582 12.3047  -1.30496
2.583 12.3211  -1.30714
2.584 12.3374  -1.30932
2.585 12.3538  -1.3115
2.586 12.3701  -1.31369
2.587 12.3865  -1.31587
2.588 12.4028  -1.31805
2.589 12.4192  -1.32023
2.59 12.4356  -1.32241
2.591 12.4519  -1.3246
2.592 12.4683  -1.32678
2.593 12.4846  -1.32896
2.594 12.501  -1.33114
2.595 12.5173  -1.33332
2.596 12.5337  -1.3355
2.597 12.5501  -1.33769
2.598 12.5664  -1.33987
2.599 12.5828  -1.34205
2.6 12.5991  -1.34423
2.601 12.6155  -1.34641
2.602 12.6318  -1.34859
2.603 12.6482  -1.35078
2.604 12.6645  -1.35296
2.605 12.6809  -1.35514
2.606 12.6973  -1.35732
2.607 12.7136  -1.3595
2.608 12.73  -1.36169
2.609 12.7463  -1.36387
2.61 12.7627  -1.36605
2.611 12.779  -1.36823
2.612 12.7954  -1.37041
2.613 12.8118  -1.37259
2.614 12.8281  -1.37478
2.615 12.8445  -1.37696
2.616 12.8608  -1.37914
2.617 12.8772  -1.38132
2.618 12.8935  -1.3835
2.619 12.9099  -1.38568
2.62 12.9262  -1.38787
2.621 12.9426  -1.39005
2.622 12.959  -1.39223
2.623 12.9753  -1.39441
2.624 12.9917  -1.39659
2.625 13.008  -1.39877
2.626 13.0244  -1.40096
2.627 13.0407  -1.40314
2.628 13.0571  -1.40532
2.629 13.0734  -1.4075
2.63 13.0898  -1.40968
2.631 13.1062  -1.41186
2.632 13.1225  -1.41405
2.633 13.1389  -1.41623
2.634 13.1552  -1.41841
2.635 13.1716  -1.42059
2.636 13.1879  -1.42277
2.637 13.2043  -1.42495
2.638 13.2206  -1.42714
2.639 13.237  -1.42932
2.64 13.2534  -1.4315
2.641 13.2697  -1.43368
2.642 13.2861  -1.43586
2.643 13.3024  -1.43804
2.644 13.3188  -1.44022
2.645 13.3351  -1.44241
2.646 13.3515  -1.44459
2.647 13.3678  -1.44677
2.648 13.3842  -1.44895
2.649 13.4006  -1.45113
2.65 13.4169  -1.45331
2.651 13.4333  -1.4555
2.652 13.4496  -1.45768
2.653 13.466  -1.45986
2.654 13.4823  -1.46204
2.655 13.4987  -1.46422
2.656 13.515  -1.4664
2.657 13.5314  -1.46859
2.658 13.5477  -1.47077
2.659 13.5641  -1.47295
2.66 13.5805  -1.47513
2.661 13.5968  -1.47731
2.662 13.6132  -1.47949
2.663 13.6295  -1.48167
2.664 13.6459  -1.48386
2.665 13.6622  -1.48604
2.666 13.6786  -1.48822
2.667 13.6949  -1.4904
2.668 13.7113  -1.49258
2.669 13.7276  -1.49476
2.67 13.744  -1.49695
2.671 13.7604  -1.49913
2.672 13.7767  -1.50131
2.673 13.7931  -1.50349
2.674 13.8094  -1.50567
2.675 13.8258  -1.50785
2.676 13.8421  -1.51003
2.677 13.8585  -1.51222
2.678 13.8748  -1.5144
2.679 13.8912  -1.51658
2.68 13.9075  -1.51876
2.681 13.9239  -1.52094
2.682 13.9403  -1.52312
2.683 13.9566  -1.5253
2.684 13.973  -1.52749
2.685 13.9893  -1.52967
2.686 14.0057  -1.53185
2.687 14.022  -1.53403
2.688 14.0384  -1.53621
2.689 14.0547  -1.53839
2.69 14.0711  -1.54057
2.691 14.0874  -1.54276
2.692 14.1038  -1.54494
2.693 14.1201  -1.54712
2.694 14.1365  -1.5493
2.695 14.1529  -1.55148
2.696 14.1692  -1.55366
2.697 14.1856  -1.55585
2.698 14.2019  -1.55803
2.699 14.2183  -1.56021
2.7 14.2346  -1.56239
2.701 14.251  -1.56457
2.702 14.2673  -1.56675
2.703 14.2837  -1.56893
2.704 14.3  -1.57112
2.705 14.3164  -1.5733
2.706 14.3327  -1.57548
2.707 14.3491  -1.57766
2.708 14.3654  -1.57984
2.709 14.3818  -1.58202
2.71 14.3982  -1.5842
2.711 14.4145  -1.58638
2.712 14.4309  -1.58857
2.713 14.4472  -1.59075
2.714 14.4636  -1.59293
2.715 14.4799  -1.59511
2.716 14.4963  -1.59729
2.717 14.5126  -1.59947
2.718 14.529  -1.60165
2.719 14.5453  -1.60384
2.72 14.5617  -1.60602
2.721 14.578  -1.6082
2.722 14.5944  -1.61038
2.723 14.6107  -1.61256
2.724 14.6271  -1.61474
2.725 14.6435  -1.61692
2.726 14.6598  -1.61911
2.727 14.6762  -1.62129
2.728 14.6925  -1.62347
2.729 14.7089  -1.62565
2.73 14.7252  -1.62783
2.731 14.7416  -1.63001
2.732 14.7579  -1.63219
2.733 14.7743  -1.63438
2.734 14.7906  -1.63656
2.735 14.807  -1.63874
2.736 14.8233  -1.64092
2.737 14.8397  -1.6431
2.738 14.856  -1.64528
2.739 14.8724  -1.64746
2.74 14.8887  -1.64964
2.741 14.9051  -1.65183
2.742 14.9215  -1.65401
2.743 14.9378  -1.65619
2.744 14.9542  -1.65837
2.745 14.9705  -1.66055
2.746 14.9869  -1.66273
2.747 15.0032  -1.66491
2.748 15.0196  -1.66709
2.749 15.0359  -1.66928
2.75 15.0523  -1.67146
2.751 15.0686  -1.67364
2.752 15.085  -1.67582
2.753 15.1013  -1.678
2.754 15.1177  -1.68018
2.755 15.134  -1.68236
2.756 15.1504  -1.68455
2.757 15.1667  -1.68673
2.758 15.1831  -1.68891
2.759 15.1994  -1.69109
2.76 15.2158  -1.69327
2.761 15.2321  -1.69545
2.762 15.2485  -1.69763
2.763 15.2649  -1.69981
2.764 15.2812  -1.702
2.765 15.2976  -1.70418
2.766 15.3139  -1.70636
2.767 15.3303  -1.70854
2.768 15.3466  -1.71072
2.769 15.363  -1.7129
2.77 15.3793  -1.71508
2.771 15.3957  -1.71726
2.772 15.412  -1.71945
2.773 15.4284  -1.72163
2.774 15.4447  -1.72381
2.775 15.4611  -1.72599
2.776 15.4774  -1.72817
2.777 15.4938  -1.73035
2.778 15.5101  -1.73253
2.779 15.5265  -1.73471
2.78 15.5428  -1.7369
2.781 15.5592  -1.73908
2.782 15.5755  -1.74126
2.783 15.5919  -1.74344
2.784 15.6082  -1.74562
2.785 15.6246  -1.7478
2.786 15.6409  -1.74998
2.787 15.6573  -1.75216
2.788 15.6737  -1.75434
2.789 15.69  -1.75653
2.79 15.7064  -1.75871
2.791 15.7227  -1.76089
2.792 15.7391  -1.76307
2.793 15.7554  -1.76525
2.794 15.7718  -1.76743
2.795 15.7881  -1.76961
2.796 15.8045  -1.77179
2.797 15.8208  -1.77398
2.798 15.8372  -1.77616
2.799 15.8535  -1.77834
2.8 15.8699  -1.78052
2.801 15.8862  -1.7827
2.802 15.9026  -1.78488
2.803 15.9189  -1.78706
2.804 15.9353  -1.78924
2.805 15.9516  -1.79143
2.806 15.968  -1.79361
2.807 15.9843  -1.79579
2.808 16.0007  -1.79797
2.809 16.017  -1.80015
2.81 16.0334  -1.80233
2.811 16.0497  -1.80451
2.812 16.0661  -1.80669
2.813 16.0824  -1.80887
2.814 16.0988  -1.81106
2.815 16.1151  -1.81324
2.816 16.1315  -1.81542
2.817 16.1478  -1.8176
2.818 16.1642  -1.81978
2.819 16.1805  -1.82196
2.82 16.1969  -1.82414
2.821 16.2132  -1.82632
2.822 16.2296  -1.8285
2.823 16.246  -1.83069
2.824 16.2623  -1.83287
2.825 16.2787  -1.83505
2.826 16.295  -1.83723
2.827 16.3114  -1.83941
2.828 16.3277  -1.84159
2.829 16.3441  -1.84377
2.83 16.3604  -1.84595
2.831 16.3768  -1.84813
2.832 16.3931  -1.85032
2.833 16.4095  -1.8525
2.834 16.4258  -1.85468
2.835 16.4422  -1.85686
2.836 16.4585  -1.85904
2.837 16.4749  -1.86122
2.838 16.4912  -1.8634
2.839 16.5076  -1.86558
2.84 16.5239  -1.86776
2.841 16.5403  -1.86995
2.842 16.5566  -1.87213
2.843 16.573  -1.87431
2.844 16.5893  -1.87649
2.845 16.6057  -1.87867
2.846 16.622  -1.88085
2.847 16.6384  -1.88303
2.848 16.6547  -1.88521
2.849 16.6711  -1.88739
2.85 16.6874  -1.88958
2.851 16.7038  -1.89176
2.852 16.7201  -1.89394
2.853 16.7365  -1.89612
2.854 16.7528  -1.8983
2.855 16.7692  -1.90048
2.856 16.7855  -1.90266
2.857 16.8019  -1.90484
2.858 16.8182  -1.90702
2.859 16.8346  -1.9092
2.86 16.8509  -1.91139
2.861 16.8673  -1.91357
2.862 16.8836  -1.91575
2.863 16.9  -1.91793
2.864 16.9163  -1.92011
2.865 16.9327  -1.92229
2.866 16.949  -1.92447
2.867 16.9654  -1.92665
2.868 16.9817  -1.92883
2.869 16.9981  -1.93102
2.87 17.0144  -1.9332
2.871 17.0308  -1.93538
2.872 17.0471  -1.93756
2.873 17.0635  -1.93974
2.874 17.0798  -1.94192
2.875 17.0962  -1.9441
2.876 17.1125  -1.94628
2.877 17.1289  -1.94846
2.878 17.1452  -1.95064
2.879 17.1616  -1.95283
2.88 17.1779  -1.95501
2.881 17.1943  -1.95719
2.882 17.2106  -1.95937
2.883 17.227  -1.96155
2.884 17.2433  -1.96373
2.885 17.2597  -1.96591
2.886 17.276  -1.96809
2.887 17.2924  -1.97027
2.888 17.3087  -1.97245
2.889 17.3251  -1.97464
2.89 17.3414  -1.97682
2.891 17.3578  -1.979
2.892 17.3741  -1.98118
2.893 17.3905  -1.98336
2.894 17.4068  -1.98554
2.895 17.4232  -1.98772
2.896 17.4395  -1.9899
2.897 17.4559  -1.99208
2.898 17.4722  -1.99426
2.899 17.4886  -1.99644
2.9 17.5049  -1.99863
2.901 17.5213  -2.00081
2.902 17.5376  -2.00299
2.903 17.554  -2.00517
2.904 17.5703  -2.00735
2.905 17.5867  -2.00953
2.906 17.603  -2.01171
2.907 17.6194  -2.01389
2.908 17.6357  -2.01607
2.909 17.6521  -2.01825
2.91 17.6684  -2.02044
2.911 17.6848  -2.02262
2.912 17.7011  -2.0248
2.913 17.7175  -2.02698
2.914 17.7338  -2.02916
2.915 17.7502  -2.03134
2.916 17.7665  -2.03352
2.917 17.7829  -2.0357
2.918 17.7992  -2.03788
2.919 17.8156  -2.04006
2.92 17.8319  -2.04224
2.921 17.8483  -2.04443
2.922 17.8646  -2.04661
2.923 17.881  -2.04879
2.924 17.8973  -2.05097
2.925 17.9137  -2.05315
2.926 17.93  -2.05533
2.927 17.9464  -2.05751
2.928 17.9627  -2.05969
2.929 17.9791  -2.06187
2.93 17.9954  -2.06405
2.931 18.0118  -2.06623
2.932 18.0281  -2.06842
2.933 18.0445  -2.0706
2.934 18.0608  -2.07278
2.935 18.0772  -2.07496
2.936 18.0935  -2.07714
2.937 18.1099  -2.07932
2.938 18.1262  -2.0815
2.939 18.1426  -2.08368
2.94 18.1589  -2.08586
2.941 18.1753  -2.08804
2.942 18.1916  -2.09022
2.943 18.208  -2.09241
2.944 18.2243  -2.09459
2.945 18.2406  -2.09677
2.946 18.257  -2.09895
2.947 18.2733  -2.10113
2.948 18.2897  -2.10331
2.949 18.306  -2.10549
2.95 18.3224  -2.10767
2.951 18.3387  -2.10985
2.952 18.3551  -2.11203
2.953 18.3714  -2.11421
2.954 18.3878  -2.1164
2.955 18.4041  -2.11858
2.956 18.4205  -2.12076
2.957 18.4368  -2.12294
2.958 18.4532  -2.12512
2.959 18.4695  -2.1273
2.96 18.4859  -2.12948
2.961 18.5022  -2.13166
2.962 18.5186  -2.13384
2.963 18.5349  -2.13602
2.964 18.5513  -2.1382
2.965 18.5676  -2.14038
2.966 18.584  -2.14257
2.967 18.6003  -2.14475
2.968 18.6167  -2.14693
2.969 18.633  -2.14911
2.97 18.6494  -2.15129
2.971 18.6657  -2.15347
2.972 18.6821  -2.15565
2.973 18.6984  -2.15783
2.974 18.7148  -2.16001
2.975 18.7311  -2.16219
2.976 18.7475  -2.16437
2.977 18.7638  -2.16655
2.978 18.7802  -2.16874
2.979 18.7965  -2.17092
2.98 18.8129  -2.1731
2.981 18.8292  -2.17528
2.982 18.8456  -2.17746
2.983 18.8619  -2.17964
2.984 18.8783  -2.18182
2.985 18.8946  -2.184
2.986 18.9109  -2.18618
2.987 18.9273  -2.18836
2.988 18.9436  -2.19054
2.989 18.96  -2.19272
2.99 18.9763  -2.19491
2.991 18.9927  -2.19709
2.992 19.009  -2.19927
2.993 19.0254  -2.20145
2.994 19.0417  -2.20363
2.995 19.0581  -2.20581
2.996 19.0744  -2.20799
2.997 19.0908  -2.21017
2.998 19.1071  -2.21235
2.999 19.1235  -2.21453
3 19.1398  -2.21671
3.001 19.1562  -2.21889
3.002 19.1725  -2.22107
3.003 19.1889  -2.22326
3.004 19.2052  -2.22544
3.005 19.2216  -2.22762
3.006 19.2379  -2.2298
3.007 19.2543  -2.23198
3.008 19.2706  -2.23416
3.009 19.287  -2.23634
3.01 19.3033  -2.23852
3.011 19.3197  -2.2407
3.012 19.336  -2.24288
3.013 19.3524  -2.24506
3.014 19.3687  -2.24724
3.015 19.385  -2.24942
3.016 19.4014  -2.25161
3.017 19.4177  -2.25379
3.018 19.4341  -2.25597
3.019 19.4504  -2.25815
3.02 19.4668  -2.26033
3.021 19.4831  -2.26251
3.022 19.4995  -2.26469
3.023 19.5158  -2.26687
3.024 19.5322  -2.26905
3.025 19.5485  -2.27123
3.026 19.5649  -2.27341
3.027 19.5812  -2.27559
3.028 19.5976  -2.27777
3.029 19.6139  -2.27996
3.03 19.6303  -2.28214
3.031 19.6466  -2.28432
3.032 19.663  -2.2865
3.033 19.6793  -2.28868
3.034 19.6957  -2.29086
3.035 19.712  -2.29304
3.036 19.7284  -2.29522
3.037 19.7447  -2.2974
3.038 19.7611  -2.29958
3.039 19.7774  -2.30176
3.04 19.7937  -2.30394
3.041 19.8101  -2.30612
3.042 19.8264  -2.30831
3.043 19.8428  -2.31049
3.044 19.8591  -2.31267
3.045 19.8755  -2.31485
3.046 19.8918  -2.31703
3.047 19.9082  -2.31921
3.048 19.9245  -2.32139
3.049 19.9409  -2.32357
3.05 19.9572  -2.32575
3.051 19.9736  -2.32793
3.052 19.9899  -2.33011
3.053 20.0063  -2.33229
3.054 20.0226  -2.33447
3.055 20.039  -2.33665
3.056 20.0553  -2.33883
3.057 20.0717  -2.34102
3.058 20.088  -2.3432
3.059 20.1044  -2.34538
3.06 20.1207  -2.34756
3.061 20.137  -2.34974
3.062 20.1534  -2.35192
3.063 20.1697  -2.3541
3.064 20.1861  -2.35628
3.065 20.2024  -2.35846
3.066 20.2188  -2.36064
3.067 20.2351  -2.36282
3.068 20.2515  -2.365
3.069 20.2678  -2.36718
3.07 20.2842  -2.36936
3.071 20.3005  -2.37155
3.072 20.3169  -2.37373
3.073 20.3332  -2.37591
3.074 20.3496  -2.37809
3.075 20.3659  -2.38027
3.076 20.3823  -2.38245
3.077 20.3986  -2.38463
3.078 20.415  -2.38681
3.079 20.4313  -2.38899
3.08 20.4476  -2.39117
3.081 20.464  -2.39335
3.082 20.4803  -2.39553
3.083 20.4967  -2.39771
3.084 20.513  -2.39989
3.085 20.5294  -2.40207
3.086 20.5457  -2.40426
3.087 20.5621  -2.40644
3.088 20.5784  -2.40862
3.089 20.5948  -2.4108
3.09 20.6111  -2.41298
3.091 20.6275  -2.41516
3.092 20.6438  -2.41734
3.093 20.6602  -2.41952
3.094 20.6765  -2.4217
3.095 20.6929  -2.42388
3.096 20.7092  -2.42606
3.097 20.7256  -2.42824
3.098 20.7419  -2.43042
3.099 20.7582  -2.4326
3.1 20.7746  -2.43478
3.101 20.7909  -2.43696
3.102 20.8073  -2.43915
3.103 20.8236  -2.44133
3.104 20.84  -2.44351
3.105 20.8563  -2.44569
3.106 20.8727  -2.44787
3.107 20.889  -2.45005
3.108 20.9054  -2.45223
3.109 20.9217  -2.45441
3.11 20.9381  -2.45659
3.111 20.9544  -2.45877
3.112 20.9708  -2.46095
3.113 20.9871  -2.46313
3.114 21.0035  -2.46531
3.115 21.0198  -2.46749
3.116 21.0361  -2.46967
3.117 21.0525  -2.47185
3.118 21.0688  -2.47404
3.119 21.0852  -2.47622
3.12 21.1015  -2.4784
3.121 21.1179  -2.48058
3.122 21.1342  -2.48276
3.123 21.1506  -2.48494
3.124 21.1669  -2.48712
3.125 21.1833  -2.4893
3.126 21.1996  -2.49148
3.127 21.216  -2.49366
3.128 21.2323  -2.49584
3.129 21.2487  -2.49802
3.13 21.265  -2.5002
3.131 21.2813  -2.50238
3.132 21.2977  -2.50456
3.133 21.314  -2.50674
3.134 21.3304  -2.50893
3.135 21.3467  -2.51111
3.136 21.3631  -2.51329
3.137 21.3794  -2.51547
3.138 21.3958  -2.51765
3.139 21.4121  -2.51983
3.14 21.4285  -2.52201
3.141 21.4448  -2.52419
3.142 21.4612  -2.52637
3.143 21.4775  -2.52855
3.144 21.4939  -2.53073
3.145 21.5102  -2.53291
3.146 21.5265  -2.53509
3.147 21.5429  -2.53727
3.148 21.5592  -2.53945
3.149 21.5756  -2.54163
3.15 21.5919  -2.54381
3.151 21.6083  -2.546
3.152 21.6246  -2.54818
3.153 21.641  -2.55036
3.154 21.6573  -2.55254
3.155 21.6737  -2.55472
3.156 21.69  -2.5569
3.157 21.7064  -2.55908
3.158 21.7227  -2.56126
3.159 21.7391  -2.56344
3.16 21.7554  -2.56562
3.161 21.7717  -2.5678
3.162 21.7881  -2.56998
3.163 21.8044  -2.57216
3.164 21.8208  -2.57434
3.165 21.8371  -2.57652
3.166 21.8535  -2.5787
3.167 21.8698  -2.58088
3.168 21.8862  -2.58306
3.169 21.9025  -2.58525
3.17 21.9189  -2.58743
3.171 21.9352  -2.58961
3.172 21.9516  -2.59179
3.173 21.9679  -2.59397
3.174 21.9843  -2.59615
3.175 22.0006  -2.59833
3.176 22.0169  -2.60051
3.177 22.0333  -2.60269
3.178 22.0496  -2.60487
3.179 22.066  -2.60705
3.18 22.0823  -2.60923
3.181 22.0987  -2.61141
3.182 22.115  -2.61359
3.183 22.1314  -2.61577
3.184 22.1477  -2.61795
3.185 22.1641  -2.62013
3.186 22.1804  -2.62231
3.187 22.1968  -2.62449
3.188 22.2131  -2.62668
3.189 22.2294  -2.62886
3.19 22.2458  -2.63104
3.191 22.2621  -2.63322
3.192 22.2785  -2.6354
3.193 22.2948  -2.63758
3.194 22.3112  -2.63976
3.195 22.3275  -2.64194
3.196 22.3439  -2.64412
3.197 22.3602  -2.6463
3.198 22.3766  -2.64848
3.199 22.3929  -2.65066
3.2 22.4093  -2.65284
3.201 22.4256  -2.65502
3.202 22.4419  -2.6572
3.203 22.4583  -2.65938
3.204 22.4746  -2.66156
3.205 22.491  -2.66374
3.206 22.5073  -2.66592
3.207 22.5237  -2.6681
3.208 22.54  -2.67029
3.209 22.5564  -2.67247
3.21 22.5727  -2.67465
3.211 22.5891  -2.67683
3.212 22.6054  -2.67901
3.213 22.6218  -2.68119
3.214 22.6381  -2.68337
3.215 22.6544  -2.68555
3.216 22.6708  -2.68773
3.217 22.6871  -2.68991
3.218 22.7035  -2.69209
3.219 22.7198  -2.69427
3.22 22.7362  -2.69645
3.221 22.7525  -2.69863
3.222 22.7689  -2.70081
3.223 22.7852  -2.70299
3.224 22.8016  -2.70517
3.225 22.8179  -2.70735
3.226 22.8342  -2.70953
3.227 22.8506  -2.71171
3.228 22.8669  -2.7139
3.229 22.8833  -2.71608
3.23 22.8996  -2.71826
3.231 22.916  -2.72044
3.232 22.9323  -2.72262
3.233 22.9487  -2.7248
3.234 22.965  -2.72698
3.235 22.9814  -2.72916
3.236 22.9977  -2.73134
3.237 23.0141  -2.73352
3.238 23.0304  -2.7357
3.239 23.0467  -2.73788
3.24 23.0631  -2.74006
3.241 23.0794  -2.74224
3.242 23.0958  -2.74442
3.243 23.1121  -2.7466
3.244 23.1285  -2.74878
3.245 23.1448  -2.75096
3.246 23.1612  -2.75314
3.247 23.1775  -2.75532
3.248 23.1939  -2.7575
3.249 23.2102  -2.75968
3.25 23.2265  -2.76187
3.251 23.2429  -2.76405
3.252 23.2592  -2.76623
3.253 23.2756  -2.76841
3.254 23.2919  -2.77059
3.255 23.3083  -2.77277
3.256 23.3246  -2.77495
3.257 23.341  -2.77713
3.258 23.3573  -2.77931
3.259 23.3737  -2.78149
3.26 23.39  -2.78367
3.261 23.4063  -2.78585
3.262 23.4227  -2.78803
3.263 23.439  -2.79021
3.264 23.4554  -2.79239
3.265 23.4717  -2.79457
3.266 23.4881  -2.79675
3.267 23.5044  -2.79893
3.268 23.5208  -2.80111
3.269 23.5371  -2.80329
3.27 23.5535  -2.80547
3.271 23.5698  -2.80765
3.272 23.5862  -2.80983
3.273 23.6025  -2.81202
3.274 23.6188  -2.8142
3.275 23.6352  -2.81638
3.276 23.6515  -2.81856
3.277 23.6679  -2.82074
3.278 23.6842  -2.82292
3.279 23.7006  -2.8251
3.28 23.7169  -2.82728
3.281 23.7333  -2.82946
3.282 23.7496  -2.83164
3.283 23.766  -2.83382
3.284 23.7823  -2.836
3.285 23.7986  -2.83818
3.286 23.815  -2.84036
3.287 23.8313  -2.84254
3.288 23.8477  -2.84472
3.289 23.864  -2.8469
3.29 23.8804  -2.84908
3.291 23.8967  -2.85126
3.292 23.9131  -2.85344
3.293 23.9294  -2.85562
3.294 23.9457  -2.8578
3.295 23.9621  -2.85998
3.296 23.9784  -2.86216
3.297 23.9948  -2.86435
3.298 24.0111  -2.86653
3.299 24.0275  -2.86871
3.3 24.0438  -2.87089
3.301 24.0602  -2.87307
3.302 24.0765  -2.87525
3.303 24.0929  -2.87743
3.304 24.1092  -2.87961
3.305 24.1255  -2.88179
3.306 24.1419  -2.88397
3.307 24.1582  -2.88615
3.308 24.1746  -2.88833
3.309 24.1909  -2.89051
3.31 24.2073  -2.89269
3.311 24.2236  -2.89487
3.312 24.24  -2.89705
3.313 24.2563  -2.89923
3.314 24.2727  -2.90141
3.315 24.289  -2.90359
3.316 24.3053  -2.90577
3.317 24.3217  -2.90795
3.318 24.338  -2.91013
3.319 24.3544  -2.91231
3.32 24.3707  -2.91449
3.321 24.3871  -2.91667
3.322 24.4034  -2.91885
3.323 24.4198  -2.92104
3.324 24.4361  -2.92322
3.325 24.4525  -2.9254
3.326 24.4688  -2.92758
3.327 24.4851  -2.92976
3.328 24.5015  -2.93194
3.329 24.5178  -2.93412
3.33 24.5342  -2.9363
3.331 24.5505  -2.93848
3.332 24.5669  -2.94066
3.333 24.5832  -2.94284
3.334 24.5996  -2.94502
3.335 24.6159  -2.9472
3.336 24.6322  -2.94938
3.337 24.6486  -2.95156
3.338 24.6649  -2.95374
3.339 24.6813  -2.95592
3.34 24.6976  -2.9581
3.341 24.714  -2.96028
3.342 24.7303  -2.96246
3.343 24.7467  -2.96464
3.344 24.763  -2.96682
3.345 24.7793  -2.969
3.346 24.7957  -2.97118
3.347 24.812  -2.97336
3.348 24.8284  -2.97554
3.349 24.8447  -2.97772
3.35 24.8611  -2.9799
3.351 24.8774  -2.98208
3.352 24.8938  -2.98427
3.353 24.9101  -2.98645
3.354 24.9265  -2.98863
3.355 24.9428  -2.99081
3.356 24.9591  -2.99299
3.357 24.9755  -2.99517
3.358 24.9918  -2.99735
3.359 25.0082  -2.99953
3.36 25.0245  -3.00171
3.361 25.0409  -3.00389
3.362 25.0572  -3.00607
3.363 25.0736  -3.00825
3.364 25.0899  -3.01043
3.365 25.1062  -3.01261
3.366 25.1226  -3.01479
3.367 25.1389  -3.01697
3.368 25.1553  -3.01915
3.369 25.1716  -3.02133
3.37 25.188  -3.02351
3.371 25.2043  -3.02569
3.372 25.2207  -3.02787
3.373 25.237  -3.03005
3.374 25.2533  -3.03223
3.375 25.2697  -3.03441
3.376 25.286  -3.03659
3.377 25.3024  -3.03877
3.378 25.3187  -3.04095
3.379 25.3351  -3.04313
3.38 25.3514  -3.04531
3.381 25.3678  -3.04749
3.382 25.3841  -3.04968
3.383 25.4005  -3.05186
3.384 25.4168  -3.05404
3.385 25.4331  -3.05622
3.386 25.4495  -3.0584
3.387 25.4658  -3.06058
3.388 25.4822  -3.06276
3.389 25.4985  -3.06494
3.39 25.5149  -3.06712
3.391 25.5312  -3.0693
3.392 25.5476  -3.07148
3.393 25.5639  -3.07366
3.394 25.5802  -3.07584
3.395 25.5966  -3.07802
3.396 25.6129  -3.0802
3.397 25.6293  -3.08238
3.398 25.6456  -3.08456
3.399 25.662  -3.08674
3.4 25.6783  -3.08892
3.401 25.6947  -3.0911
3.402 25.711  -3.09328
3.403 25.7273  -3.09546
3.404 25.7437  -3.09764
3.405 25.76  -3.09982
3.406 25.7764  -3.102
3.407 25.7927  -3.10418
3.408 25.8091  -3.10636
3.409 25.8254  -3.10854
3.41 25.8418  -3.11072
3.411 25.8581  -3.1129
3.412 25.8744  -3.11508
3.413 25.8908  -3.11726
3.414 25.9071  -3.11944
3.415 25.9235  -3.12162
3.416 25.9398  -3.12381
3.417 25.9562  -3.12599
3.418 25.9725  -3.12817
3.419 25.9889  -3.13035
3.42 26.0052  -3.13253
3.421 26.0215  -3.13471
3.422 26.0379  -3.13689
3.423 26.0542  -3.13907
3.424 26.0706  -3.14125
3.425 26.0869  -3.14343
3.426 26.1033  -3.14561
3.427 26.1196  -3.14779
3.428 26.136  -3.14997
3.429 26.1523  -3.15215
3.43 26.1686  -3.15433
3.431 26.185  -3.15651
3.432 26.2013  -3.15869
3.433 26.2177  -3.16087
3.434 26.234  -3.16305
3.435 26.2504  -3.16523
3.436 26.2667  -3.16741
3.437 26.2831  -3.16959
3.438 26.2994  -3.17177
3.439 26.3157  -3.17395
3.44 26.3321  -3.17613
3.441 26.3484  -3.17831
3.442 26.3648  -3.18049
3.443 26.3811  -3.18267
3.444 26.3975  -3.18485
3.445 26.4138  -3.18703
3.446 26.4301  -3.18921
3.447 26.4465  -3.19139
3.448 26.4628  -3.19357
3.449 26.4792  -3.19575
3.45 26.4955  -3.19793
3.451 26.5119  -3.20011
3.452 26.5282  -3.20229
3.453 26.5446  -3.20447
3.454 26.5609  -3.20666
3.455 26.5772  -3.20884
3.456 26.5936  -3.21102
3.457 26.6099  -3.2132
3.458 26.6263  -3.21538
3.459 26.6426  -3.21756
3.46 26.659  -3.21974
3.461 26.6753  -3.22192
3.462 26.6917  -3.2241
3.463 26.708  -3.22628
3.464 26.7243  -3.22846
3.465 26.7407  -3.23064
3.466 26.757  -3.23282
3.467 26.7734  -3.235
3.468 26.7897  -3.23718
3.469 26.8061  -3.23936
3.47 26.8224  -3.24154
3.471 26.8388  -3.24372
3.472 26.8551  -3.2459
3.473 26.8714  -3.24808
3.474 26.8878  -3.25026
3.475 26.9041  -3.25244
3.476 26.9205  -3.25462
3.477 26.9368  -3.2568
3.478 26.9532  -3.25898
3.479 26.9695  -3.26116
3.48 26.9858  -3.26334
3.481 27.0022  -3.26552
3.482 27.0185  -3.2677
3.483 27.0349  -3.26988
3.484 27.0512  -3.27206
3.485 27.0676  -3.27424
3.486 27.0839  -3.27642
3.487 27.1003  -3.2786
3.488 27.1166  -3.28078
3.489 27.1329  -3.28296
3.49 27.1493  -3.28514
3.491 27.1656  -3.28732
3.492 27.182  -3.2895
3.493 27.1983  -3.29168
3.494 27.2147  -3.29386
3.495 27.231  -3.29604
3.496 27.2474  -3.29822
3.497 27.2637  -3.3004
3.498 27.28  -3.30259
3.499 27.2964  -3.30477
3.5 27.3127  -3.30695
3.501 27.3291  -3.30913
3.502 27.3454  -3.31131
3.503 27.3618  -3.31349
3.504 27.3781  -3.31567
3.505 27.3944  -3.31785
3.506 27.4108  -3.32003
3.507 27.4271  -3.32221
3.508 27.4435  -3.32439
3.509 27.4598  -3.32657
3.51 27.4762  -3.32875
3.511 27.4925  -3.33093
3.512 27.5089  -3.33311
3.513 27.5252  -3.33529
3.514 27.5415  -3.33747
3.515 27.5579  -3.33965
3.516 27.5742  -3.34183
3.517 27.5906  -3.34401
3.518 27.6069  -3.34619
3.519 27.6233  -3.34837
3.52 27.6396  -3.35055
3.521 27.6559  -3.35273
3.522 27.6723  -3.35491
3.523 27.6886  -3.35709
3.524 27.705  -3.35927
3.525 27.7213  -3.36145
3.526 27.7377  -3.36363
3.527 27.754  -3.36581
3.528 27.7704  -3.36799
3.529 27.7867  -3.37017
3.53 27.803  -3.37235
3.531 27.8194  -3.37453
3.532 27.8357  -3.37671
3.533 27.8521  -3.37889
3.534 27.8684  -3.38107
3.535 27.8848  -3.38325
3.536 27.9011  -3.38543
3.537 27.9174  -3.38761
3.538 27.9338  -3.38979
3.539 27.9501  -3.39197
3.54 27.9665  -3.39415
3.541 27.9828  -3.39633
3.542 27.9992  -3.39851
3.543 28.0155  -3.40069
3.544 28.0319  -3.40287
3.545 28.0482  -3.40505
3.546 28.0645  -3.40723
3.547 28.0809  -3.40941
3.548 28.0972  -3.41159
3.549 28.1136  -3.41377
3.55 28.1299  -3.41595
3.551 28.1463  -3.41814
3.552 28.1626  -3.42032
3.553 28.1789  -3.4225
3.554 28.1953  -3.42468
3.555 28.2116  -3.42686
3.556 28.228  -3.42904
3.557 28.2443  -3.43122
3.558 28.2607  -3.4334
3.559 28.277  -3.43558
3.56 28.2933  -3.43776
3.561 28.3097  -3.43994
3.562 28.326  -3.44212
3.563 28.3424  -3.4443
3.564 28.3587  -3.44648
3.565 28.3751  -3.44866
3.566 28.3914  -3.45084
3.567 28.4078  -3.45302
3.568 28.4241  -3.4552
3.569 28.4404  -3.45738
3.57 28.4568  -3.45956
3.571 28.4731  -3.46174
3.572 28.4895  -3.46392
3.573 28.5058  -3.4661
3.574 28.5222  -3.46828
3.575 28.5385  -3.47046
3.576 28.5548  -3.47264
3.577 28.5712  -3.47482
3.578 28.5875  -3.477
3.579 28.6039  -3.47918
3.58 28.6202  -3.48136
3.581 28.6366  -3.48354
3.582 28.6529  -3.48572
3.583 28.6692  -3.4879
3.584 28.6856  -3.49008
3.585 28.7019  -3.49226
3.586 28.7183  -3.49444
3.587 28.7346  -3.49662
3.588 28.751  -3.4988
3.589 28.7673  -3.50098
3.59 28.7837  -3.50316
3.591 28.8  -3.50534
3.592 28.8163  -3.50752
3.593 28.8327  -3.5097
3.594 28.849  -3.51188
3.595 28.8654  -3.51406
3.596 28.8817  -3.51624
3.597 28.8981  -3.51842
3.598 28.9144  -3.5206
3.599 28.9307  -3.52278
3.6 28.9471  -3.52496
3.601 28.9634  -3.52714
3.602 28.9798  -3.52932
3.603 28.9961  -3.5315
3.604 29.0125  -3.53368
3.605 29.0288  -3.53586
3.606 29.0451  -3.53804
3.607 29.0615  -3.54022
3.608 29.0778  -3.5424
3.609 29.0942  -3.54458
3.61 29.1105  -3.54676
3.611 29.1269  -3.54894
3.612 29.1432  -3.55112
3.613 29.1595  -3.5533
3.614 29.1759  -3.55548
3.615 29.1922  -3.55766
3.616 29.2086  -3.55984
3.617 29.2249  -3.56202
3.618 29.2413  -3.5642
3.619 29.2576  -3.56638
3.62 29.274  -3.56856
3.621 29.2903  -3.57074
3.622 29.3066  -3.57292
3.623 29.323  -3.57511
3.624 29.3393  -3.57729
3.625 29.3557  -3.57947
3.626 29.372  -3.58165
3.627 29.3884  -3.58383
3.628 29.4047  -3.58601
3.629 29.421  -3.58819
3.63 29.4374  -3.59037
3.631 29.4537  -3.59255
3.632 29.4701  -3.59473
3.633 29.4864  -3.59691
3.634 29.5028  -3.59909
3.635 29.5191  -3.60127
3.636 29.5354  -3.60345
3.637 29.5518  -3.60563
3.638 29.5681  -3.60781
3.639 29.5845  -3.60999
3.64 29.6008  -3.61217
3.641 29.6172  -3.61435
3.642 29.6335  -3.61653
3.643 29.6498  -3.61871
3.644 29.6662  -3.62089
3.645 29.6825  -3.62307
3.646 29.6989  -3.62525
3.647 29.7152  -3.62743
3.648 29.7316  -3.62961
3.649 29.7479  -3.63179
3.65 29.7642  -3.63397
3.651 29.7806  -3.63615
3.652 29.7969  -3.63833
3.653 29.8133  -3.64051
3.654 29.8296  -3.64269
3.655 29.846  -3.64487
3.656 29.8623  -3.64705
3.657 29.8786  -3.64923
3.658 29.895  -3.65141
3.659 29.9113  -3.65359
3.66 29.9277  -3.65577
3.661 29.944  -3.65795
3.662 29.9604  -3.66013
3.663 29.9767  -3.66231
3.664 29.993  -3.66449
3.665 30.0094  -3.66667
3.666 30.0257  -3.66885
3.667 30.0421  -3.67103
3.668 30.0584  -3.67321
3.669 30.0748  -3.67539
3.67 30.0911  -3.67757
3.671 30.1074  -3.67975
3.672 30.1238  -3.68193
3.673 30.1401  -3.68411
3.674 30.1565  -3.68629
3.675 30.1728  -3.68847
3.676 30.1892  -3.69065
3.677 30.2055  -3.69283
3.678 30.2218  -3.69501
3.679 30.2382  -3.69719
3.68 30.2545  -3.69937
3.681 30.2709  -3.70155
3.682 30.2872  -3.70373
3.683 30.3036  -3.70591
3.684 30.3199  -3.70809
3.685 30.3362  -3.71027
3.686 30.3526  -3.71245
3.687 30.3689  -3.71463
3.688 30.3853  -3.71681
3.689 30.4016  -3.71899
3.69 30.418  -3.72117
3.691 30.4343  -3.72335
3.692 30.4506  -3.72553
3.693 30.467  -3.72771
3.694 30.4833  -3.72989
3.695 30.4997  -3.73207
3.696 30.516  -3.73425
3.697 30.5324  -3.73643
3.698 30.5487  -3.73861
3.699 30.565  -3.74079
3.7 30.5814  -3.74297
3.701 30.5977  -3.74515
3.702 30.6141  -3.74733
3.703 30.6304  -3.74951
3.704 30.6468  -3.75169
3.705 30.6631  -3.75387
3.706 30.6794  -3.75605
3.707 30.6958  -3.75823
3.708 30.7121  -3.76041
3.709 30.7285  -3.76259
3.71 30.7448  -3.76477
3.711 30.7612  -3.76695
3.712 30.7775  -3.76913
3.713 30.7938  -3.77131
3.714 30.8102  -3.77349
3.715 30.8265  -3.77567
3.716 30.8429  -3.77785
3.717 30.8592  -3.78003
3.718 30.8756  -3.78221
3.719 30.8919  -3.78439
3.72 30.9082  -3.78657
3.721 30.9246  -3.78875
3.722 30.9409  -3.79093
3.723 30.9573  -3.79311
3.724 30.9736  -3.79529
3.725 30.99  -3.79747
3.726 31.0063  -3.79965
3.727 31.0226  -3.80183
3.728 31.039  -3.80401
3.729 31.0553  -3.80619
3.73 31.0717  -3.80837
3.731 31.088  -3.81055
3.732 31.1044  -3.81273
3.733 31.1207  -3.81491
3.734 31.137  -3.81709
3.735 31.1534  -3.81927
3.736 31.1697  -3.82145
3.737 31.1861  -3.82363
3.738 31.2024  -3.82581
3.739 31.2188  -3.82799
3.74 31.2351  -3.83017
3.741 31.2514  -3.83235
3.742 31.2678  -3.83453
3.743 31.2841  -3.83671
3.744 31.3005  -3.83889
3.745 31.3168  -3.84107
3.746 31.3332  -3.84325
3.747 31.3495  -3.84543
3.748 31.3658  -3.84761
3.749 31.3822  -3.84979
3.75 31.3985  -3.85197
3.751 31.4149  -3.85415
3.752 31.4312  -3.85633
3.753 31.4476  -3.85851
3.754 31.4639  -3.86069
3.755 31.4802  -3.86287
3.756 31.4966  -3.86505
3.757 31.5129  -3.86723
3.758 31.5293  -3.86941
3.759 31.5456  -3.87159
3.76 31.562  -3.87377
3.761 31.5783  -3.87595
3.762 31.5946  -3.87813
3.763 31.611  -3.88031
3.764 31.6273  -3.88249
3.765 31.6437  -3.88467
3.766 31.66  -3.88685
3.767 31.6763  -3.88903
3.768 31.6927  -3.89121
3.769 31.709  -3.89339
3.77 31.7254  -3.89557
3.771 31.7417  -3.89775
3.772 31.7581  -3.89993
3.773 31.7744  -3.90211
3.774 31.7907  -3.90429
3.775 31.8071  -3.90647
3.776 31.8234  -3.90865
3.777 31.8398  -3.91083
3.778 31.8561  -3.91301
3.779 31.8725  -3.91519
3.78 31.8888  -3.91737
3.781 31.9051  -3.91955
3.782 31.9215  -3.92173
3.783 31.9378  -3.92391
3.784 31.9542  -3.92609
3.785 31.9705  -3.92827
3.786 31.9869  -3.93045
3.787 32.0032  -3.93263
3.788 32.0195  -3.93481
3.789 32.0359  -3.93699
3.79 32.0522  -3.93917
3.791 32.0686  -3.94135
3.792 32.0849  -3.94353
3.793 32.1013  -3.94571
3.794 32.1176  -3.94789
3.795 32.1339  -3.95007
3.796 32.1503  -3.95225
3.797 32.1666  -3.95443
3.798 32.183  -3.95661
3.799 32.1993  -3.95879
3.8 32.2156  -3.96097
3.801 32.232  -3.96315
3.802 32.2483  -3.96533
3.803 32.2647  -3.96751
3.804 32.281  -3.96969
3.805 32.2974  -3.97187
3.806 32.3137  -3.97405
3.807 32.33  -3.97623
3.808 32.3464  -3.97841
3.809 32.3627  -3.98059
3.81 32.3791  -3.98277
3.811 32.3954  -3.98495
3.812 32.4118  -3.98713
3.813 32.4281  -3.98931
3.814 32.4444  -3.99149
3.815 32.4608  -3.99367
3.816 32.4771  -3.99585
3.817 32.4935  -3.99803
3.818 32.5098  -4.00021
3.819 32.5262  -4.00239
3.82 32.5425  -4.00457
3.821 32.5588  -4.00675
3.822 32.5752  -4.00893
3.823 32.5915  -4.01111
3.824 32.6079  -4.01329
3.825 32.6242  -4.01547
3.826 32.6405  -4.01765
3.827 32.6569  -4.01983
3.828 32.6732  -4.02201
3.829 32.6896  -4.02419
3.83 32.7059  -4.02637
3.831 32.7223  -4.02855
3.832 32.7386  -4.03073
3.833 32.7549  -4.03291
3.834 32.7713  -4.03509
3.835 32.7876  -4.03727
3.836 32.804  -4.03945
3.837 32.8203  -4.04163
3.838 32.8367  -4.04381
3.839 32.853  -4.04599
3.84 32.8693  -4.04817
3.841 32.8857  -4.05035
3.842 32.902  -4.05253
3.843 32.9184  -4.05471
3.844 32.9347  -4.05689
3.845 32.951  -4.05907
3.846 32.9674  -4.06125
3.847 32.9837  -4.06343
3.848 33.0001  -4.06561
3.849 33.0164  -4.06779
3.85 33.0328  -4.06997
3.851 33.0491  -4.07215
3.852 33.0654  -4.07433
3.853 33.0818  -4.07651
3.854 33.0981  -4.07869
3.855 33.1145  -4.08087
3.856 33.1308  -4.08305
3.857 33.1472  -4.08523
3.858 33.1635  -4.08741
3.859 33.1798  -4.08959
3.86 33.1962  -4.09177
3.861 33.2125  -4.09395
3.862 33.2289  -4.09613
3.863 33.2452  -4.09831
3.864 33.2615  -4.10049
3.865 33.2779  -4.10267
3.866 33.2942  -4.10485
3.867 33.3106  -4.10703
3.868 33.3269  -4.10921
3.869 33.3433  -4.11139
3.87 33.3596  -4.11357
3.871 33.3759  -4.11575
3.872 33.3923  -4.11793
3.873 33.4086  -4.12011
3.874 33.425  -4.12229
3.875 33.4413  -4.12447
3.876 33.4577  -4.12665
3.877 33.474  -4.12883
3.878 33.4903  -4.13101
3.879 33.5067  -4.13319
3.88 33.523  -4.13537
3.881 33.5394  -4.13755
3.882 33.5557  -4.13973
3.883 33.572  -4.14191
3.884 33.5884  -4.14409
3.885 33.6047  -4.14627
3.886 33.6211  -4.14845
3.887 33.6374  -4.15063
3.888 33.6538  -4.15281
3.889 33.6701  -4.15499
3.89 33.6864  -4.15717
3.891 33.7028  -4.15935
3.892 33.7191  -4.16153
3.893 33.7355  -4.16371
3.894 33.7518  -4.16589
3.895 33.7682  -4.16807
3.896 33.7845  -4.17025
3.897 33.8008  -4.17243
3.898 33.8172  -4.17461
3.899 33.8335  -4.17679
3.9 33.8499  -4.17897
3.901 33.8662  -4.18115
3.902 33.8825  -4.18333
3.903 33.8989  -4.18551
3.904 33.9152  -4.18769
3.905 33.9316  -4.18987
3.906 33.9479  -4.19205
3.907 33.9643  -4.19423
3.908 33.9806  -4.19641
3.909 33.9969  -4.19859
3.91 34.0133  -4.20077
3.911 34.0296  -4.20295
3.912 34.046  -4.20513
3.913 34.0623  -4.20731
3.914 34.0786  -4.20949
3.915 34.095  -4.21167
3.916 34.1113  -4.21385
3.917 34.1277  -4.21603
3.918 34.144  -4.21821
3.919 34.1604  -4.22039
3.92 34.1767  -4.22257
3.921 34.193  -4.22475
3.922 34.2094  -4.22693
3.923 34.2257  -4.22911
3.924 34.2421  -4.23129
3.925 34.2584  -4.23347
3.926 34.2747  -4.23565
3.927 34.2911  -4.23783
3.928 34.3074  -4.24001
3.929 34.3238  -4.24219
3.93 34.3401  -4.24437
3.931 34.3565  -4.24655
3.932 34.3728  -4.24873
3.933 34.3891  -4.25091
3.934 34.4055  -4.25309
3.935 34.4218  -4.25527
3.936 34.4382  -4.25745
3.937 34.4545  -4.25963
3.938 34.4709  -4.26181
3.939 34.4872  -4.26399
3.94 34.5035  -4.26617
3.941 34.5199  -4.26835
3.942 34.5362  -4.27053
3.943 34.5526  -4.27271
3.944 34.5689  -4.27489
3.945 34.5852  -4.27707
3.946 34.6016  -4.27925
3.947 34.6179  -4.28143
3.948 34.6343  -4.28361
3.949 34.6506  -4.28579
3.95 34.667  -4.28797
3.951 34.6833  -4.29015
3.952 34.6996  -4.29233
3.953 34.716  -4.29451
3.954 34.7323  -4.29669
3.955 34.7487  -4.29887
3.956 34.765  -4.30105
3.957 34.7813  -4.30323
3.958 34.7977  -4.30541
3.959 34.814  -4.30759
3.96 34.8304  -4.30977
3.961 34.8467  -4.31195
3.962 34.8631  -4.31413
3.963 34.8794  -4.31631
3.964 34.8957  -4.31849
3.965 34.9121  -4.32067
3.966 34.9284  -4.32285
3.967 34.9448  -4.32503
3.968 34.9611  -4.32721
3.969 34.9774  -4.32939
3.97 34.9938  -4.33157
3.971 35.0101  -4.33375
3.972 35.0265  -4.33593
3.973 35.0428  -4.33811
3.974 35.0592  -4.34028
3.975 35.0755  -4.34246
3.976 35.0918  -4.34464
3.977 35.1082  -4.34682
3.978 35.1245  -4.349
3.979 35.1409  -4.35118
3.98 35.1572  -4.35336
3.981 35.1735  -4.35554
3.982 35.1899  -4.35772
3.983 35.2062  -4.3599
3.984 35.2226  -4.36208
3.985 35.2389  -4.36426
3.986 35.2553  -4.36644
3.987 35.2716  -4.36862
3.988 35.2879  -4.3708
3.989 35.3043  -4.37298
3.99 35.3206  -4.37516
3.991 35.337  -4.37734
3.992 35.3533  -4.37952
3.993 35.3696  -4.3817
3.994 35.386  -4.38388
3.995 35.4023  -4.38606
3.996 35.4187  -4.38824
3.997 35.435  -4.39042
3.998 35.4514  -4.3926
3.999 35.4677  -4.39478
