0 2.9978  -0.99952
0.1 2.99118  -0.998076
0.2 2.98013  -0.995662
0.3 2.9646  -0.992262
0.4 2.94455  -0.987857
0.5 2.9199  -0.98242
0.6 2.89056  -0.975919
0.7 2.85643  -0.968309
0.8 2.81737  -0.959541
0.9 2.77323  -0.94955
1 2.72383  -0.938261
1.1 2.66894  -0.925579
1.2 2.60831  -0.911392
1.3 2.54163  -0.89556
1.4 2.46856  -0.877912
1.5 2.38868  -0.858233
1.6 2.30147  -0.836256
1.7 2.20635  -0.811642
1.8 2.10261  -0.783969
1.9 1.98943  -0.752827
2 1.86576  -0.717867
2.1 1.73033  -0.678548
2.2 1.58181  -0.635137
2.3 1.42004  -0.590037
2.4 1.24666  -0.546324
2.5 1.0648  -0.506072
2.6 0.877609  -0.469771
2.7 0.687363  -0.43698
2.8 0.495455  -0.407012
2.9 0.302687  -0.37924
3 0.109509  -0.353174
3.1 -0.0838239  -0.328443
3.2 -0.277167  -0.304772
3.3 -0.47044  -0.281958
3.4 -0.663596  -0.259845
3.5 -0.856613  -0.238313
3.6 -1.04948  -0.217271
3.7 -1.24219  -0.196644
3.8 -1.43475  -0.176375
3.9 -1.62717  -0.156417
4 -1.81944  -0.136729
4.1 -2.01157  -0.117281
4.2 -2.20358  -0.0980443
4.3 -2.39546  -0.0789972
4.4 -2.58722  -0.06012
4.5 -2.77888  -0.0413962
4.6 -2.97043  -0.0228115
4.7 -3.16188  -0.00435331
4.8 -3.35323  0.0139891
4.9 -3.5445  0.0322253
5 -3.73568  0.0503637
5.1 -3.92679  0.0684118
5.2 -4.11781  0.0863763
5.3 -4.30877  0.104263
5.4 -4.49965  0.122078
5.5 -4.69047  0.139824
5.6 -4.88123  0.157508
5.7 -5.07193  0.175133
5.8 -5.26257  0.192702
5.9 -5.45316  0.210218
6 -5.64369  0.227686
6.1 -5.83418  0.245106
6.2 -6.02461  0.262483
6.3 -6.21501  0.279818
6.4 -6.40535  0.297113
6.5 -6.59566  0.314371
6.6 -6.78592  0.331593
6.7 -6.97615  0.348781
6.8 -7.16634  0.365937
6.9 -7.35649  0.383061
7 -7.54661  0.400156
7.1 -7.73669  0.417223
7.2 -7.92674  0.434263
7.3 -8.11676  0.451276
7.4 -8.30675  0.468265
7.5 -8.49672  0.48523
7.6 -8.68665  0.502172
7.7 -8.87655  0.519092
7.8 -9.06643  0.535991
7.9 -9.25629  0.552869
8 -9.44611  0.569728
8.1 -9.63592  0.586568
8.2 -9.8257  0.603389
8.3 -10.0155  0.620193
8.4 -10.2052  0.63698
8.5 -10.3949  0.65375
8.6 -10.5846  0.670504
8.7 -10.7743  0.687243
8.8 -10.9639  0.703967
8.9 -11.1536  0.720677
9 -11.3432  0.737372
9.1 -11.5328  0.754054
9.2 -11.7224  0.770723
9.3 -11.9119  0.787379
9.4 -12.1015  0.804022
9.5 -12.291  0.820654
9.6 -12.4805  0.837274
9.7 -12.67  0.853882
9.8 -12.8595  0.870479
9.9 -13.049  0.887066
10 -13.2384  0.903642
10.1 -13.4279  0.920208
10.2 -13.6173  0.936764
10.3 -13.8067  0.95331
10.4 -13.9961  0.969847
10.5 -14.1855  0.986374
10.6 -14.3749  1.00289
10.7 -14.5643  1.0194
10.8 -14.7536  1.0359
10.9 -14.943  1.0524
11 -15.1323  1.06888
11.1 -15.3216  1.08536
11.2 -15.5109  1.10183
11.3 -15.7002  1.11829
11.4 -15.8895  1.13474
11.5 -16.0788  1.15119
11.6 -16.268  1.16763
11.7 -16.4573  1.18406
11.8 -16.6465  1.20049
11.9 -16.8358  1.21691
12 -17.025  1.23332
12.1 -17.2142  1.24973
12.2 -17.4034  1.26613
12.3 -17.5926  1.28252
12.4 -17.7818  1.29891
12.5 -17.971  1.31529
12.6 -18.1602  1.33167
12.7 -18.3493  1.34804
12.8 -18.5385  1.36441
12.9 -18.7277  1.38077
13 -18.9168  1.39712
13.1 -19.1059  1.41347
13.2 -19.2951  1.42981
13.3 -19.4842  1.44615
13.4 -19.6733  1.46249
13.5 -19.8624  1.47882
13.6 -20.0515  1.49514
13.7 -20.2406  1.51146
13.8 -20.4297  1.52778
13.9 -20.6188  1.54409
14 -20.8078  1.5604
14.1 -20.9969  1.5767
14.2 -21.186  1.593
14.3 -21.375  1.60929
14.4 -21.5641  1.62558
14.5 -21.7531  1.64186
14.6 -21.9421  1.65815
14.7 -22.1312  1.67442
14.8 -22.3202  1.6907
14.9 -22.5092  1.70697
15 -22.6982  1.72323
15.1 -22.8872  1.7395
15.2 -23.0762  1.75576
15.3 -23.2652  1.77201
15.4 -23.4542  1.78826
15.5 -23.6432  1.80451
15.6 -23.8322  1.82076
15.7 -24.0211  1.837
15.8 -24.2101  1.85324
15.9 -24.3991  1.86947
16 -24.588  1.8857
16.1 -24.777  1.90193
16.2 -24.9659  1.91816
16.3 -25.1549  1.93438
16.4 -25.3438  1.9506
16.5 -25.5328  1.96682
16.6 -25.7217  1.98303
16.7 -25.9106  1.99924
16.8 -26.0996  2.01545
16.9 -26.2885  2.03165
17 -26.4774  2.04786
17.1 -26.6663  2.06406
17.2 -26.8552  2.08025
17.3 -27.0441  2.09645
17.4 -27.233  2.11264
17.5 -27.4219  2.12883
17.6 -27.6108  2.14502
17.7 -27.7997  2.1612
17.8 -27.9886  2.17738
17.9 -28.1775  2.19356
18 -28.3663  2.20974
18.1 -28.5552  2.22591
18.2 -28.7441  2.24208
18.3 -28.9329  2.25825
18.4 -29.1218  2.27442
18.5 -29.3107  2.29058
18.6 -29.4995  2.30675
18.7 -29.6884  2.32291
18.8 -29.8772  2.33907
18.9 -30.066  2.35522
19 -30.2549  2.37138
19.1 -30.4437  2.38753
19.2 -30.6326  2.40368
19.3 -30.8214  2.41982
19.4 -31.0102  2.43597
19.5 -31.199  2.45211
19.6 -31.3879  2.46826
19.7 -31.5767  2.4844
19.8 -31.7655  2.50053
19.9 -31.9543  2.51667
20 -32.1431  2.5328
20.1 -32.3319  2.54893
20.2 -32.5207  2.56506
20.3 -32.7095  2.58119
20.4 -32.8983  2.59732
20.5 -33.0871  2.61344
20.6 -33.2759  2.62957
20.7 -33.4647  2.64569
20.8 -33.6535  2.66181
20.9 -33.8423  2.67793
21 -34.0311  2.69404
21.1 -34.2199  2.71016
21.2 -34.4086  2.72627
21.3 -34.5974  2.74238
21.4 -34.7862  2.75849
21.5 -34.9749  2.7746
21.6 -35.1637  2.7907
21.7 -35.3525  2.80681
21.8 -35.5412  2.82291
21.9 -35.73  2.83901
22 -35.9188  2.85511
22.1 -36.1075  2.87121
22.2 -36.2963  2.88731
22.3 -36.485  2.9034
22.4 -36.6738  2.9195
22.5 -36.8625  2.93559
22.6 -37.0512  2.95168
22.7 -37.24  2.96777
22.8 -37.4287  2.98386
22.9 -37.6175  2.99995
23 -37.8062  3.01603
23.1 -37.9949  3.03212
23.2 -38.1837  3.0482
23.3 -38.3724  3.06428
23.4 -38.5611  3.08036
23.5 -38.7498  3.09644
23.6 -38.9386  3.11252
23.7 -39.1273  3.12859
23.8 -39.316  3.14467
23.9 -39.5047  3.16074
24 -39.6934  3.17681
24.1 -39.8821  3.19288
24.2 -40.0708  3.20895
24.3 -40.2595  3.22502
24.4 -40.4483  3.24109
24.5 -40.637  3.25716
24.6 -40.8257  3.27322
24.7 -41.0144  3.28929
24.8 -41.2031  3.30535
24.9 -41.3918  3.32141
25 -41.5804  3.33747
25.1 -41.7691  3.35353
25.2 -41.9578  3.36959
25.3 -42.1465  3.38564
25.4 -42.3352  3.4017
25.5 -42.5239  3.41776
25.6 -42.7126  3.43381
25.7 -42.9013  3.44986
25.8 -43.0899  3.46591
25.9 -43.2786  3.48196
26 -43.4673  3.49801
26.1 -43.656  3.51406
26.2 -43.8446  3.53011
26.3 -44.0333  3.54616
26.4 -44.222  3.5622
26.5 -44.4107  3.57825
26.6 -44.5993  3.59429
26.7 -44.788  3.61033
26.8 -44.9767  3.62637
26.9 -45.1653  3.64241
27 -45.354  3.65845
27.1 -45.5426  3.67449
27.2 -45.7313  3.69053
27.3 -45.92  3.70656
27.4 -46.1086  3.7226
27.5 -46.2973  3.73863
27.6 -46.4859  3.75467
27.7 -46.6746  3.7707
27.8 -46.8632  3.78673
27.9 -47.0519  3.80276
28 -47.2405  3.81879
28.1 -47.4292  3.83482
28.2 -47.6178  3.85085
28.3 -47.8064  3.86688
28.4 -47.9951  3.88291
28.5 -48.1837  3.89893
28.6 -48.3724  3.91496
28.7 -48.561  3.93098
28.8 -48.7496  3.947
28.9 -48.9383  3.96303
29 -49.1269  3.97905
29.1 -49.3155  3.99507
29.2 -49.5042  4.01109
29.3 -49.6928  4.02711
29.4 -49.8814  4.04313
29.5 -50.07  4.05914
29.6 -50.2587  4.07516
29.7 -50.4473  4.09118
29.8 -50.6359  4.10719
29.9 -50.8245  4.12321
30 -51.0131  4.13922
30.1 -51.2018  4.15523
30.2 -51.3904  4.17125
30.3 -51.579  4.18726
30.4 -51.7676  4.20327
30.5 -51.9562  4.21928
30.6 -52.1448  4.23529
30.7 -52.3335  4.25129
30.8 -52.5221  4.2673
30.9 -52.7107  4.28331
31 -52.8993  4.29932
31.1 -53.0879  4.31532
31.2 -53.2765  4.33133
31.3 -53.4651  4.34733
31.4 -53.6537  4.36333
31.5 -53.8423  4.37934
31.6 -54.0309  4.39534
31.7 -54.2195  4.41134
31.8 -54.4081  4.42734
31.9 -54.5967  4.44334
32 -54.7853  4.45934
32.1 -54.9739  4.47534
32.2 -55.1625  4.49134
32.3 -55.3511  4.50733
32.4 -55.5397  4.52333
32.5 -55.7283  4.53933
32.6 -55.9169  4.55532
32.7 -56.1054  4.57132
32.8 -56.294  4.58731
32.9 -56.4826  4.60331
33 -56.6712  4.6193
33.1 -56.8598  4.63529
33.2 -57.0484  4.65128
33.3 -57.237  4.66727
33.4 -57.4255  4.68326
33.5 -57.6141  4.69925
33.6 -57.8027  4.71524
33.7 -57.9913  4.73123
33.8 -58.1799  4.74722
33.9 -58.3684  4.76321
34 -58.557  4.77919
34.1 -58.7456  4.79518
34.2 -58.9342  4.81117
34.3 -59.1227  4.82715
34.4 -59.3113  4.84314
34.5 -59.4999  4.85912
34.6 -59.6885  4.8751
34.7 -59.877  4.89109
34.8 -60.0656  4.90707
34.9 -60.2542  4.92305
35 -60.4427  4.93903
35.1 -60.6313  4.95501
35.2 -60.8199  4.97099
35.3 -61.0084  4.98697
35.4 -61.197  5.00295
35.5 -61.3856  5.01893
35.6 -61.5741  5.03491
35.7 -61.7627  5.05089
35.8 -61.9512  5.06686
35.9 -62.1398  5.08284
36 -62.3284  5.09882
36.1 -62.5169  5.11479
36.2 -62.7055  5.13077
36.3 -62.894  5.14674
36.4 -63.0826  5.16271
36.5 -63.2711  5.17869
36.6 -63.4597  5.19466
36.7 -63.6482  5.21063
36.8 -63.8368  5.2266
36.9 -64.0254  5.24258
37 -64.2139  5.25855
37.1 -64.4025  5.27452
37.2 -64.591  5.29049
37.3 -64.7795  5.30646
37.4 -64.9681  5.32243
37.5 -65.1566  5.33839
37.6 -65.3452  5.35436
37.7 -65.5337  5.37033
37.8 -65.7223  5.3863
37.9 -65.9108  5.40226
38 -66.0994  5.41823
38.1 -66.2879  5.4342
38.2 -66.4764  5.45016
38.3 -66.665  5.46613
38.4 -66.8535  5.48209
38.5 -67.0421  5.49805
38.6 -67.2306  5.51402
38.7 -67.4191  5.52998
38.8 -67.6077  5.54594
38.9 -67.7962  5.56191
39 -67.9848  5.57787
39.1 -68.1733  5.59383
39.2 -68.3618  5.60979
39.3 -68.5504  5.62575
39.4 -68.7389  5.64171
39.5 -68.9274  5.65767
39.6 -69.116  5.67363
39.7 -69.3045  5.68959
39.8 -69.493  5.70555
39.9 -69.6815  5.7215
40 -69.8701  5.73746
40.1 -70.0586  5.75342
40.2 -70.2471  5.76938
40.3 -70.4357  5.78533
40.4 -70.6242  5.80129
40.5 -70.8127  5.81724
40.6 -71.0012  5.8332
40.7 -71.1898  5.84915
40.8 -71.3783  5.86511
40.9 -71.5668  5.88106
41 -71.7553  5.89702
41.1 -71.9438  5.91297
41.2 -72.1324  5.92892
41.3 -72.3209  5.94487
41.4 -72.5094  5.96083
41.5 -72.6979  5.97678
41.6 -72.8864  5.99273
41.7 -73.075  6.00868
41.8 -73.2635  6.02463
41.9 -73.452  6.04058
42 -73.6405  6.05653
42.1 -73.829  6.07248
42.2 -74.0175  6.08843
42.3 -74.2061  6.10438
42.4 -74.3946  6.12032
42.5 -74.5831  6.13627
42.6 -74.7716  6.15222
42.7 -74.9601  6.16817
42.8 -75.1486  6.18411
42.9 -75.3371  6.20006
43 -75.5256  6.21601
43.1 -75.7142  6.23195
43.2 -75.9027  6.2479
43.3 -76.0912  6.26384
43.4 -76.2797  6.27979
43.5 -76.4682  6.29573
43.6 -76.6567  6.31168
43.7 -76.8452  6.32762
43.8 -77.0337  6.34356
43.9 -77.2222  6.35951
44 -77.4107  6.37545
44.1 -77.5992  6.39139
44.2 -77.7877  6.40733
44.3 -77.9762  6.42327
44.4 -78.1647  6.43922
44.5 -78.3532  6.45516
44.6 -78.5417  6.4711
44.7 -78.7302  6.48704
44.8 -78.9187  6.50298
44.9 -79.1072  6.51892
45 -79.2957  6.53486
45.1 -79.4842  6.5508
45.2 -79.6727  6.56674
45.3 -79.8612  6.58267
45.4 -80.0497  6.59861
45.5 -80.2382  6.61455
45.6 -80.4267  6.63049
45.7 -80.6152  6.64642
45.8 -80.8037  6.66236
45.9 -80.9922  6.6783
46 -81.1807  6.69423
46.1 -81.3692  6.71017
46.2 -81.5577  6.72611
46.3 -81.7462  6.74204
46.4 -81.9347  6.75798
46.5 -82.1232  6.77391
46.6 -82.3116  6.78984
46.7 -82.5001  6.80578
46.8 -82.6886  6.82171
46.9 -82.8771  6.83765
47 -83.0656  6.85358
47.1 -83.2541  6.86951
47.2 -83.4426  6.88545
47.3 -83.6311  6.90138
47.4 -83.8196  6.91731
47.5 -84.008  6.93324
47.6 -84.1965  6.94917
47.7 -84.385  6.9651
47.8 -84.5735  6.98104
47.9 -84.762  6.99697
48 -84.9505  7.0129
48.1 -85.139  7.02883
48.2 -85.3274  7.04476
48.3 -85.5159  7.06069
48.4 -85.7044  7.07662
48.5 -85.8929  7.09254
48.6 -86.0814  7.10847
48.7 -86.2698  7.1244
48.8 -86.4583  7.14033
48.9 -86.6468  7.15626
49 -86.8353  7.17219
49.1 -87.0238  7.18811
49.2 -87.2122  7.20404
49.3 -87.4007  7.21997
49.4 -87.5892  7.23589
49.5 -87.7777  7.25182
49.6 -87.9662  7.26775
49.7 -88.1546  7.28367
49.8 -88.3431  7.2996
49.9 -88.5316  7.31552
50 -88.7201  7.33145
50.1 -88.9085  7.34737
50.2 -89.097  7.3633
50.3 -89.2855  7.37922
50.4 -89.474  7.39515
50.5 -89.6624  7.41107
50.6 -89.8509  7.42699
50.7 -90.0394  7.44292
50.8 -90.2278  7.45884
50.9 -90.4163  7.47476
51 -90.6048  7.49068
51.1 -90.7933  7.50661
51.2 -90.9817  7.52253
51.3 -91.1702  7.53845
51.4 -91.3587  7.55437
51.5 -91.5471  7.57029
51.6 -91.7356  7.58621
51.7 -91.9241  7.60214
51.8 -92.1125  7.61806
51.9 -92.301  7.63398
52 -92.4895  7.6499
52.1 -92.678  7.66582
52.2 -92.8664  7.68174
52.3 -93.0549  7.69766
52.4 -93.2433  7.71357
52.5 -93.4318  7.72949
52.6 -93.6203  7.74541
52.7 -93.8087  7.76133
52.8 -93.9972  7.77725
52.9 -94.1857  7.79317
53 -94.3741  7.80908
53.1 -94.5626  7.825
53.2 -94.7511  7.84092
53.3 -94.9395  7.85684
53.4 -95.128  7.87275
53.5 -95.3164  7.88867
53.6 -95.5049  7.90459
53.7 -95.6934  7.9205
53.8 -95.8818  7.93642
53.9 -96.0703  7.95233
54 -96.2588  7.96825
54.1 -96.4472  7.98417
54.2 -96.6357  8.00008
54.3 -96.8241  8.016
54.4 -97.0126  8.03191
54.5 -97.201  8.04783
54.6 -97.3895  8.06374
54.7 -97.578  8.07965
54.8 -97.7664  8.09557
54.9 -97.9549  8.11148
55 -98.1433  8.12739
55.1 -98.3318  8.14331
55.2 -98.5202  8.15922
55.3 -98.7087  8.17513
55.4 -98.8972  8.19105
55.5 -99.0856  8.20696
55.6 -99.2741  8.22287
55.7 -99.4625  8.23878
55.8 -99.651  8.25469
55.9 -99.8394  8.27061
56 -100.028  8.28652
56.1 -100.216  8.30243
56.2 -100.405  8.31834
56.3 -100.593  8.33425
56.4 -100.782  8.35016
56.5 -100.97  8.36607
56.6 -101.159  8.38198
56.7 -101.347  8.39789
56.8 -101.535  8.4138
56.9 -101.724  8.42971
57 -101.912  8.44562
57.1 -102.101  8.46153
57.2 -102.289  8.47744
57.3 -102.478  8.49335
57.4 -102.666  8.50926
57.5 -102.855  8.52516
57.6 -103.043  8.54107
57.7 -103.232  8.55698
57.8 -103.42  8.57289
57.9 -103.608  8.5888
58 -103.797  8.6047
58.1 -103.985  8.62061
58.2 -104.174  8.63652
58.3 -104.362  8.65242
58.4 -104.551  8.66833
58.5 -104.739  8.68424
58.6 -104.928  8.70014
58.7 -105.116  8.71605
58.8 -105.304  8.73196
58.9 -105.493  8.74786
59 -105.681  8.76377
59.1 -105.87  8.77967
59.2 -106.058  8.79558
59.3 -106.247  8.81148
59.4 -106.435  8.82739
59.5 -106.624  8.84329
59.6 -106.812  8.8592
59.7 -107  8.8751
59.8 -107.189  8.89101
59.9 -107.377  8.90691
60 -107.566  8.92281
60.1 -107.754  8.93872
60.2 -107.943  8.95462
60.3 -108.131  8.97053
60.4 -108.319  8.98643
60.5 -108.508  9.00233
60.6 -108.696  9.01823
60.7 -108.885  9.03414
60.8 -109.073  9.05004
60.9 -109.262  9.06594
61 -109.45  9.08184
61.1 -109.639  9.09775
61.2 -109.827  9.11365
61.3 -110.015  9.12955
61.4 -110.204  9.14545
61.5 -110.392  9.16135
61.6 -110.581  9.17725
61.7 -110.769  9.19315
61.8 -110.958  9.20905
61.9 -111.146  9.22496
62 -111.334  9.24086
62.1 -111.523  9.25676
62.2 -111.711  9.27266
62.3 -111.9  9.28856
62.4 -112.088  9.30446
62.5 -112.277  9.32036
62.6 -112.465  9.33626
62.7 -112.654  9.35215
62.8 -112.842  9.36805
62.9 -113.03  9.38395
63 -113.219  9.39985
63.1 -113.407  9.41575
63.2 -113.596  9.43165
63.3 -113.784  9.44755
63.4 -113.973  9.46345
63.5 -114.161  9.47934
63.6 -114.349  9.49524
63.7 -114.538  9.51114
63.8 -114.726  9.52704
63.9 -114.915  9.54293
64 -115.103  9.55883
64.1 -115.292  9.57473
64.2 -115.48  9.59063
64.3 -115.668  9.60652
64.4 -115.857  9.62242
64.5 -116.045  9.63832
64.6 -116.234  9.65421
64.7 -116.422  9.67011
64.8 -116.611  9.686
64.9 -116.799  9.7019
65 -116.987  9.7178
65.1 -117.176  9.73369
65.2 -117.364  9.74959
65.3 -117.553  9.76548
65.4 -117.741  9.78138
65.5 -117.93  9.79727
65.6 -118.118  9.81317
65.7 -118.306  9.82906
65.8 -118.495  9.84496
65.9 -118.683  9.86085
66 -118.872  9.87675
66.1 -119.06  9.89264
66.2 -119.249  9.90853
66.3 -119.437  9.92443
66.4 -119.625  9.94032
66.5 -119.814  9.95622
66.6 -120.002  9.97211
66.7 -120.191  9.988
66.8 -120.379  10.0039
66.9 -120.567  10.0198
67 -120.756  10.0357
67.1 -120.944  10.0516
67.2 -121.133  10.0675
67.3 -121.321  10.0834
67.4 -121.51  10.0993
67.5 -121.698  10.1151
67.6 -121.886  10.131
67.7 -122.075  10.1469
67.8 -122.263  10.1628
67.9 -122.452  10.1787
68 -122.64  10.1946
68.1 -122.829  10.2105
68.2 -123.017  10.2264
68.3 -123.205  10.2423
68.4 -123.394  10.2582
68.5 -123.582  10.2741
68.6 -123.771  10.2899
68.7 -123.959  10.3058
68.8 -124.147  10.3217
68.9 -124.336  10.3376
69 -124.524  10.3535
69.1 -124.713  10.3694
69.2 -124.901  10.3853
69.3 -125.09  10.4012
69.4 -125.278  10.4171
69.5 -125.466  10.433
69.6 -125.655  10.4489
69.7 -125.843  10.4647
69.8 -126.032  10.4806
69.9 -126.22  10.4965
70 -126.408  10.5124
70.1 -126.597  10.5283
70.2 -126.785  10.5442
70.3 -126.974  10.5601
70.4 -127.162  10.576
70.5 -127.351  10.5918
70.6 -127.539  10.6077
70.7 -127.727  10.6236
70.8 -127.916  10.6395
70.9 -128.104  10.6554
71 -128.293  10.6713
71.1 -128.481  10.6872
71.2 -128.669  10.7031
71.3 -128.858  10.719
71.4 -129.046  10.7348
71.5 -129.235  10.7507
71.6 -129.423  10.7666
71.7 -129.612  10.7825
71.8 -129.8  10.7984
71.9 -129.988  10.8143
72 -130.177  10.8302
72.1 -130.365  10.846
72.2 -130.554  10.8619
72.3 -130.742  10.8778
72.4 -130.93  10.8937
72.5 -131.119  10.9096
72.6 -131.307  10.9255
72.7 -131.496  10.9414
72.8 -131.684  10.9572
72.9 -131.872  10.9731
73 -132.061  10.989
73.1 -132.249  11.0049
73.2 -132.438  11.0208
73.3 -132.626  11.0367
73.4 -132.814  11.0526
73.5 -133.003  11.0684
73.6 -133.191  11.0843
73.7 -133.38  11.1002
73.8 -133.568  11.1161
73.9 -133.757  11.132
74 -133.945  11.1479
74.1 -134.133  11.1637
74.2 -134.322  11.1796
74.3 -134.51  11.1955
74.4 -134.699  11.2114
74.5 -134.887  11.2273
74.6 -135.075  11.2432
74.7 -135.264  11.259
74.8 -135.452  11.2749
74.9 -135.641  11.2908
75 -135.829  11.3067
75.1 -136.017  11.3226
75.2 -136.206  11.3385
75.3 -136.394  11.3543
75.4 -136.583  11.3702
75.5 -136.771  11.3861
75.6 -136.959  11.402
75.7 -137.148  11.4179
75.8 -137.336  11.4338
75.9 -137.525  11.4496
76 -137.713  11.4655
76.1 -137.901  11.4814
76.2 -138.09  11.4973
76.3 -138.278  11.5132
76.4 -138.467  11.529
76.5 -138.655  11.5449
76.6 -138.843  11.5608
76.7 -139.032  11.5767
76.8 -139.22  11.5926
76.9 -139.409  11.6085
77 -139.597  11.6243
77.1 -139.785  11.6402
77.2 -139.974  11.6561
77.3 -140.162  11.672
77.4 -140.351  11.6879
77.5 -140.539  11.7037
77.6 -140.727  11.7196
77.7 -140.916  11.7355
77.8 -141.104  11.7514
77.9 -141.293  11.7673
78 -141.481  11.7831
78.1 -141.669  11.799
78.2 -141.858  11.8149
78.3 -142.046  11.8308
78.4 -142.235  11.8467
78.5 -142.423  11.8625
78.6 -142.611  11.8784
78.7 -142.8  11.8943
78.8 -142.988  11.9102
78.9 -143.177  11.9261
79 -143.365  11.9419
79.1 -143.553  11.9578
79.2 -143.742  11.9737
79.3 -143.93  11.9896
79.4 -144.119  12.0054
79.5 -144.307  12.0213
79.6 -144.495  12.0372
79.7 -144.684  12.0531
79.8 -144.872  12.069
79.9 -145.061  12.0848
80 -145.249  12.1007
80.1 -145.437  12.1166
80.2 -145.626  12.1325
80.3 -145.814  12.1483
80.4 -146.003  12.1642
80.5 -146.191  12.1801
80.6 -146.379  12.196
80.7 -146.568  12.2119
80.8 -146.756  12.2277
80.9 -146.945  12.2436
81 -147.133  12.2595
81.1 -147.321  12.2754
81.2 -147.51  12.2912
81.3 -147.698  12.3071
81.4 -147.887  12.323
81.5 -148.075  12.3389
81.6 -148.263  12.3547
81.7 -148.452  12.3706
81.8 -148.64  12.3865
81.9 -148.829  12.4024
82 -149.017  12.4183
82.1 -149.205  12.4341
82.2 -149.394  12.45
82.3 -149.582  12.4659
82.4 -149.771  12.4818
82.5 -149.959  12.4976
82.6 -150.147  12.5135
82.7 -150.336  12.5294
82.8 -150.524  12.5453
82.9 -150.713  12.5611
83 -150.901  12.577
83.1 -151.089  12.5929
83.2 -151.278  12.6088
83.3 -151.466  12.6246
83.4 -151.654  12.6405
83.5 -151.843  12.6564
83.6 -152.031  12.6723
83.7 -152.22  12.6881
83.8 -152.408  12.704
83.9 -152.596  12.7199
84 -152.785  12.7358
84.1 -152.973  12.7516
84.2 -153.162  12.7675
84.3 -153.35  12.7834
84.4 -153.538  12.7992
84.5 -153.727  12.8151
84.6 -153.915  12.831
84.7 -154.104  12.8469
84.8 -154.292  12.8627
84.9 -154.48  12.8786
85 -154.669  12.8945
85.1 -154.857  12.9104
85.2 -155.046  12.9262
85.3 -155.234  12.9421
85.4 -155.422  12.958
85.5 -155.611  12.9739
85.6 -155.799  12.9897
85.7 -155.987  13.0056
85.8 -156.176  13.0215
85.9 -156.364  13.0373
86 -156.553  13.0532
86.1 -156.741  13.0691
86.2 -156.929  13.085
86.3 -157.118  13.1008
86.4 -157.306  13.1167
86.5 -157.495  13.1326
86.6 -157.683  13.1485
86.7 -157.871  13.1643
86.8 -158.06  13.1802
86.9 -158.248  13.1961
87 -158.437  13.2119
87.1 -158.625  13.2278
87.2 -158.813  13.2437
87.3 -159.002  13.2596
87.4 -159.19  13.2754
87.5 -159.378  13.2913
87.6 -159.567  13.3072
87.7 -159.755  13.323
87.8 -159.944  13.3389
87.9 -160.132  13.3548
88 -160.32  13.3707
88.1 -160.509  13.3865
88.2 -160.697  13.4024
88.3 -160.886  13.4183
88.4 -161.074  13.4341
88.5 -161.262  13.45
88.6 -161.451  13.4659
88.7 -161.639  13.4817
88.8 -161.827  13.4976
88.9 -162.016  13.5135
89 -162.204  13.5294
89.1 -162.393  13.5452
89.2 -162.581  13.5611
89.3 -162.769  13.577
89.4 -162.958  13.5928
89.5 -163.146  13.6087
89.6 -163.335  13.6246
89.7 -163.523  13.6404
89.8 -163.711  13.6563
89.9 -163.9  13.6722
90 -164.088  13.6881
90.1 -164.276  13.7039
90.2 -164.465  13.7198
90.3 -164.653  13.7357
90.4 -164.842  13.7515
90.5 -165.03  13.7674
90.6 -165.218  13.7833
90.7 -165.407  13.7991
90.8 -165.595  13.815
90.9 -165.783  13.8309
91 -165.972  13.8467
91.1 -166.16  13.8626
91.2 -166.349  13.8785
91.3 -166.537  13.8943
91.4 -166.725  13.9102
91.5 -166.914  13.9261
91.6 -167.102  13.942
91.7 -167.291  13.9578
91.8 -167.479  13.9737
91.9 -167.667  13.9896
92 -167.856  14.0054
92.1 -168.044  14.0213
92.2 -168.232  14.0372
92.3 -168.421  14.053
92.4 -168.609  14.0689
92.5 -168.798  14.0848
92.6 -168.986  14.1006
92.7 -169.174  14.1165
92.8 -169.363  14.1324
92.9 -169.551  14.1482
93 -169.739  14.1641
93.1 -169.928  14.18
93.2 -170.116  14.1958
93.3 -170.305  14.2117
93.4 -170.493  14.2276
93.5 -170.681  14.2434
93.6 -170.87  14.2593
93.7 -171.058  14.2752
93.8 -171.247  14.291
93.9 -171.435  14.3069
94 -171.623  14.3228
94.1 -171.812  14.3386
94.2 -172  14.3545
94.3 -172.188  14.3704
94.4 -172.377  14.3862
94.5 -172.565  14.4021
94.6 -172.754  14.418
94.7 -172.942  14.4338
94.8 -173.13  14.4497
94.9 -173.319  14.4656
95 -173.507  14.4814
95.1 -173.695  14.4973
95.2 -173.884  14.5132
95.3 -174.072  14.529
95.4 -174.261  14.5449
95.5 -174.449  14.5608
95.6 -174.637  14.5766
95.7 -174.826  14.5925
95.8 -175.014  14.6083
95.9 -175.202  14.6242
96 -175.391  14.6401
96.1 -175.579  14.6559
96.2 -175.768  14.6718
96.3 -175.956  14.6877
96.4 -176.144  14.7035
96.5 -176.333  14.7194
96.6 -176.521  14.7353
96.7 -176.709  14.7511
96.8 -176.898  14.767
96.9 -177.086  14.7829
97 -177.275  14.7987
97.1 -177.463  14.8146
97.2 -177.651  14.8305
97.3 -177.84  14.8463
97.4 -178.028  14.8622
97.5 -178.216  14.878
97.6 -178.405  14.8939
97.7 -178.593  14.9098
97.8 -178.782  14.9256
97.9 -178.97  14.9415
98 -179.158  14.9574
98.1 -179.347  14.9732
98.2 -179.535  14.9891
98.3 -179.723  15.005
98.4 -179.912  15.0208
98.5 -180.1  15.0367
98.6 -180.289  15.0525
98.7 -180.477  15.0684
98.8 -180.665  15.0843
98.9 -180.854  15.1001
99 -181.042  15.116
99.1 -181.23  15.1319
99.2 -181.419  15.1477
99.3 -181.607  15.1636
99.4 -181.796  15.1795
99.5 -181.984  15.1953
99.6 -182.172  15.2112
99.7 -182.361  15.227
99.8 -182.549  15.2429
99.9 -182.737  15.2588
100 -182.926  15.2746
100.1 -183.114  15.2905
100.2 -183.303  15.3064
100.3 -183.491  15.3222
100.4 -183.679  15.3381
100.5 -183.868  15.3539
100.6 -184.056  15.3698
100.7 -184.244  15.3857
100.8 -184.433  15.4015
100.9 -184.621  15.4174
101 -184.809  15.4333
101.1 -184.998  15.4491
101.2 -185.186  15.465
101.3 -185.375  15.4808
101.4 -185.563  15.4967
101.5 -185.751  15.5126
101.6 -185.94  15.5284
101.7 -186.128  15.5443
101.8 -186.316  15.5601
101.9 -186.505  15.576
102 -186.693  15.5919
102.1 -186.882  15.6077
102.2 -187.07  15.6236
102.3 -187.258  15.6395
102.4 -187.447  15.6553
102.5 -187.635  15.6712
102.6 -187.823  15.687
102.7 -188.012  15.7029
102.8 -188.2  15.7188
102.9 -188.389  15.7346
103 -188.577  15.7505
103.1 -188.765  15.7663
103.2 -188.954  15.7822
103.3 -189.142  15.7981
103.4 -189.33  15.8139
103.5 -189.519  15.8298
103.6 -189.707  15.8456
103.7 -189.895  15.8615
103.8 -190.084  15.8774
103.9 -190.272  15.8932
104 -190.461  15.9091
104.1 -190.649  15.9249
104.2 -190.837  15.9408
104.3 -191.026  15.9567
104.4 -191.214  15.9725
104.5 -191.402  15.9884
104.6 -191.591  16.0042
104.7 -191.779  16.0201
104.8 -191.967  16.036
104.9 -192.156  16.0518
105 -192.344  16.0677
105.1 -192.533  16.0835
105.2 -192.721  16.0994
105.3 -192.909  16.1153
105.4 -193.098  16.1311
105.5 -193.286  16.147
105.6 -193.474  16.1628
105.7 -193.663  16.1787
105.8 -193.851  16.1946
105.9 -194.04  16.2104
106 -194.228  16.2263
106.1 -194.416  16.2421
106.2 -194.605  16.258
106.3 -194.793  16.2739
106.4 -194.981  16.2897
106.5 -195.17  16.3056
106.6 -195.358  16.3214
106.7 -195.546  16.3373
106.8 -195.735  16.3531
106.9 -195.923  16.369
107 -196.112  16.3849
107.1 -196.3  16.4007
107.2 -196.488  16.4166
107.3 -196.677  16.4324
107.4 -196.865  16.4483
107.5 -197.053  16.4642
107.6 -197.242  16.48
107.7 -197.43  16.4959
107.8 -197.618  16.5117
107.9 -197.807  16.5276
108 -197.995  16.5434
108.1 -198.184  16.5593
108.2 -198.372  16.5752
108.3 -198.56  16.591
108.4 -198.749  16.6069
108.5 -198.937  16.6227
108.6 -199.125  16.6386
108.7 -199.314  16.6544
108.8 -199.502  16.6703
108.9 -199.69  16.6862
109 -199.879  16.702
109.1 -200.067  16.7179
109.2 -200.256  16.7337
109.3 -200.444  16.7496
109.4 -200.632  16.7655
109.5 -200.821  16.7813
109.6 -201.009  16.7972
109.7 -201.197  16.813
109.8 -201.386  16.8289
109.9 -201.574  16.8447
110 -201.762  16.8606
110.1 -201.951  16.8765
110.2 -202.139  16.8923
110.3 -202.328  16.9082
110.4 -202.516  16.924
110.5 -202.704  16.9399
110.6 -202.893  16.9557
110.7 -203.081  16.9716
110.8 -203.269  16.9874
110.9 -203.458  17.0033
111 -203.646  17.0192
111.1 -203.834  17.035
111.2 -204.023  17.0509
111.3 -204.211  17.0667
111.4 -204.4  17.0826
111.5 -204.588  17.0984
111.6 -204.776  17.1143
111.7 -204.965  17.1302
111.8 -205.153  17.146
111.9 -205.341  17.1619
112 -205.53  17.1777
112.1 -205.718  17.1936
112.2 -205.906  17.2094
112.3 -206.095  17.2253
112.4 -206.283  17.2411
112.5 -206.471  17.257
112.6 -206.66  17.2729
112.7 -206.848  17.2887
112.8 -207.037  17.3046
112.9 -207.225  17.3204
113 -207.413  17.3363
113.1 -207.602  17.3521
113.2 -207.79  17.368
113.3 -207.978  17.3838
113.4 -208.167  17.3997
113.5 -208.355  17.4156
113.6 -208.543  17.4314
113.7 -208.732  17.4473
113.8 -208.92  17.4631
113.9 -209.109  17.479
114 -209.297  17.4948
114.1 -209.485  17.5107
114.2 -209.674  17.5265
114.3 -209.862  17.5424
114.4 -210.05  17.5583
114.5 -210.239  17.5741
114.6 -210.427  17.59
114.7 -210.615  17.6058
114.8 -210.804  17.6217
114.9 -210.992  17.6375
115 -211.18  17.6534
115.1 -211.369  17.6692
115.2 -211.557  17.6851
115.3 -211.746  17.7009
115.4 -211.934  17.7168
115.5 -212.122  17.7327
115.6 -212.311  17.7485
115.7 -212.499  17.7644
115.8 -212.687  17.7802
115.9 -212.876  17.7961
116 -213.064  17.8119
116.1 -213.252  17.8278
116.2 -213.441  17.8436
116.3 -213.629  17.8595
116.4 -213.817  17.8753
116.5 -214.006  17.8912
116.6 -214.194  17.907
116.7 -214.383  17.9229
116.8 -214.571  17.9388
116.9 -214.759  17.9546
117 -214.948  17.9705
117.1 -215.136  17.9863
117.2 -215.324  18.0022
117.3 -215.513  18.018
117.4 -215.701  18.0339
117.5 -215.889  18.0497
117.6 -216.078  18.0656
117.7 -216.266  18.0814
117.8 -216.454  18.0973
117.9 -216.643  18.1131
118 -216.831  18.129
118.1 -217.02  18.1449
118.2 -217.208  18.1607
118.3 -217.396  18.1766
118.4 -217.585  18.1924
118.5 -217.773  18.2083
118.6 -217.961  18.2241
118.7 -218.15  18.24
118.8 -218.338  18.2558
118.9 -218.526  18.2717
119 -218.715  18.2875
119.1 -218.903  18.3034
119.2 -219.091  18.3192
119.3 -219.28  18.3351
119.4 -219.468  18.3509
119.5 -219.657  18.3668
119.6 -219.845  18.3826
119.7 -220.033  18.3985
119.8 -220.222  18.4144
119.9 -220.41  18.4302
120 -220.598  18.4461
120.1 -220.787  18.4619
120.2 -220.975  18.4778
120.3 -221.163  18.4936
120.4 -221.352  18.5095
120.5 -221.54  18.5253
120.6 -221.728  18.5412
120.7 -221.917  18.557
120.8 -222.105  18.5729
120.9 -222.293  18.5887
121 -222.482  18.6046
121.1 -222.67  18.6204
121.2 -222.859  18.6363
121.3 -223.047  18.6521
121.4 -223.235  18.668
121.5 -223.424  18.6838
121.6 -223.612  18.6997
121.7 -223.8  18.7155
121.8 -223.989  18.7314
121.9 -224.177  18.7472
122 -224.365  18.7631
122.1 -224.554  18.7789
122.2 -224.742  18.7948
122.3 -224.93  18.8106
122.4 -225.119  18.8265
122.5 -225.307  18.8424
122.6 -225.495  18.8582
122.7 -225.684  18.8741
122.8 -225.872  18.8899
122.9 -226.061  18.9058
123 -226.249  18.9216
123.1 -226.437  18.9375
123.2 -226.626  18.9533
123.3 -226.814  18.9692
123.4 -227.002  18.985
123.5 -227.191  19.0009
123.6 -227.379  19.0167
123.7 -227.567  19.0326
123.8 -227.756  19.0484
123.9 -227.944  19.0643
124 -228.132  19.0801
124.1 -228.321  19.096
124.2 -228.509  19.1118
124.3 -228.697  19.1277
124.4 -228.886  19.1435
124.5 -229.074  19.1594
124.6 -229.263  19.1752
124.7 -229.451  19.1911
124.8 -229.639  19.2069
124.9 -229.828  19.2228
125 -230.016  19.2386
125.1 -230.204  19.2545
125.2 -230.393  19.2703
125.3 -230.581  19.2862
125.4 -230.769  19.302
125.5 -230.958  19.3179
125.6 -231.146  19.3337
125.7 -231.334  19.3496
125.8 -231.523  19.3654
125.9 -231.711  19.3813
126 -231.899  19.3971
126.1 -232.088  19.413
126.2 -232.276  19.4288
126.3 -232.465  19.4447
126.4 -232.653  19.4605
126.5 -232.841  19.4764
126.6 -233.03  19.4922
126.7 -233.218  19.5081
126.8 -233.406  19.5239
126.9 -233.595  19.5398
127 -233.783  19.5556
127.1 -233.971  19.5715
127.2 -234.16  19.5873
127.3 -234.348  19.6032
127.4 -234.536  19.619
127.5 -234.725  19.6349
127.6 -234.913  19.6507
127.7 -235.101  19.6666
127.8 -235.29  19.6824
127.9 -235.478  19.6983
128 -235.666  19.7141
128.1 -235.855  19.73
128.2 -236.043  19.7458
128.3 -236.232  19.7617
128.4 -236.42  19.7775
128.5 -236.608  19.7934
128.6 -236.797  19.8092
128.7 -236.985  19.8251
128.8 -237.173  19.8409
128.9 -237.362  19.8568
129 -237.55  19.8726
129.1 -237.738  19.8885
129.2 -237.927  19.9043
129.3 -238.115  19.9202
129.4 -238.303  19.936
129.5 -238.492  19.9519
129.6 -238.68  19.9677
129.7 -238.868  19.9835
129.8 -239.057  19.9994
129.9 -239.245  20.0152
130 -239.433  20.0311
130.1 -239.622  20.0469
130.2 -239.81  20.0628
130.3 -239.998  20.0786
130.4 -240.187  20.0945
130.5 -240.375  20.1103
130.6 -240.564  20.1262
130.7 -240.752  20.142
130.8 -240.94  20.1579
130.9 -241.129  20.1737
131 -241.317  20.1896
131.1 -241.505  20.2054
131.2 -241.694  20.2213
131.3 -241.882  20.2371
131.4 -242.07  20.253
131.5 -242.259  20.2688
131.6 -242.447  20.2847
131.7 -242.635  20.3005
131.8 -242.824  20.3164
131.9 -243.012  20.3322
132 -243.2  20.3481
132.1 -243.389  20.3639
132.2 -243.577  20.3798
132.3 -243.765  20.3956
132.4 -243.954  20.4115
132.5 -244.142  20.4273
132.6 -244.33  20.4431
132.7 -244.519  20.459
132.8 -244.707  20.4748
132.9 -244.896  20.4907
133 -245.084  20.5065
133.1 -245.272  20.5224
133.2 -245.461  20.5382
133.3 -245.649  20.5541
133.4 -245.837  20.5699
133.5 -246.026  20.5858
133.6 -246.214  20.6016
133.7 -246.402  20.6175
133.8 -246.591  20.6333
133.9 -246.779  20.6492
134 -246.967  20.665
134.1 -247.156  20.6809
134.2 -247.344  20.6967
134.3 -247.532  20.7125
134.4 -247.721  20.7284
134.5 -247.909  20.7442
134.6 -248.097  20.7601
134.7 -248.286  20.7759
134.8 -248.474  20.7918
134.9 -248.662  20.8076
135 -248.851  20.8235
135.1 -249.039  20.8393
135.2 -249.227  20.8552
135.3 -249.416  20.871
135.4 -249.604  20.8869
135.5 -249.792  20.9027
135.6 -249.981  20.9186
135.7 -250.169  20.9344
135.8 -250.358  20.9503
135.9 -250.546  20.9661
136 -250.734  20.9819
136.1 -250.923  20.9978
136.2 -251.111  21.0136
136.3 -251.299  21.0295
136.4 -251.488  21.0453
136.5 -251.676  21.0612
136.6 -251.864  21.077
136.7 -252.053  21.0929
136.8 -252.241  21.1087
136.9 -252.429  21.1246
137 -252.618  21.1404
137.1 -252.806  21.1563
137.2 -252.994  21.1721
137.3 -253.183  21.1879
137.4 -253.371  21.2038
137.5 -253.559  21.2196
137.6 -253.748  21.2355
137.7 -253.936  21.2513
137.8 -254.124  21.2672
137.9 -254.313  21.283
138 -254.501  21.2989
138.1 -254.689  21.3147
138.2 -254.878  21.3306
138.3 -255.066  21.3464
138.4 -255.254  21.3623
138.5 -255.443  21.3781
138.6 -255.631  21.3939
138.7 -255.82  21.4098
138.8 -256.008  21.4256
138.9 -256.196  21.4415
139 -256.385  21.4573
139.1 -256.573  21.4732
139.2 -256.761  21.489
139.3 -256.95  21.5049
139.4 -257.138  21.5207
139.5 -257.326  21.5366
139.6 -257.515  21.5524
139.7 -257.703  21.5682
139.8 -257.891  21.5841
139.9 -258.08  21.5999
140 -258.268  21.6158
140.1 -258.456  21.6316
140.2 -258.645  21.6475
140.3 -258.833  21.6633
140.4 -259.021  21.6792
140.5 -259.21  21.695
140.6 -259.398  21.7108
140.7 -259.586  21.7267
140.8 -259.775  21.7425
140.9 -259.963  21.7584
141 -260.151  21.7742
141.1 -260.34  21.7901
141.2 -260.528  21.8059
141.3 -260.716  21.8218
141.4 -260.905  21.8376
141.5 -261.093  21.8535
141.6 -261.281  21.8693
141.7 -261.47  21.8851
141.8 -261.658  21.901
141.9 -261.846  21.9168
142 -262.035  21.9327
142.1 -262.223  21.9485
142.2 -262.411  21.9644
142.3 -262.6  21.9802
142.4 -262.788  21.9961
142.5 -262.977  22.0119
142.6 -263.165  22.0277
142.7 -263.353  22.0436
142.8 -263.542  22.0594
142.9 -263.73  22.0753
143 -263.918  22.0911
143.1 -264.107  22.107
143.2 -264.295  22.1228
143.3 -264.483  22.1387
143.4 -264.672  22.1545
143.5 -264.86  22.1703
143.6 -265.048  22.1862
143.7 -265.237  22.202
143.8 -265.425  22.2179
143.9 -265.613  22.2337
144 -265.802  22.2496
144.1 -265.99  22.2654
144.2 -266.178  22.2813
144.3 -266.367  22.2971
144.4 -266.555  22.3129
144.5 -266.743  22.3288
144.6 -266.932  22.3446
144.7 -267.12  22.3605
144.8 -267.308  22.3763
144.9 -267.497  22.3922
145 -267.685  22.408
145.1 -267.873  22.4238
145.2 -268.062  22.4397
145.3 -268.25  22.4555
145.4 -268.438  22.4714
145.5 -268.627  22.4872
145.6 -268.815  22.5031
145.7 -269.003  22.5189
145.8 -269.192  22.5348
145.9 -269.38  22.5506
146 -269.568  22.5664
146.1 -269.757  22.5823
146.2 -269.945  22.5981
146.3 -270.133  22.614
146.4 -270.322  22.6298
146.5 -270.51  22.6457
146.6 -270.698  22.6615
146.7 -270.887  22.6773
146.8 -271.075  22.6932
146.9 -271.263  22.709
147 -271.452  22.7249
147.1 -271.64  22.7407
147.2 -271.829  22.7566
147.3 -272.017  22.7724
147.4 -272.205  22.7882
147.5 -272.394  22.8041
147.6 -272.582  22.8199
147.7 -272.77  22.8358
147.8 -272.959  22.8516
147.9 -273.147  22.8675
148 -273.335  22.8833
148.1 -273.524  22.8991
148.2 -273.712  22.915
148.3 -273.9  22.9308
148.4 -274.089  22.9467
148.5 -274.277  22.9625
148.6 -274.465  22.9784
148.7 -274.654  22.9942
148.8 -274.842  23.01
148.9 -275.03  23.0259
149 -275.219  23.0417
149.1 -275.407  23.0576
149.2 -275.595  23.0734
149.3 -275.784  23.0893
149.4 -275.972  23.1051
149.5 -276.16  23.1209
149.6 -276.349  23.1368
149.7 -276.537  23.1526
149.8 -276.725  23.1685
149.9 -276.914  23.1843
150 -277.102  23.2002
150.1 -277.29  23.216
150.2 -277.479  23.2318
150.3 -277.667  23.2477
150.4 -277.855  23.2635
150.5 -278.044  23.2794
150.6 -278.232  23.2952
150.7 -278.42  23.3111
150.8 -278.609  23.3269
150.9 -278.797  23.3427
151 -278.985  23.3586
151.1 -279.174  23.3744
151.2 -279.362  23.3903
151.3 -279.55  23.4061
151.4 -279.739  23.4219
151.5 -279.927  23.4378
151.6 -280.115  23.4536
151.7 -280.304  23.4695
151.8 -280.492  23.4853
151.9 -280.68  23.5012
152 -280.869  23.517
152.1 -281.057  23.5328
152.2 -281.245  23.5487
152.3 -281.434  23.5645
152.4 -281.622  23.5804
152.5 -281.81  23.5962
152.6 -281.999  23.612
152.7 -282.187  23.6279
152.8 -282.375  23.6437
152.9 -282.564  23.6596
153 -282.752  23.6754
153.1 -282.94  23.6913
153.2 -283.129  23.7071
153.3 -283.317  23.7229
153.4 -283.505  23.7388
153.5 -283.694  23.7546
153.6 -283.882  23.7705
153.7 -284.07  23.7863
153.8 -284.259  23.8021
153.9 -284.447  23.818
154 -284.635  23.8338
154.1 -284.824  23.8497
154.2 -285.012  23.8655
154.3 -285.2  23.8814
154.4 -285.389  23.8972
154.5 -285.577  23.913
154.6 -285.765  23.9289
154.7 -285.954  23.9447
154.8 -286.142  23.9606
154.9 -286.33  23.9764
155 -286.519  23.9922
155.1 -286.707  24.0081
155.2 -286.895  24.0239
155.3 -287.084  24.0398
155.4 -287.272  24.0556
155.5 -287.46  24.0714
155.6 -287.649  24.0873
155.7 -287.837  24.1031
155.8 -288.026  24.119
155.9 -288.214  24.1348
156 -288.402  24.1506
156.1 -288.591  24.1665
156.2 -288.779  24.1823
156.3 -288.967  24.1982
156.4 -289.156  24.214
156.5 -289.344  24.2299
156.6 -289.532  24.2457
156.7 -289.721  24.2615
156.8 -289.909  24.2774
156.9 -290.097  24.2932
157 -290.286  24.3091
157.1 -290.474  24.3249
157.2 -290.662  24.3407
157.3 -290.851  24.3566
157.4 -291.039  24.3724
157.5 -291.227  24.3883
157.6 -291.416  24.4041
157.7 -291.604  24.4199
157.8 -291.792  24.4358
157.9 -291.981  24.4516
158 -292.169  24.4675
158.1 -292.357  24.4833
158.2 -292.546  24.4991
158.3 -292.734  24.515
158.4 -292.922  24.5308
158.5 -293.111  24.5467
158.6 -293.299  24.5625
158.7 -293.487  24.5783
158.8 -293.676  24.5942
158.9 -293.864  24.61
159 -294.052  24.6259
159.1 -294.241  24.6417
159.2 -294.429  24.6575
159.3 -294.617  24.6734
159.4 -294.806  24.6892
159.5 -294.994  24.7051
159.6 -295.182  24.7209
159.7 -295.371  24.7367
159.8 -295.559  24.7526
159.9 -295.747  24.7684
160 -295.936  24.7843
160.1 -296.124  24.8001
160.2 -296.312  24.8159
160.3 -296.501  24.8318
160.4 -296.689  24.8476
160.5 -296.877  24.8635
160.6 -297.066  24.8793
160.7 -297.254  24.8951
160.8 -297.442  24.911
160.9 -297.631  24.9268
161 -297.819  24.9427
161.1 -298.007  24.9585
161.2 -298.196  24.9743
161.3 -298.384  24.9902
161.4 -298.572  25.006
161.5 -298.761  25.0219
161.6 -298.949  25.0377
161.7 -299.137  25.0535
161.8 -299.326  25.0694
161.9 -299.514  25.0852
162 -299.702  25.1011
162.1 -299.891  25.1169
162.2 -300.079  25.1327
162.3 -300.267  25.1486
162.4 -300.456  25.1644
162.5 -300.644  25.1803
162.6 -300.832  25.1961
162.7 -301.021  25.2119
162.8 -301.209  25.2278
162.9 -301.397  25.2436
163 -301.586  25.2594
163.1 -301.774  25.2753
163.2 -301.962  25.2911
163.3 -302.151  25.307
163.4 -302.339  25.3228
163.5 -302.527  25.3386
163.6 -302.716  25.3545
163.7 -302.904  25.3703
163.8 -303.092  25.3862
163.9 -303.281  25.402
164 -303.469  25.4178
164.1 -303.657  25.4337
164.2 -303.846  25.4495
164.3 -304.034  25.4654
164.4 -304.222  25.4812
164.5 -304.411  25.497
164.6 -304.599  25.5129
164.7 -304.787  25.5287
164.8 -304.976  25.5446
164.9 -305.164  25.5604
165 -305.352  25.5762
165.1 -305.541  25.5921
165.2 -305.729  25.6079
165.3 -305.917  25.6237
165.4 -306.106  25.6396
165.5 -306.294  25.6554
165.6 -306.482  25.6713
165.7 -306.671  25.6871
165.8 -306.859  25.7029
165.9 -307.047  25.7188
166 -307.236  25.7346
166.1 -307.424  25.7505
166.2 -307.612  25.7663
166.3 -307.8  25.7821
166.4 -307.989  25.798
166.5 -308.177  25.8138
166.6 -308.365  25.8296
166.7 -308.554  25.8455
166.8 -308.742  25.8613
166.9 -308.93  25.8772
167 -309.119  25.893
167.1 -309.307  25.9088
167.2 -309.495  25.9247
167.3 -309.684  25.9405
167.4 -309.872  25.9564
167.5 -310.06  25.9722
167.6 -310.249  25.988
167.7 -310.437  26.0039
167.8 -310.625  26.0197
167.9 -310.814  26.0355
168 -311.002  26.0514
168.1 -311.19  26.0672
168.2 -311.379  26.0831
168.3 -311.567  26.0989
168.4 -311.755  26.1147
168.5 -311.944  26.1306
168.6 -312.132  26.1464
168.7 -312.32  26.1622
168.8 -312.509  26.1781
168.9 -312.697  26.1939
169 -312.885  26.2098
169.1 -313.074  26.2256
169.2 -313.262  26.2414
169.3 -313.45  26.2573
169.4 -313.639  26.2731
169.5 -313.827  26.2889
169.6 -314.015  26.3048
169.7 -314.204  26.3206
169.8 -314.392  26.3365
169.9 -314.58  26.3523
170 -314.769  26.3681
170.1 -314.957  26.384
170.2 -315.145  26.3998
170.3 -315.334  26.4157
170.4 -315.522  26.4315
170.5 -315.71  26.4473
170.6 -315.899  26.4632
170.7 -316.087  26.479
170.8 -316.275  26.4948
170.9 -316.464  26.5107
171 -316.652  26.5265
171.1 -316.84  26.5424
171.2 -317.029  26.5582
171.3 -317.217  26.574
171.4 -317.405  26.5899
171.5 -317.594  26.6057
171.6 -317.782  26.6215
171.7 -317.97  26.6374
171.8 -318.159  26.6532
171.9 -318.347  26.669
172 -318.535  26.6849
172.1 -318.724  26.7007
172.2 -318.912  26.7166
172.3 -319.1  26.7324
172.4 -319.289  26.7482
172.5 -319.477  26.7641
172.6 -319.665  26.7799
172.7 -319.854  26.7957
172.8 -320.042  26.8116
172.9 -320.23  26.8274
173 -320.419  26.8433
173.1 -320.607  26.8591
173.2 -320.795  26.8749
173.3 -320.984  26.8908
173.4 -321.172  26.9066
173.5 -321.36  26.9224
173.6 -321.549  26.9383
173.7 -321.737  26.9541
173.8 -321.925  26.97
173.9 -322.114  26.9858
174 -322.302  27.0016
174.1 -322.49  27.0175
174.2 -322.679  27.0333
174.3 -322.867  27.0491
174.4 -323.055  27.065
174.5 -323.244  27.0808
174.6 -323.432  27.0966
174.7 -323.62  27.1125
174.8 -323.809  27.1283
174.9 -323.997  27.1442
175 -324.185  27.16
175.1 -324.374  27.1758
175.2 -324.562  27.1917
175.3 -324.75  27.2075
175.4 -324.938  27.2233
175.5 -325.127  27.2392
175.6 -325.315  27.255
175.7 -325.503  27.2709
175.8 -325.692  27.2867
175.9 -325.88  27.3025
176 -326.068  27.3184
176.1 -326.257  27.3342
176.2 -326.445  27.35
176.3 -326.633  27.3659
176.4 -326.822  27.3817
176.5 -327.01  27.3975
176.6 -327.198  27.4134
176.7 -327.387  27.4292
176.8 -327.575  27.4451
176.9 -327.763  27.4609
177 -327.952  27.4767
177.1 -328.14  27.4926
177.2 -328.328  27.5084
177.3 -328.517  27.5242
177.4 -328.705  27.5401
177.5 -328.893  27.5559
177.6 -329.082  27.5717
177.7 -329.27  27.5876
177.8 -329.458  27.6034
177.9 -329.647  27.6193
178 -329.835  27.6351
178.1 -330.023  27.6509
178.2 -330.212  27.6668
178.3 -330.4  27.6826
178.4 -330.588  27.6984
178.5 -330.777  27.7143
178.6 -330.965  27.7301
178.7 -331.153  27.7459
178.8 -331.342  27.7618
178.9 -331.53  27.7776
179 -331.718  27.7934
179.1 -331.907  27.8093
179.2 -332.095  27.8251
179.3 -332.283  27.841
179.4 -332.472  27.8568
179.5 -332.66  27.8726
179.6 -332.848  27.8885
179.7 -333.037  27.9043
179.8 -333.225  27.9201
179.9 -333.413  27.936
180 -333.602  27.9518
180.1 -333.79  27.9676
180.2 -333.978  27.9835
180.3 -334.167  27.9993
180.4 -334.355  28.0151
180.5 -334.543  28.031
180.6 -334.732  28.0468
180.7 -334.92  28.0627
180.8 -335.108  28.0785
180.9 -335.296  28.0943
181 -335.485  28.1102
181.1 -335.673  28.126
181.2 -335.861  28.1418
181.3 -336.05  28.1577
181.4 -336.238  28.1735
181.5 -336.426  28.1893
181.6 -336.615  28.2052
181.7 -336.803  28.221
181.8 -336.991  28.2368
181.9 -337.18  28.2527
182 -337.368  28.2685
182.1 -337.556  28.2844
182.2 -337.745  28.3002
182.3 -337.933  28.316
182.4 -338.121  28.3319
182.5 -338.31  28.3477
182.6 -338.498  28.3635
182.7 -338.686  28.3794
182.8 -338.875  28.3952
182.9 -339.063  28.411
183 -339.251  28.4269
183.1 -339.44  28.4427
183.2 -339.628  28.4585
183.3 -339.816  28.4744
183.4 -340.005  28.4902
183.5 -340.193  28.506
183.6 -340.381  28.5219
183.7 -340.57  28.5377
183.8 -340.758  28.5536
183.9 -340.946  28.5694
184 -341.135  28.5852
184.1 -341.323  28.6011
184.2 -341.511  28.6169
184.3 -341.7  28.6327
184.4 -341.888  28.6486
184.5 -342.076  28.6644
184.6 -342.265  28.6802
184.7 -342.453  28.6961
184.8 -342.641  28.7119
184.9 -342.83  28.7277
185 -343.018  28.7436
185.1 -343.206  28.7594
185.2 -343.394  28.7752
185.3 -343.583  28.7911
185.4 -343.771  28.8069
185.5 -343.959  28.8227
185.6 -344.148  28.8386
185.7 -344.336  28.8544
185.8 -344.524  28.8702
185.9 -344.713  28.8861
186 -344.901  28.9019
186.1 -345.089  28.9178
186.2 -345.278  28.9336
186.3 -345.466  28.9494
186.4 -345.654  28.9653
186.5 -345.843  28.9811
186.6 -346.031  28.9969
186.7 -346.219  29.0128
186.8 -346.408  29.0286
186.9 -346.596  29.0444
187 -346.784  29.0603
187.1 -346.973  29.0761
187.2 -347.161  29.0919
187.3 -347.349  29.1078
187.4 -347.538  29.1236
187.5 -347.726  29.1394
187.6 -347.914  29.1553
187.7 -348.103  29.1711
187.8 -348.291  29.1869
187.9 -348.479  29.2028
188 -348.668  29.2186
188.1 -348.856  29.2344
188.2 -349.044  29.2503
188.3 -349.233  29.2661
188.4 -349.421  29.2819
188.5 -349.609  29.2978
188.6 -349.798  29.3136
188.7 -349.986  29.3294
188.8 -350.174  29.3453
188.9 -350.363  29.3611
189 -350.551  29.3769
189.1 -350.739  29.3928
189.2 -350.927  29.4086
189.3 -351.116  29.4245
189.4 -351.304  29.4403
189.5 -351.492  29.4561
189.6 -351.681  29.472
189.7 -351.869  29.4878
189.8 -352.057  29.5036
189.9 -352.246  29.5195
190 -352.434  29.5353
190.1 -352.622  29.5511
190.2 -352.811  29.567
190.3 -352.999  29.5828
190.4 -353.187  29.5986
190.5 -353.376  29.6145
190.6 -353.564  29.6303
190.7 -353.752  29.6461
190.8 -353.941  29.662
190.9 -354.129  29.6778
191 -354.317  29.6936
191.1 -354.506  29.7095
191.2 -354.694  29.7253
191.3 -354.882  29.7411
191.4 -355.071  29.757
191.5 -355.259  29.7728
191.6 -355.447  29.7886
191.7 -355.636  29.8045
191.8 -355.824  29.8203
191.9 -356.012  29.8361
192 -356.201  29.852
192.1 -356.389  29.8678
192.2 -356.577  29.8836
192.3 -356.766  29.8995
192.4 -356.954  29.9153
192.5 -357.142  29.9311
192.6 -357.33  29.947
192.7 -357.519  29.9628
192.8 -357.707  29.9786
192.9 -357.895  29.9945
193 -358.084  30.0103
193.1 -358.272  30.0261
193.2 -358.46  30.042
193.3 -358.649  30.0578
193.4 -358.837  30.0736
193.5 -359.025  30.0895
193.6 -359.214  30.1053
193.7 -359.402  30.1211
193.8 -359.59  30.137
193.9 -359.779  30.1528
194 -359.967  30.1686
194.1 -360.155  30.1845
194.2 -360.344  30.2003
194.3 -360.532  30.2161
194.4 -360.72  30.232
194.5 -360.909  30.2478
194.6 -361.097  30.2636
194.7 -361.285  30.2795
194.8 -361.474  30.2953
194.9 -361.662  30.3111
195 -361.85  30.327
195.1 -362.039  30.3428
195.2 -362.227  30.3586
195.3 -362.415  30.3745
195.4 -362.604  30.3903
195.5 -362.792  30.4061
195.6 -362.98  30.422
195.7 -363.168  30.4378
195.8 -363.357  30.4536
195.9 -363.545  30.4695
196 -363.733  30.4853
196.1 -363.922  30.5011
196.2 -364.11  30.517
196.3 -364.298  30.5328
196.4 -364.487  30.5486
196.5 -364.675  30.5645
196.6 -364.863  30.5803
196.7 -365.052  30.5961
196.8 -365.24  30.612
196.9 -365.428  30.6278
197 -365.617  30.6436
197.1 -365.805  30.6595
197.2 -365.993  30.6753
197.3 -366.182  30.6911
197.4 -366.37  30.707
197.5 -366.558  30.7228
197.6 -366.747  30.7386
197.7 -366.935  30.7545
197.8 -367.123  30.7703
197.9 -367.312  30.7861
198 -367.5  30.802
198.1 -367.688  30.8178
198.2 -367.877  30.8336
198.3 -368.065  30.8495
198.4 -368.253  30.8653
198.5 -368.441  30.8811
198.6 -368.63  30.897
198.7 -368.818  30.9128
198.8 -369.006  30.9286
198.9 -369.195  30.9445
199 -369.383  30.9603
199.1 -369.571  30.9761
199.2 -369.76  30.9919
199.3 -369.948  31.0078
199.4 -370.136  31.0236
199.5 -370.325  31.0394
199.6 -370.513  31.0553
199.7 -370.701  31.0711
199.8 -370.89  31.0869
199.9 -371.078  31.1028
200 -371.266  31.1186
200.1 -371.455  31.1344
200.2 -371.643  31.1503
200.3 -371.831  31.1661
200.4 -372.02  31.1819
200.5 -372.208  31.1978
200.6 -372.396  31.2136
200.7 -372.585  31.2294
200.8 -372.773  31.2453
200.9 -372.961  31.2611
201 -373.15  31.2769
201.1 -373.338  31.2928
201.2 -373.526  31.3086
201.3 -373.714  31.3244
201.4 -373.903  31.3403
201.5 -374.091  31.3561
201.6 -374.279  31.3719
201.7 -374.468  31.3878
201.8 -374.656  31.4036
201.9 -374.844  31.4194
202 -375.033  31.4353
202.1 -375.221  31.4511
202.2 -375.409  31.4669
202.3 -375.598  31.4827
202.4 -375.786  31.4986
202.5 -375.974  31.5144
202.6 -376.163  31.5302
202.7 -376.351  31.5461
202.8 -376.539  31.5619
202.9 -376.728  31.5777
203 -376.916  31.5936
203.1 -377.104  31.6094
203.2 -377.293  31.6252
203.3 -377.481  31.6411
203.4 -377.669  31.6569
203.5 -377.858  31.6727
203.6 -378.046  31.6886
203.7 -378.234  31.7044
203.8 -378.422  31.7202
203.9 -378.611  31.7361
204 -378.799  31.7519
204.1 -378.987  31.7677
204.2 -379.176  31.7836
204.3 -379.364  31.7994
204.4 -379.552  31.8152
204.5 -379.741  31.8311
204.6 -379.929  31.8469
204.7 -380.117  31.8627
204.8 -380.306  31.8785
204.9 -380.494  31.8944
205 -380.682  31.9102
205.1 -380.871  31.926
205.2 -381.059  31.9419
205.3 -381.247  31.9577
205.4 -381.436  31.9735
205.5 -381.624  31.9894
205.6 -381.812  32.0052
205.7 -382.001  32.021
205.8 -382.189  32.0369
205.9 -382.377  32.0527
206 -382.566  32.0685
206.1 -382.754  32.0844
206.2 -382.942  32.1002
206.3 -383.13  32.116
206.4 -383.319  32.1319
206.5 -383.507  32.1477
206.6 -383.695  32.1635
206.7 -383.884  32.1793
206.8 -384.072  32.1952
206.9 -384.26  32.211
207 -384.449  32.2268
207.1 -384.637  32.2427
207.2 -384.825  32.2585
207.3 -385.014  32.2743
207.4 -385.202  32.2902
207.5 -385.39  32.306
207.6 -385.579  32.3218
207.7 -385.767  32.3377
207.8 -385.955  32.3535
207.9 -386.144  32.3693
208 -386.332  32.3852
208.1 -386.52  32.401
208.2 -386.709  32.4168
208.3 -386.897  32.4326
208.4 -387.085  32.4485
208.5 -387.274  32.4643
208.6 -387.462  32.4801
208.7 -387.65  32.496
208.8 -387.838  32.5118
208.9 -388.027  32.5276
209 -388.215  32.5435
209.1 -388.403  32.5593
209.2 -388.592  32.5751
209.3 -388.78  32.591
209.4 -388.968  32.6068
209.5 -389.157  32.6226
209.6 -389.345  32.6385
209.7 -389.533  32.6543
209.8 -389.722  32.6701
209.9 -389.91  32.6859
210 -390.098  32.7018
210.1 -390.287  32.7176
210.2 -390.475  32.7334
210.3 -390.663  32.7493
210.4 -390.852  32.7651
210.5 -391.04  32.7809
210.6 -391.228  32.7968
210.7 -391.417  32.8126
210.8 -391.605  32.8284
210.9 -391.793  32.8443
211 -391.981  32.8601
211.1 -392.17  32.8759
211.2 -392.358  32.8917
211.3 -392.546  32.9076
211.4 -392.735  32.9234
211.5 -392.923  32.9392
211.6 -393.111  32.9551
211.7 -393.3  32.9709
211.8 -393.488  32.9867
211.9 -393.676  33.0026
212 -393.865  33.0184
212.1 -394.053  33.0342
212.2 -394.241  33.0501
212.3 -394.43  33.0659
212.4 -394.618  33.0817
212.5 -394.806  33.0975
212.6 -394.995  33.1134
212.7 -395.183  33.1292
212.8 -395.371  33.145
212.9 -395.56  33.1609
213 -395.748  33.1767
213.1 -395.936  33.1925
213.2 -396.124  33.2084
213.3 -396.313  33.2242
213.4 -396.501  33.24
213.5 -396.689  33.2559
213.6 -396.878  33.2717
213.7 -397.066  33.2875
213.8 -397.254  33.3033
213.9 -397.443  33.3192
214 -397.631  33.335
214.1 -397.819  33.3508
214.2 -398.008  33.3667
214.3 -398.196  33.3825
214.4 -398.384  33.3983
214.5 -398.573  33.4142
214.6 -398.761  33.43
214.7 -398.949  33.4458
214.8 -399.138  33.4616
214.9 -399.326  33.4775
215 -399.514  33.4933
215.1 -399.703  33.5091
215.2 -399.891  33.525
215.3 -400.079  33.5408
215.4 -400.267  33.5566
215.5 -400.456  33.5725
215.6 -400.644  33.5883
215.7 -400.832  33.6041
215.8 -401.021  33.62
215.9 -401.209  33.6358
216 -401.397  33.6516
216.1 -401.586  33.6674
216.2 -401.774  33.6833
216.3 -401.962  33.6991
216.4 -402.151  33.7149
216.5 -402.339  33.7308
216.6 -402.527  33.7466
216.7 -402.716  33.7624
216.8 -402.904  33.7783
216.9 -403.092  33.7941
217 -403.281  33.8099
217.1 -403.469  33.8257
217.2 -403.657  33.8416
217.3 -403.845  33.8574
217.4 -404.034  33.8732
217.5 -404.222  33.8891
217.6 -404.41  33.9049
217.7 -404.599  33.9207
217.8 -404.787  33.9366
217.9 -404.975  33.9524
218 -405.164  33.9682
218.1 -405.352  33.984
218.2 -405.54  33.9999
218.3 -405.729  34.0157
218.4 -405.917  34.0315
218.5 -406.105  34.0474
218.6 -406.294  34.0632
218.7 -406.482  34.079
218.8 -406.67  34.0949
218.9 -406.859  34.1107
219 -407.047  34.1265
219.1 -407.235  34.1423
219.2 -407.424  34.1582
219.3 -407.612  34.174
219.4 -407.8  34.1898
219.5 -407.988  34.2057
219.6 -408.177  34.2215
219.7 -408.365  34.2373
219.8 -408.553  34.2532
219.9 -408.742  34.269
220 -408.93  34.2848
220.1 -409.118  34.3006
220.2 -409.307  34.3165
220.3 -409.495  34.3323
220.4 -409.683  34.3481
220.5 -409.872  34.364
220.6 -410.06  34.3798
220.7 -410.248  34.3956
220.8 -410.437  34.4114
220.9 -410.625  34.4273
221 -410.813  34.4431
221.1 -411.002  34.4589
221.2 -411.19  34.4748
221.3 -411.378  34.4906
221.4 -411.566  34.5064
221.5 -411.755  34.5223
221.6 -411.943  34.5381
221.7 -412.131  34.5539
221.8 -412.32  34.5697
221.9 -412.508  34.5856
222 -412.696  34.6014
222.1 -412.885  34.6172
222.2 -413.073  34.6331
222.3 -413.261  34.6489
222.4 -413.45  34.6647
222.5 -413.638  34.6806
222.6 -413.826  34.6964
222.7 -414.015  34.7122
222.8 -414.203  34.728
222.9 -414.391  34.7439
223 -414.58  34.7597
223.1 -414.768  34.7755
223.2 -414.956  34.7914
223.3 -415.144  34.8072
223.4 -415.333  34.823
223.5 -415.521  34.8388
223.6 -415.709  34.8547
223.7 -415.898  34.8705
223.8 -416.086  34.8863
223.9 -416.274  34.9022
224 -416.463  34.918
224.1 -416.651  34.9338
224.2 -416.839  34.9496
224.3 -417.028  34.9655
224.4 -417.216  34.9813
224.5 -417.404  34.9971
224.6 -417.593  35.013
224.7 -417.781  35.0288
224.8 -417.969  35.0446
224.9 -418.158  35.0605
225 -418.346  35.0763
225.1 -418.534  35.0921
225.2 -418.722  35.1079
225.3 -418.911  35.1238
225.4 -419.099  35.1396
225.5 -419.287  35.1554
225.6 -419.476  35.1713
225.7 -419.664  35.1871
225.8 -419.852  35.2029
225.9 -420.041  35.2187
226 -420.229  35.2346
226.1 -420.417  35.2504
226.2 -420.606  35.2662
226.3 -420.794  35.2821
226.4 -420.982  35.2979
226.5 -421.171  35.3137
226.6 -421.359  35.3295
226.7 -421.547  35.3454
226.8 -421.736  35.3612
226.9 -421.924  35.377
227 -422.112  35.3929
227.1 -422.3  35.4087
227.2 -422.489  35.4245
227.3 -422.677  35.4403
227.4 -422.865  35.4562
227.5 -423.054  35.472
227.6 -423.242  35.4878
227.7 -423.43  35.5037
227.8 -423.619  35.5195
227.9 -423.807  35.5353
228 -423.995  35.5512
228.1 -424.184  35.567
228.2 -424.372  35.5828
228.3 -424.56  35.5986
228.4 -424.749  35.6145
228.5 -424.937  35.6303
228.6 -425.125  35.6461
228.7 -425.314  35.662
228.8 -425.502  35.6778
228.9 -425.69  35.6936
229 -425.878  35.7094
229.1 -426.067  35.7253
229.2 -426.255  35.7411
229.3 -426.443  35.7569
229.4 -426.632  35.7728
229.5 -426.82  35.7886
229.6 -427.008  35.8044
229.7 -427.197  35.8202
229.8 -427.385  35.8361
229.9 -427.573  35.8519
230 -427.762  35.8677
230.1 -427.95  35.8836
230.2 -428.138  35.8994
230.3 -428.327  35.9152
230.4 -428.515  35.931
230.5 -428.703  35.9469
230.6 -428.891  35.9627
230.7 -429.08  35.9785
230.8 -429.268  35.9944
230.9 -429.456  36.0102
231 -429.645  36.026
231.1 -429.833  36.0418
231.2 -430.021  36.0577
231.3 -430.21  36.0735
231.4 -430.398  36.0893
231.5 -430.586  36.1052
231.6 -430.775  36.121
231.7 -430.963  36.1368
231.8 -431.151  36.1526
231.9 -431.34  36.1685
232 -431.528  36.1843
232.1 -431.716  36.2001
232.2 -431.905  36.2159
232.3 -432.093  36.2318
232.4 -432.281  36.2476
232.5 -432.469  36.2634
232.6 -432.658  36.2793
232.7 -432.846  36.2951
232.8 -433.034  36.3109
232.9 -433.223  36.3267
233 -433.411  36.3426
233.1 -433.599  36.3584
233.2 -433.788  36.3742
233.3 -433.976  36.3901
233.4 -434.164  36.4059
233.5 -434.353  36.4217
233.6 -434.541  36.4375
233.7 -434.729  36.4534
233.8 -434.918  36.4692
233.9 -435.106  36.485
234 -435.294  36.5009
234.1 -435.482  36.5167
234.2 -435.671  36.5325
234.3 -435.859  36.5483
234.4 -436.047  36.5642
234.5 -436.236  36.58
234.6 -436.424  36.5958
234.7 -436.612  36.6117
234.8 -436.801  36.6275
234.9 -436.989  36.6433
235 -437.177  36.6591
235.1 -437.366  36.675
235.2 -437.554  36.6908
235.3 -437.742  36.7066
235.4 -437.931  36.7224
235.5 -438.119  36.7383
235.6 -438.307  36.7541
235.7 -438.496  36.7699
235.8 -438.684  36.7858
235.9 -438.872  36.8016
236 -439.06  36.8174
236.1 -439.249  36.8332
236.2 -439.437  36.8491
236.3 -439.625  36.8649
236.4 -439.814  36.8807
236.5 -440.002  36.8966
236.6 -440.19  36.9124
236.7 -440.379  36.9282
236.8 -440.567  36.944
236.9 -440.755  36.9599
237 -440.944  36.9757
237.1 -441.132  36.9915
237.2 -441.32  37.0074
237.3 -441.509  37.0232
237.4 -441.697  37.039
237.5 -441.885  37.0548
237.6 -442.073  37.0707
237.7 -442.262  37.0865
237.8 -442.45  37.1023
237.9 -442.638  37.1181
238 -442.827  37.134
238.1 -443.015  37.1498
238.2 -443.203  37.1656
238.3 -443.392  37.1815
238.4 -443.58  37.1973
238.5 -443.768  37.2131
238.6 -443.957  37.2289
238.7 -444.145  37.2448
238.8 -444.333  37.2606
238.9 -444.522  37.2764
239 -444.71  37.2922
239.1 -444.898  37.3081
239.2 -445.086  37.3239
239.3 -445.275  37.3397
239.4 -445.463  37.3556
239.5 -445.651  37.3714
239.6 -445.84  37.3872
239.7 -446.028  37.403
239.8 -446.216  37.4189
239.9 -446.405  37.4347
240 -446.593  37.4505
240.1 -446.781  37.4664
240.2 -446.97  37.4822
240.3 -447.158  37.498
240.4 -447.346  37.5138
240.5 -447.535  37.5297
240.6 -447.723  37.5455
240.7 -447.911  37.5613
240.8 -448.099  37.5771
240.9 -448.288  37.593
241 -448.476  37.6088
241.1 -448.664  37.6246
241.2 -448.853  37.6405
241.3 -449.041  37.6563
241.4 -449.229  37.6721
241.5 -449.418  37.6879
241.6 -449.606  37.7038
241.7 -449.794  37.7196
241.8 -449.983  37.7354
241.9 -450.171  37.7512
242 -450.359  37.7671
242.1 -450.548  37.7829
242.2 -450.736  37.7987
242.3 -450.924  37.8146
242.4 -451.112  37.8304
242.5 -451.301  37.8462
242.6 -451.489  37.862
242.7 -451.677  37.8779
242.8 -451.866  37.8937
242.9 -452.054  37.9095
243 -452.242  37.9253
243.1 -452.431  37.9412
243.2 -452.619  37.957
243.3 -452.807  37.9728
243.4 -452.996  37.9887
243.5 -453.184  38.0045
243.6 -453.372  38.0203
243.7 -453.561  38.0361
243.8 -453.749  38.052
243.9 -453.937  38.0678
244 -454.125  38.0836
244.1 -454.314  38.0994
244.2 -454.502  38.1153
244.3 -454.69  38.1311
244.4 -454.879  38.1469
244.5 -455.067  38.1627
244.6 -455.255  38.1786
244.7 -455.444  38.1944
244.8 -455.632  38.2102
244.9 -455.82  38.2261
245 -456.009  38.2419
245.1 -456.197  38.2577
245.2 -456.385  38.2735
245.3 -456.574  38.2894
245.4 -456.762  38.3052
245.5 -456.95  38.321
245.6 -457.138  38.3368
245.7 -457.327  38.3527
245.8 -457.515  38.3685
245.9 -457.703  38.3843
246 -457.892  38.4002
246.1 -458.08  38.416
246.2 -458.268  38.4318
246.3 -458.457  38.4476
246.4 -458.645  38.4635
246.5 -458.833  38.4793
246.6 -459.022  38.4951
246.7 -459.21  38.5109
246.8 -459.398  38.5268
246.9 -459.587  38.5426
247 -459.775  38.5584
247.1 -459.963  38.5742
247.2 -460.151  38.5901
247.3 -460.34  38.6059
247.4 -460.528  38.6217
247.5 -460.716  38.6376
247.6 -460.905  38.6534
247.7 -461.093  38.6692
247.8 -461.281  38.685
247.9 -461.47  38.7009
248 -461.658  38.7167
248.1 -461.846  38.7325
248.2 -462.035  38.7483
248.3 -462.223  38.7642
248.4 -462.411  38.78
248.5 -462.599  38.7958
248.6 -462.788  38.8116
248.7 -462.976  38.8275
248.8 -463.164  38.8433
248.9 -463.353  38.8591
249 -463.541  38.875
249.1 -463.729  38.8908
249.2 -463.918  38.9066
249.3 -464.106  38.9224
249.4 -464.294  38.9383
249.5 -464.483  38.9541
249.6 -464.671  38.9699
249.7 -464.859  38.9857
249.8 -465.048  39.0016
249.9 -465.236  39.0174
250 -465.424  39.0332
250.1 -465.612  39.049
250.2 -465.801  39.0649
250.3 -465.989  39.0807
250.4 -466.177  39.0965
250.5 -466.366  39.1124
250.6 -466.554  39.1282
250.7 -466.742  39.144
250.8 -466.931  39.1598
250.9 -467.119  39.1757
251 -467.307  39.1915
251.1 -467.496  39.2073
251.2 -467.684  39.2231
251.3 -467.872  39.239
251.4 -468.061  39.2548
251.5 -468.249  39.2706
251.6 -468.437  39.2864
251.7 -468.625  39.3023
251.8 -468.814  39.3181
251.9 -469.002  39.3339
252 -469.19  39.3497
252.1 -469.379  39.3656
252.2 -469.567  39.3814
252.3 -469.755  39.3972
252.4 -469.944  39.4131
252.5 -470.132  39.4289
252.6 -470.32  39.4447
252.7 -470.509  39.4605
252.8 -470.697  39.4764
252.9 -470.885  39.4922
253 -471.073  39.508
253.1 -471.262  39.5238
253.2 -471.45  39.5397
253.3 -471.638  39.5555
253.4 -471.827  39.5713
253.5 -472.015  39.5871
253.6 -472.203  39.603
253.7 -472.392  39.6188
253.8 -472.58  39.6346
253.9 -472.768  39.6504
254 -472.957  39.6663
254.1 -473.145  39.6821
254.2 -473.333  39.6979
254.3 -473.522  39.7138
254.4 -473.71  39.7296
254.5 -473.898  39.7454
254.6 -474.086  39.7612
254.7 -474.275  39.7771
254.8 -474.463  39.7929
254.9 -474.651  39.8087
255 -474.84  39.8245
255.1 -475.028  39.8404
255.2 -475.216  39.8562
255.3 -475.405  39.872
255.4 -475.593  39.8878
255.5 -475.781  39.9037
255.6 -475.97  39.9195
255.7 -476.158  39.9353
255.8 -476.346  39.9511
255.9 -476.534  39.967
256 -476.723  39.9828
256.1 -476.911  39.9986
256.2 -477.099  40.0144
256.3 -477.288  40.0303
256.4 -477.476  40.0461
256.5 -477.664  40.0619
256.6 -477.853  40.0777
256.7 -478.041  40.0936
256.8 -478.229  40.1094
256.9 -478.418  40.1252
257 -478.606  40.1411
257.1 -478.794  40.1569
257.2 -478.983  40.1727
257.3 -479.171  40.1885
257.4 -479.359  40.2044
257.5 -479.547  40.2202
257.6 -479.736  40.236
257.7 -479.924  40.2518
257.8 -480.112  40.2677
257.9 -480.301  40.2835
258 -480.489  40.2993
258.1 -480.677  40.3151
258.2 -480.866  40.331
258.3 -481.054  40.3468
258.4 -481.242  40.3626
258.5 -481.431  40.3784
258.6 -481.619  40.3943
258.7 -481.807  40.4101
258.8 -481.995  40.4259
258.9 -482.184  40.4417
259 -482.372  40.4576
259.1 -482.56  40.4734
259.2 -482.749  40.4892
259.3 -482.937  40.505
259.4 -483.125  40.5209
259.5 -483.314  40.5367
259.6 -483.502  40.5525
259.7 -483.69  40.5683
259.8 -483.879  40.5842
259.9 -484.067  40.6
260 -484.255  40.6158
260.1 -484.443  40.6316
260.2 -484.632  40.6475
260.3 -484.82  40.6633
260.4 -485.008  40.6791
260.5 -485.197  40.695
260.6 -485.385  40.7108
260.7 -485.573  40.7266
260.8 -485.762  40.7424
260.9 -485.95  40.7583
261 -486.138  40.7741
261.1 -486.327  40.7899
261.2 -486.515  40.8057
261.3 -486.703  40.8216
261.4 -486.892  40.8374
261.5 -487.08  40.8532
261.6 -487.268  40.869
261.7 -487.456  40.8849
261.8 -487.645  40.9007
261.9 -487.833  40.9165
262 -488.021  40.9323
262.1 -488.21  40.9482
262.2 -488.398  40.964
262.3 -488.586  40.9798
262.4 -488.775  40.9956
262.5 -488.963  41.0115
262.6 -489.151  41.0273
262.7 -489.34  41.0431
262.8 -489.528  41.0589
262.9 -489.716  41.0748
263 -489.904  41.0906
263.1 -490.093  41.1064
263.2 -490.281  41.1222
263.3 -490.469  41.1381
263.4 -490.658  41.1539
263.5 -490.846  41.1697
263.6 -491.034  41.1855
263.7 -491.223  41.2014
263.8 -491.411  41.2172
263.9 -491.599  41.233
264 -491.788  41.2488
264.1 -491.976  41.2647
264.2 -492.164  41.2805
264.3 -492.352  41.2963
264.4 -492.541  41.3121
264.5 -492.729  41.328
264.6 -492.917  41.3438
264.7 -493.106  41.3596
264.8 -493.294  41.3754
264.9 -493.482  41.3913
265 -493.671  41.4071
265.1 -493.859  41.4229
265.2 -494.047  41.4387
265.3 -494.236  41.4546
265.4 -494.424  41.4704
265.5 -494.612  41.4862
265.6 -494.8  41.502
265.7 -494.989  41.5179
265.8 -495.177  41.5337
265.9 -495.365  41.5495
266 -495.554  41.5653
266.1 -495.742  41.5812
266.2 -495.93  41.597
266.3 -496.119  41.6128
266.4 -496.307  41.6286
266.5 -496.495  41.6445
266.6 -496.684  41.6603
266.7 -496.872  41.6761
266.8 -497.06  41.6919
266.9 -497.249  41.7078
267 -497.437  41.7236
267.1 -497.625  41.7394
267.2 -497.813  41.7552
267.3 -498.002  41.7711
267.4 -498.19  41.7869
267.5 -498.378  41.8027
267.6 -498.567  41.8185
267.7 -498.755  41.8344
267.8 -498.943  41.8502
267.9 -499.132  41.866
268 -499.32  41.8818
268.1 -499.508  41.8977
268.2 -499.697  41.9135
268.3 -499.885  41.9293
268.4 -500.073  41.9451
268.5 -500.261  41.961
268.6 -500.45  41.9768
268.7 -500.638  41.9926
268.8 -500.826  42.0084
268.9 -501.015  42.0243
269 -501.203  42.0401
269.1 -501.391  42.0559
269.2 -501.58  42.0717
269.3 -501.768  42.0876
269.4 -501.956  42.1034
269.5 -502.145  42.1192
269.6 -502.333  42.135
269.7 -502.521  42.1509
269.8 -502.709  42.1667
269.9 -502.898  42.1825
270 -503.086  42.1983
270.1 -503.274  42.2142
270.2 -503.463  42.23
270.3 -503.651  42.2458
270.4 -503.839  42.2616
270.5 -504.028  42.2775
270.6 -504.216  42.2933
270.7 -504.404  42.3091
270.8 -504.593  42.3249
270.9 -504.781  42.3408
271 -504.969  42.3566
271.1 -505.157  42.3724
271.2 -505.346  42.3882
271.3 -505.534  42.4041
271.4 -505.722  42.4199
271.5 -505.911  42.4357
271.6 -506.099  42.4515
271.7 -506.287  42.4674
271.8 -506.476  42.4832
271.9 -506.664  42.499
272 -506.852  42.5148
272.1 -507.041  42.5307
272.2 -507.229  42.5465
272.3 -507.417  42.5623
272.4 -507.605  42.5781
272.5 -507.794  42.594
272.6 -507.982  42.6098
272.7 -508.17  42.6256
272.8 -508.359  42.6414
272.9 -508.547  42.6573
273 -508.735  42.6731
273.1 -508.924  42.6889
273.2 -509.112  42.7047
273.3 -509.3  42.7205
273.4 -509.489  42.7364
273.5 -509.677  42.7522
273.6 -509.865  42.768
273.7 -510.053  42.7838
273.8 -510.242  42.7997
273.9 -510.43  42.8155
274 -510.618  42.8313
274.1 -510.807  42.8471
274.2 -510.995  42.863
274.3 -511.183  42.8788
274.4 -511.372  42.8946
274.5 -511.56  42.9104
274.6 -511.748  42.9263
274.7 -511.937  42.9421
274.8 -512.125  42.9579
274.9 -512.313  42.9737
275 -512.501  42.9896
275.1 -512.69  43.0054
275.2 -512.878  43.0212
275.3 -513.066  43.037
275.4 -513.255  43.0529
275.5 -513.443  43.0687
275.6 -513.631  43.0845
275.7 -513.82  43.1003
275.8 -514.008  43.1162
275.9 -514.196  43.132
276 -514.385  43.1478
276.1 -514.573  43.1636
276.2 -514.761  43.1795
276.3 -514.949  43.1953
276.4 -515.138  43.2111
276.5 -515.326  43.2269
276.6 -515.514  43.2428
276.7 -515.703  43.2586
276.8 -515.891  43.2744
276.9 -516.079  43.2902
277 -516.268  43.306
277.1 -516.456  43.3219
277.2 -516.644  43.3377
277.3 -516.833  43.3535
277.4 -517.021  43.3693
277.5 -517.209  43.3852
277.6 -517.397  43.401
277.7 -517.586  43.4168
277.8 -517.774  43.4326
277.9 -517.962  43.4485
278 -518.151  43.4643
278.1 -518.339  43.4801
278.2 -518.527  43.4959
278.3 -518.716  43.5118
278.4 -518.904  43.5276
278.5 -519.092  43.5434
278.6 -519.281  43.5592
278.7 -519.469  43.5751
278.8 -519.657  43.5909
278.9 -519.845  43.6067
279 -520.034  43.6225
279.1 -520.222  43.6384
279.2 -520.41  43.6542
279.3 -520.599  43.67
279.4 -520.787  43.6858
279.5 -520.975  43.7017
279.6 -521.164  43.7175
279.7 -521.352  43.7333
279.8 -521.54  43.7491
279.9 -521.728  43.7649
280 -521.917  43.7808
280.1 -522.105  43.7966
280.2 -522.293  43.8124
280.3 -522.482  43.8282
280.4 -522.67  43.8441
280.5 -522.858  43.8599
280.6 -523.047  43.8757
280.7 -523.235  43.8915
280.8 -523.423  43.9074
280.9 -523.612  43.9232
281 -523.8  43.939
281.1 -523.988  43.9548
281.2 -524.176  43.9707
281.3 -524.365  43.9865
281.4 -524.553  44.0023
281.5 -524.741  44.0181
281.6 -524.93  44.034
281.7 -525.118  44.0498
281.8 -525.306  44.0656
281.9 -525.495  44.0814
282 -525.683  44.0972
282.1 -525.871  44.1131
282.2 -526.06  44.1289
282.3 -526.248  44.1447
282.4 -526.436  44.1605
282.5 -526.624  44.1764
282.6 -526.813  44.1922
282.7 -527.001  44.208
282.8 -527.189  44.2238
282.9 -527.378  44.2397
283 -527.566  44.2555
283.1 -527.754  44.2713
283.2 -527.943  44.2871
283.3 -528.131  44.303
283.4 -528.319  44.3188
283.5 -528.508  44.3346
283.6 -528.696  44.3504
283.7 -528.884  44.3663
283.8 -529.072  44.3821
283.9 -529.261  44.3979
284 -529.449  44.4137
284.1 -529.637  44.4295
284.2 -529.826  44.4454
284.3 -530.014  44.4612
284.4 -530.202  44.477
284.5 -530.391  44.4928
284.6 -530.579  44.5087
284.7 -530.767  44.5245
284.8 -530.956  44.5403
284.9 -531.144  44.5561
285 -531.332  44.572
285.1 -531.52  44.5878
285.2 -531.709  44.6036
285.3 -531.897  44.6194
285.4 -532.085  44.6353
285.5 -532.274  44.6511
285.6 -532.462  44.6669
285.7 -532.65  44.6827
285.8 -532.839  44.6985
285.9 -533.027  44.7144
286 -533.215  44.7302
286.1 -533.403  44.746
286.2 -533.592  44.7618
286.3 -533.78  44.7777
286.4 -533.968  44.7935
286.5 -534.157  44.8093
286.6 -534.345  44.8251
286.7 -534.533  44.841
286.8 -534.722  44.8568
286.9 -534.91  44.8726
287 -535.098  44.8884
287.1 -535.287  44.9043
287.2 -535.475  44.9201
287.3 -535.663  44.9359
287.4 -535.851  44.9517
287.5 -536.04  44.9675
287.6 -536.228  44.9834
287.7 -536.416  44.9992
287.8 -536.605  45.015
287.9 -536.793  45.0308
288 -536.981  45.0467
288.1 -537.17  45.0625
288.2 -537.358  45.0783
288.3 -537.546  45.0941
288.4 -537.735  45.11
288.5 -537.923  45.1258
288.6 -538.111  45.1416
288.7 -538.299  45.1574
288.8 -538.488  45.1733
288.9 -538.676  45.1891
289 -538.864  45.2049
289.1 -539.053  45.2207
289.2 -539.241  45.2365
289.3 -539.429  45.2524
289.4 -539.618  45.2682
289.5 -539.806  45.284
289.6 -539.994  45.2998
289.7 -540.183  45.3157
289.8 -540.371  45.3315
289.9 -540.559  45.3473
290 -540.747  45.3631
290.1 -540.936  45.379
290.2 -541.124  45.3948
290.3 -541.312  45.4106
290.4 -541.501  45.4264
290.5 -541.689  45.4422
290.6 -541.877  45.4581
290.7 -542.066  45.4739
290.8 -542.254  45.4897
290.9 -542.442  45.5055
291 -542.63  45.5214
291.1 -542.819  45.5372
291.2 -543.007  45.553
291.3 -543.195  45.5688
291.4 -543.384  45.5847
291.5 -543.572  45.6005
291.6 -543.76  45.6163
291.7 -543.949  45.6321
291.8 -544.137  45.6479
291.9 -544.325  45.6638
292 -544.514  45.6796
292.1 -544.702  45.6954
292.2 -544.89  45.7112
292.3 -545.078  45.7271
292.4 -545.267  45.7429
292.5 -545.455  45.7587
292.6 -545.643  45.7745
292.7 -545.832  45.7904
292.8 -546.02  45.8062
292.9 -546.208  45.822
293 -546.397  45.8378
293.1 -546.585  45.8536
293.2 -546.773  45.8695
293.3 -546.961  45.8853
293.4 -547.15  45.9011
293.5 -547.338  45.9169
293.6 -547.526  45.9328
293.7 -547.715  45.9486
293.8 -547.903  45.9644
293.9 -548.091  45.9802
294 -548.28  45.9961
294.1 -548.468  46.0119
294.2 -548.656  46.0277
294.3 -548.845  46.0435
294.4 -549.033  46.0593
294.5 -549.221  46.0752
294.6 -549.409  46.091
294.7 -549.598  46.1068
294.8 -549.786  46.1226
294.9 -549.974  46.1385
295 -550.163  46.1543
295.1 -550.351  46.1701
295.2 -550.539  46.1859
295.3 -550.728  46.2018
295.4 -550.916  46.2176
295.5 -551.104  46.2334
295.6 -551.293  46.2492
295.7 -551.481  46.265
295.8 -551.669  46.2809
295.9 -551.857  46.2967
296 -552.046  46.3125
296.1 -552.234  46.3283
296.2 -552.422  46.3442
296.3 -552.611  46.36
296.4 -552.799  46.3758
296.5 -552.987  46.3916
296.6 -553.176  46.4074
296.7 -553.364  46.4233
296.8 -553.552  46.4391
296.9 -553.74  46.4549
297 -553.929  46.4707
297.1 -554.117  46.4866
297.2 -554.305  46.5024
297.3 -554.494  46.5182
297.4 -554.682  46.534
297.5 -554.87  46.5499
297.6 -555.059  46.5657
297.7 -555.247  46.5815
297.8 -555.435  46.5973
297.9 -555.624  46.6131
298 -555.812  46.629
298.1 -556  46.6448
298.2 -556.188  46.6606
298.3 -556.377  46.6764
298.4 -556.565  46.6923
298.5 -556.753  46.7081
298.6 -556.942  46.7239
298.7 -557.13  46.7397
298.8 -557.318  46.7555
298.9 -557.507  46.7714
299 -557.695  46.7872
299.1 -557.883  46.803
299.2 -558.071  46.8188
299.3 -558.26  46.8347
299.4 -558.448  46.8505
299.5 -558.636  46.8663
299.6 -558.825  46.8821
299.7 -559.013  46.898
299.8 -559.201  46.9138
299.9 -559.39  46.9296
300 -559.578  46.9454
300.1 -559.766  46.9612
300.2 -559.955  46.9771
300.3 -560.143  46.9929
300.4 -560.331  47.0087
300.5 -560.519  47.0245
300.6 -560.708  47.0404
300.7 -560.896  47.0562
300.8 -561.084  47.072
300.9 -561.273  47.0878
301 -561.461  47.1036
301.1 -561.649  47.1195
301.2 -561.838  47.1353
301.3 -562.026  47.1511
301.4 -562.214  47.1669
301.5 -562.402  47.1828
301.6 -562.591  47.1986
301.7 -562.779  47.2144
301.8 -562.967  47.2302
301.9 -563.156  47.246
302 -563.344  47.2619
302.1 -563.532  47.2777
302.2 -563.721  47.2935
302.3 -563.909  47.3093
302.4 -564.097  47.3252
302.5 -564.286  47.341
302.6 -564.474  47.3568
302.7 -564.662  47.3726
302.8 -564.85  47.3884
302.9 -565.039  47.4043
303 -565.227  47.4201
303.1 -565.415  47.4359
303.2 -565.604  47.4517
303.3 -565.792  47.4676
303.4 -565.98  47.4834
303.5 -566.169  47.4992
303.6 -566.357  47.515
303.7 -566.545  47.5308
303.8 -566.733  47.5467
303.9 -566.922  47.5625
304 -567.11  47.5783
304.1 -567.298  47.5941
304.2 -567.487  47.61
304.3 -567.675  47.6258
304.4 -567.863  47.6416
304.5 -568.052  47.6574
304.6 -568.24  47.6732
304.7 -568.428  47.6891
304.8 -568.617  47.7049
304.9 -568.805  47.7207
305 -568.993  47.7365
305.1 -569.181  47.7524
305.2 -569.37  47.7682
305.3 -569.558  47.784
305.4 -569.746  47.7998
305.5 -569.935  47.8156
305.6 -570.123  47.8315
305.7 -570.311  47.8473
305.8 -570.5  47.8631
305.9 -570.688  47.8789
306 -570.876  47.8948
306.1 -571.064  47.9106
306.2 -571.253  47.9264
306.3 -571.441  47.9422
306.4 -571.629  47.958
306.5 -571.818  47.9739
306.6 -572.006  47.9897
306.7 -572.194  48.0055
306.8 -572.383  48.0213
306.9 -572.571  48.0372
307 -572.759  48.053
307.1 -572.948  48.0688
307.2 -573.136  48.0846
307.3 -573.324  48.1004
307.4 -573.512  48.1163
307.5 -573.701  48.1321
307.6 -573.889  48.1479
307.7 -574.077  48.1637
307.8 -574.266  48.1796
307.9 -574.454  48.1954
308 -574.642  48.2112
308.1 -574.831  48.227
308.2 -575.019  48.2428
308.3 -575.207  48.2587
308.4 -575.395  48.2745
308.5 -575.584  48.2903
308.6 -575.772  48.3061
308.7 -575.96  48.322
308.8 -576.149  48.3378
308.9 -576.337  48.3536
309 -576.525  48.3694
309.1 -576.714  48.3852
309.2 -576.902  48.4011
309.3 -577.09  48.4169
309.4 -577.278  48.4327
309.5 -577.467  48.4485
309.6 -577.655  48.4644
309.7 -577.843  48.4802
309.8 -578.032  48.496
309.9 -578.22  48.5118
310 -578.408  48.5276
310.1 -578.597  48.5435
310.2 -578.785  48.5593
310.3 -578.973  48.5751
310.4 -579.162  48.5909
310.5 -579.35  48.6068
310.6 -579.538  48.6226
310.7 -579.726  48.6384
310.8 -579.915  48.6542
310.9 -580.103  48.67
311 -580.291  48.6859
311.1 -580.48  48.7017
311.2 -580.668  48.7175
311.3 -580.856  48.7333
311.4 -581.045  48.7491
311.5 -581.233  48.765
311.6 -581.421  48.7808
311.7 -581.609  48.7966
311.8 -581.798  48.8124
311.9 -581.986  48.8283
312 -582.174  48.8441
312.1 -582.363  48.8599
312.2 -582.551  48.8757
312.3 -582.739  48.8915
312.4 -582.928  48.9074
312.5 -583.116  48.9232
312.6 -583.304  48.939
312.7 -583.492  48.9548
312.8 -583.681  48.9707
312.9 -583.869  48.9865
313 -584.057  49.0023
313.1 -584.246  49.0181
313.2 -584.434  49.0339
313.3 -584.622  49.0498
313.4 -584.811  49.0656
313.5 -584.999  49.0814
313.6 -585.187  49.0972
313.7 -585.376  49.113
313.8 -585.564  49.1289
313.9 -585.752  49.1447
314 -585.94  49.1605
314.1 -586.129  49.1763
314.2 -586.317  49.1922
314.3 -586.505  49.208
314.4 -586.694  49.2238
314.5 -586.882  49.2396
314.6 -587.07  49.2554
314.7 -587.259  49.2713
314.8 -587.447  49.2871
314.9 -587.635  49.3029
315 -587.823  49.3187
315.1 -588.012  49.3346
315.2 -588.2  49.3504
315.3 -588.388  49.3662
315.4 -588.577  49.382
315.5 -588.765  49.3978
315.6 -588.953  49.4137
315.7 -589.142  49.4295
315.8 -589.33  49.4453
315.9 -589.518  49.4611
316 -589.706  49.4769
316.1 -589.895  49.4928
316.2 -590.083  49.5086
316.3 -590.271  49.5244
316.4 -590.46  49.5402
316.5 -590.648  49.5561
316.6 -590.836  49.5719
316.7 -591.025  49.5877
316.8 -591.213  49.6035
316.9 -591.401  49.6193
317 -591.59  49.6352
317.1 -591.778  49.651
317.2 -591.966  49.6668
317.3 -592.154  49.6826
317.4 -592.343  49.6984
317.5 -592.531  49.7143
317.6 -592.719  49.7301
317.7 -592.908  49.7459
317.8 -593.096  49.7617
317.9 -593.284  49.7776
318 -593.473  49.7934
318.1 -593.661  49.8092
318.2 -593.849  49.825
318.3 -594.037  49.8408
318.4 -594.226  49.8567
318.5 -594.414  49.8725
318.6 -594.602  49.8883
318.7 -594.791  49.9041
318.8 -594.979  49.9199
318.9 -595.167  49.9358
319 -595.356  49.9516
319.1 -595.544  49.9674
319.2 -595.732  49.9832
319.3 -595.92  49.9991
319.4 -596.109  50.0149
319.5 -596.297  50.0307
319.6 -596.485  50.0465
319.7 -596.674  50.0623
319.8 -596.862  50.0782
319.9 -597.05  50.094
320 -597.239  50.1098
320.1 -597.427  50.1256
320.2 -597.615  50.1414
320.3 -597.803  50.1573
320.4 -597.992  50.1731
320.5 -598.18  50.1889
320.6 -598.368  50.2047
320.7 -598.557  50.2206
320.8 -598.745  50.2364
320.9 -598.933  50.2522
321 -599.122  50.268
321.1 -599.31  50.2838
321.2 -599.498  50.2997
321.3 -599.687  50.3155
321.4 -599.875  50.3313
321.5 -600.063  50.3471
321.6 -600.251  50.3629
321.7 -600.44  50.3788
321.8 -600.628  50.3946
321.9 -600.816  50.4104
322 -601.005  50.4262
322.1 -601.193  50.442
322.2 -601.381  50.4579
322.3 -601.57  50.4737
322.4 -601.758  50.4895
322.5 -601.946  50.5053
322.6 -602.134  50.5212
322.7 -602.323  50.537
322.8 -602.511  50.5528
322.9 -602.699  50.5686
323 -602.888  50.5844
323.1 -603.076  50.6003
323.2 -603.264  50.6161
323.3 -603.453  50.6319
323.4 -603.641  50.6477
323.5 -603.829  50.6635
323.6 -604.017  50.6794
323.7 -604.206  50.6952
323.8 -604.394  50.711
323.9 -604.582  50.7268
324 -604.771  50.7426
324.1 -604.959  50.7585
324.2 -605.147  50.7743
324.3 -605.336  50.7901
324.4 -605.524  50.8059
324.5 -605.712  50.8218
324.6 -605.9  50.8376
324.7 -606.089  50.8534
324.8 -606.277  50.8692
324.9 -606.465  50.885
325 -606.654  50.9009
325.1 -606.842  50.9167
325.2 -607.03  50.9325
325.3 -607.219  50.9483
325.4 -607.407  50.9641
325.5 -607.595  50.98
325.6 -607.784  50.9958
325.7 -607.972  51.0116
325.8 -608.16  51.0274
325.9 -608.348  51.0432
326 -608.537  51.0591
326.1 -608.725  51.0749
326.2 -608.913  51.0907
326.3 -609.102  51.1065
326.4 -609.29  51.1224
326.5 -609.478  51.1382
326.6 -609.667  51.154
326.7 -609.855  51.1698
326.8 -610.043  51.1856
326.9 -610.231  51.2015
327 -610.42  51.2173
327.1 -610.608  51.2331
327.2 -610.796  51.2489
327.3 -610.985  51.2647
327.4 -611.173  51.2806
327.5 -611.361  51.2964
327.6 -611.55  51.3122
327.7 -611.738  51.328
327.8 -611.926  51.3438
327.9 -612.114  51.3597
328 -612.303  51.3755
328.1 -612.491  51.3913
328.2 -612.679  51.4071
328.3 -612.868  51.423
328.4 -613.056  51.4388
328.5 -613.244  51.4546
328.6 -613.433  51.4704
328.7 -613.621  51.4862
328.8 -613.809  51.5021
328.9 -613.997  51.5179
329 -614.186  51.5337
329.1 -614.374  51.5495
329.2 -614.562  51.5653
329.3 -614.751  51.5812
329.4 -614.939  51.597
329.5 -615.127  51.6128
329.6 -615.316  51.6286
329.7 -615.504  51.6444
329.8 -615.692  51.6603
329.9 -615.88  51.6761
330 -616.069  51.6919
330.1 -616.257  51.7077
330.2 -616.445  51.7235
330.3 -616.634  51.7394
330.4 -616.822  51.7552
330.5 -617.01  51.771
330.6 -617.199  51.7868
330.7 -617.387  51.8027
330.8 -617.575  51.8185
330.9 -617.763  51.8343
331 -617.952  51.8501
331.1 -618.14  51.8659
331.2 -618.328  51.8818
331.3 -618.517  51.8976
331.4 -618.705  51.9134
331.5 -618.893  51.9292
331.6 -619.082  51.945
331.7 -619.27  51.9609
331.8 -619.458  51.9767
331.9 -619.646  51.9925
332 -619.835  52.0083
332.1 -620.023  52.0241
332.2 -620.211  52.04
332.3 -620.4  52.0558
332.4 -620.588  52.0716
332.5 -620.776  52.0874
332.6 -620.965  52.1032
332.7 -621.153  52.1191
332.8 -621.341  52.1349
332.9 -621.53  52.1507
333 -621.718  52.1665
333.1 -621.906  52.1823
333.2 -622.094  52.1982
333.3 -622.283  52.214
333.4 -622.471  52.2298
333.5 -622.659  52.2456
333.6 -622.848  52.2614
333.7 -623.036  52.2773
333.8 -623.224  52.2931
333.9 -623.413  52.3089
334 -623.601  52.3247
334.1 -623.789  52.3406
334.2 -623.977  52.3564
334.3 -624.166  52.3722
334.4 -624.354  52.388
334.5 -624.542  52.4038
334.6 -624.731  52.4197
334.7 -624.919  52.4355
334.8 -625.107  52.4513
334.9 -625.296  52.4671
335 -625.484  52.4829
335.1 -625.672  52.4988
335.2 -625.86  52.5146
335.3 -626.049  52.5304
335.4 -626.237  52.5462
335.5 -626.425  52.562
335.6 -626.614  52.5779
335.7 -626.802  52.5937
335.8 -626.99  52.6095
335.9 -627.179  52.6253
336 -627.367  52.6411
336.1 -627.555  52.657
336.2 -627.743  52.6728
336.3 -627.932  52.6886
336.4 -628.12  52.7044
336.5 -628.308  52.7202
336.6 -628.497  52.7361
336.7 -628.685  52.7519
336.8 -628.873  52.7677
336.9 -629.062  52.7835
337 -629.25  52.7993
337.1 -629.438  52.8152
337.2 -629.626  52.831
337.3 -629.815  52.8468
337.4 -630.003  52.8626
337.5 -630.191  52.8784
337.6 -630.38  52.8943
337.7 -630.568  52.9101
337.8 -630.756  52.9259
337.9 -630.945  52.9417
338 -631.133  52.9575
338.1 -631.321  52.9734
338.2 -631.509  52.9892
338.3 -631.698  53.005
338.4 -631.886  53.0208
338.5 -632.074  53.0367
338.6 -632.263  53.0525
338.7 -632.451  53.0683
338.8 -632.639  53.0841
338.9 -632.828  53.0999
339 -633.016  53.1158
339.1 -633.204  53.1316
339.2 -633.392  53.1474
339.3 -633.581  53.1632
339.4 -633.769  53.179
339.5 -633.957  53.1949
339.6 -634.146  53.2107
339.7 -634.334  53.2265
339.8 -634.522  53.2423
339.9 -634.711  53.2581
340 -634.899  53.274
340.1 -635.087  53.2898
340.2 -635.275  53.3056
340.3 -635.464  53.3214
340.4 -635.652  53.3372
340.5 -635.84  53.3531
340.6 -636.029  53.3689
340.7 -636.217  53.3847
340.8 -636.405  53.4005
340.9 -636.594  53.4163
341 -636.782  53.4322
341.1 -636.97  53.448
341.2 -637.158  53.4638
341.3 -637.347  53.4796
341.4 -637.535  53.4954
341.5 -637.723  53.5113
341.6 -637.912  53.5271
341.7 -638.1  53.5429
341.8 -638.288  53.5587
341.9 -638.477  53.5745
342 -638.665  53.5904
342.1 -638.853  53.6062
342.2 -639.041  53.622
342.3 -639.23  53.6378
342.4 -639.418  53.6536
342.5 -639.606  53.6695
342.6 -639.795  53.6853
342.7 -639.983  53.7011
342.8 -640.171  53.7169
342.9 -640.36  53.7327
343 -640.548  53.7486
343.1 -640.736  53.7644
343.2 -640.924  53.7802
343.3 -641.113  53.796
343.4 -641.301  53.8118
343.5 -641.489  53.8277
343.6 -641.678  53.8435
343.7 -641.866  53.8593
343.8 -642.054  53.8751
343.9 -642.243  53.8909
344 -642.431  53.9068
344.1 -642.619  53.9226
344.2 -642.807  53.9384
344.3 -642.996  53.9542
344.4 -643.184  53.97
344.5 -643.372  53.9859
344.6 -643.561  54.0017
344.7 -643.749  54.0175
344.8 -643.937  54.0333
344.9 -644.126  54.0491
345 -644.314  54.065
345.1 -644.502  54.0808
345.2 -644.69  54.0966
345.3 -644.879  54.1124
345.4 -645.067  54.1282
345.5 -645.255  54.1441
345.6 -645.444  54.1599
345.7 -645.632  54.1757
345.8 -645.82  54.1915
345.9 -646.009  54.2073
346 -646.197  54.2232
346.1 -646.385  54.239
346.2 -646.573  54.2548
346.3 -646.762  54.2706
346.4 -646.95  54.2864
346.5 -647.138  54.3023
346.6 -647.327  54.3181
346.7 -647.515  54.3339
346.8 -647.703  54.3497
346.9 -647.892  54.3655
347 -648.08  54.3814
347.1 -648.268  54.3972
347.2 -648.456  54.413
347.3 -648.645  54.4288
347.4 -648.833  54.4446
347.5 -649.021  54.4605
347.6 -649.21  54.4763
347.7 -649.398  54.4921
347.8 -649.586  54.5079
347.9 -649.775  54.5237
348 -649.963  54.5396
348.1 -650.151  54.5554
348.2 -650.339  54.5712
348.3 -650.528  54.587
348.4 -650.716  54.6028
348.5 -650.904  54.6187
348.6 -651.093  54.6345
348.7 -651.281  54.6503
348.8 -651.469  54.6661
348.9 -651.658  54.6819
349 -651.846  54.6978
349.1 -652.034  54.7136
349.2 -652.222  54.7294
349.3 -652.411  54.7452
349.4 -652.599  54.761
349.5 -652.787  54.7769
349.6 -652.976  54.7927
349.7 -653.164  54.8085
349.8 -653.352  54.8243
349.9 -653.541  54.8401
350 -653.729  54.856
350.1 -653.917  54.8718
350.2 -654.105  54.8876
350.3 -654.294  54.9034
350.4 -654.482  54.9192
350.5 -654.67  54.9351
350.6 -654.859  54.9509
350.7 -655.047  54.9667
350.8 -655.235  54.9825
350.9 -655.424  54.9983
351 -655.612  55.0142
351.1 -655.8  55.03
351.2 -655.988  55.0458
351.3 -656.177  55.0616
351.4 -656.365  55.0774
351.5 -656.553  55.0932
351.6 -656.742  55.1091
351.7 -656.93  55.1249
351.8 -657.118  55.1407
351.9 -657.307  55.1565
352 -657.495  55.1723
352.1 -657.683  55.1882
352.2 -657.871  55.204
352.3 -658.06  55.2198
352.4 -658.248  55.2356
352.5 -658.436  55.2514
352.6 -658.625  55.2673
352.7 -658.813  55.2831
352.8 -659.001  55.2989
352.9 -659.19  55.3147
353 -659.378  55.3305
353.1 -659.566  55.3464
353.2 -659.754  55.3622
353.3 -659.943  55.378
353.4 -660.131  55.3938
353.5 -660.319  55.4096
353.6 -660.508  55.4255
353.7 -660.696  55.4413
353.8 -660.884  55.4571
353.9 -661.073  55.4729
354 -661.261  55.4887
354.1 -661.449  55.5046
354.2 -661.637  55.5204
354.3 -661.826  55.5362
354.4 -662.014  55.552
354.5 -662.202  55.5678
354.6 -662.391  55.5837
354.7 -662.579  55.5995
354.8 -662.767  55.6153
354.9 -662.956  55.6311
355 -663.144  55.6469
355.1 -663.332  55.6628
355.2 -663.52  55.6786
355.3 -663.709  55.6944
355.4 -663.897  55.7102
355.5 -664.085  55.726
355.6 -664.274  55.7419
355.7 -664.462  55.7577
355.8 -664.65  55.7735
355.9 -664.839  55.7893
356 -665.027  55.8051
356.1 -665.215  55.8209
356.2 -665.403  55.8368
356.3 -665.592  55.8526
356.4 -665.78  55.8684
356.5 -665.968  55.8842
356.6 -666.157  55.9
356.7 -666.345  55.9159
356.8 -666.533  55.9317
356.9 -666.722  55.9475
357 -666.91  55.9633
357.1 -667.098  55.9791
357.2 -667.286  55.995
357.3 -667.475  56.0108
357.4 -667.663  56.0266
357.5 -667.851  56.0424
357.6 -668.04  56.0582
357.7 -668.228  56.0741
357.8 -668.416  56.0899
357.9 -668.605  56.1057
358 -668.793  56.1215
358.1 -668.981  56.1373
358.2 -669.169  56.1532
358.3 -669.358  56.169
358.4 -669.546  56.1848
358.5 -669.734  56.2006
358.6 -669.923  56.2164
358.7 -670.111  56.2323
358.8 -670.299  56.2481
358.9 -670.488  56.2639
359 -670.676  56.2797
359.1 -670.864  56.2955
359.2 -671.052  56.3113
359.3 -671.241  56.3272
359.4 -671.429  56.343
359.5 -671.617  56.3588
359.6 -671.806  56.3746
359.7 -671.994  56.3904
359.8 -672.182  56.4063
359.9 -672.371  56.4221
360 -672.559  56.4379
360.1 -672.747  56.4537
360.2 -672.935  56.4695
360.3 -673.124  56.4854
360.4 -673.312  56.5012
360.5 -673.5  56.517
360.6 -673.689  56.5328
360.7 -673.877  56.5486
360.8 -674.065  56.5645
360.9 -674.253  56.5803
361 -674.442  56.5961
361.1 -674.63  56.6119
361.2 -674.818  56.6277
361.3 -675.007  56.6436
361.4 -675.195  56.6594
361.5 -675.383  56.6752
361.6 -675.572  56.691
361.7 -675.76  56.7068
361.8 -675.948  56.7226
361.9 -676.136  56.7385
362 -676.325  56.7543
362.1 -676.513  56.7701
362.2 -676.701  56.7859
362.3 -676.89  56.8017
362.4 -677.078  56.8176
362.5 -677.266  56.8334
362.6 -677.455  56.8492
362.7 -677.643  56.865
362.8 -677.831  56.8808
362.9 -678.019  56.8967
363 -678.208  56.9125
363.1 -678.396  56.9283
363.2 -678.584  56.9441
363.3 -678.773  56.9599
363.4 -678.961  56.9758
363.5 -679.149  56.9916
363.6 -679.338  57.0074
363.7 -679.526  57.0232
363.8 -679.714  57.039
363.9 -679.902  57.0549
364 -680.091  57.0707
364.1 -680.279  57.0865
364.2 -680.467  57.1023
364.3 -680.656  57.1181
364.4 -680.844  57.1339
364.5 -681.032  57.1498
364.6 -681.221  57.1656
364.7 -681.409  57.1814
364.8 -681.597  57.1972
364.9 -681.785  57.213
365 -681.974  57.2289
365.1 -682.162  57.2447
365.2 -682.35  57.2605
365.3 -682.539  57.2763
365.4 -682.727  57.2921
365.5 -682.915  57.308
365.6 -683.104  57.3238
365.7 -683.292  57.3396
365.8 -683.48  57.3554
365.9 -683.668  57.3712
366 -683.857  57.3871
366.1 -684.045  57.4029
366.2 -684.233  57.4187
366.3 -684.422  57.4345
366.4 -684.61  57.4503
366.5 -684.798  57.4661
366.6 -684.987  57.482
366.7 -685.175  57.4978
366.8 -685.363  57.5136
366.9 -685.551  57.5294
367 -685.74  57.5452
367.1 -685.928  57.5611
367.2 -686.116  57.5769
367.3 -686.305  57.5927
367.4 -686.493  57.6085
367.5 -686.681  57.6243
367.6 -686.869  57.6402
367.7 -687.058  57.656
367.8 -687.246  57.6718
367.9 -687.434  57.6876
368 -687.623  57.7034
368.1 -687.811  57.7192
368.2 -687.999  57.7351
368.3 -688.188  57.7509
368.4 -688.376  57.7667
368.5 -688.564  57.7825
368.6 -688.752  57.7983
368.7 -688.941  57.8142
368.8 -689.129  57.83
368.9 -689.317  57.8458
369 -689.506  57.8616
369.1 -689.694  57.8774
369.2 -689.882  57.8933
369.3 -690.071  57.9091
369.4 -690.259  57.9249
369.5 -690.447  57.9407
369.6 -690.635  57.9565
369.7 -690.824  57.9724
369.8 -691.012  57.9882
369.9 -691.2  58.004
370 -691.389  58.0198
370.1 -691.577  58.0356
370.2 -691.765  58.0514
370.3 -691.954  58.0673
370.4 -692.142  58.0831
370.5 -692.33  58.0989
370.6 -692.518  58.1147
370.7 -692.707  58.1305
370.8 -692.895  58.1464
370.9 -693.083  58.1622
371 -693.272  58.178
371.1 -693.46  58.1938
371.2 -693.648  58.2096
371.3 -693.837  58.2255
371.4 -694.025  58.2413
371.5 -694.213  58.2571
371.6 -694.401  58.2729
371.7 -694.59  58.2887
371.8 -694.778  58.3045
371.9 -694.966  58.3204
372 -695.155  58.3362
372.1 -695.343  58.352
372.2 -695.531  58.3678
372.3 -695.72  58.3836
372.4 -695.908  58.3995
372.5 -696.096  58.4153
372.6 -696.284  58.4311
372.7 -696.473  58.4469
372.8 -696.661  58.4627
372.9 -696.849  58.4786
373 -697.038  58.4944
373.1 -697.226  58.5102
373.2 -697.414  58.526
373.3 -697.602  58.5418
373.4 -697.791  58.5576
373.5 -697.979  58.5735
373.6 -698.167  58.5893
373.7 -698.356  58.6051
373.8 -698.544  58.6209
373.9 -698.732  58.6367
374 -698.921  58.6526
374.1 -699.109  58.6684
374.2 -699.297  58.6842
374.3 -699.485  58.7
374.4 -699.674  58.7158
374.5 -699.862  58.7317
374.6 -700.05  58.7475
374.7 -700.239  58.7633
374.8 -700.427  58.7791
374.9 -700.615  58.7949
375 -700.804  58.8107
375.1 -700.992  58.8266
375.2 -701.18  58.8424
375.3 -701.368  58.8582
375.4 -701.557  58.874
375.5 -701.745  58.8898
375.6 -701.933  58.9057
375.7 -702.122  58.9215
375.8 -702.31  58.9373
375.9 -702.498  58.9531
376 -702.687  58.9689
376.1 -702.875  58.9847
376.2 -703.063  59.0006
376.3 -703.251  59.0164
376.4 -703.44  59.0322
376.5 -703.628  59.048
376.6 -703.816  59.0638
376.7 -704.005  59.0797
376.8 -704.193  59.0955
376.9 -704.381  59.1113
377 -704.57  59.1271
377.1 -704.758  59.1429
377.2 -704.946  59.1588
377.3 -705.134  59.1746
377.4 -705.323  59.1904
377.5 -705.511  59.2062
377.6 -705.699  59.222
377.7 -705.888  59.2378
377.8 -706.076  59.2537
377.9 -706.264  59.2695
378 -706.452  59.2853
378.1 -706.641  59.3011
378.2 -706.829  59.3169
378.3 -707.017  59.3328
378.4 -707.206  59.3486
378.5 -707.394  59.3644
378.6 -707.582  59.3802
378.7 -707.771  59.396
378.8 -707.959  59.4118
378.9 -708.147  59.4277
379 -708.335  59.4435
379.1 -708.524  59.4593
379.2 -708.712  59.4751
379.3 -708.9  59.4909
379.4 -709.089  59.5068
379.5 -709.277  59.5226
379.6 -709.465  59.5384
379.7 -709.654  59.5542
379.8 -709.842  59.57
379.9 -710.03  59.5859
380 -710.218  59.6017
380.1 -710.407  59.6175
380.2 -710.595  59.6333
380.3 -710.783  59.6491
380.4 -710.972  59.6649
380.5 -711.16  59.6808
380.6 -711.348  59.6966
380.7 -711.537  59.7124
380.8 -711.725  59.7282
380.9 -711.913  59.744
381 -712.101  59.7599
381.1 -712.29  59.7757
381.2 -712.478  59.7915
381.3 -712.666  59.8073
381.4 -712.855  59.8231
381.5 -713.043  59.8389
381.6 -713.231  59.8548
381.7 -713.419  59.8706
381.8 -713.608  59.8864
381.9 -713.796  59.9022
382 -713.984  59.918
382.1 -714.173  59.9339
382.2 -714.361  59.9497
382.3 -714.549  59.9655
382.4 -714.738  59.9813
382.5 -714.926  59.9971
382.6 -715.114  60.0129
382.7 -715.302  60.0288
382.8 -715.491  60.0446
382.9 -715.679  60.0604
383 -715.867  60.0762
383.1 -716.056  60.092
383.2 -716.244  60.1079
383.3 -716.432  60.1237
383.4 -716.621  60.1395
383.5 -716.809  60.1553
383.6 -716.997  60.1711
383.7 -717.185  60.1869
383.8 -717.374  60.2028
383.9 -717.562  60.2186
384 -717.75  60.2344
384.1 -717.939  60.2502
384.2 -718.127  60.266
384.3 -718.315  60.2819
384.4 -718.504  60.2977
384.5 -718.692  60.3135
384.6 -718.88  60.3293
384.7 -719.068  60.3451
384.8 -719.257  60.3609
384.9 -719.445  60.3768
385 -719.633  60.3926
385.1 -719.822  60.4084
385.2 -720.01  60.4242
385.3 -720.198  60.44
385.4 -720.386  60.4559
385.5 -720.575  60.4717
385.6 -720.763  60.4875
385.7 -720.951  60.5033
385.8 -721.14  60.5191
385.9 -721.328  60.5349
386 -721.516  60.5508
386.1 -721.705  60.5666
386.2 -721.893  60.5824
386.3 -722.081  60.5982
386.4 -722.269  60.614
386.5 -722.458  60.6299
386.6 -722.646  60.6457
386.7 -722.834  60.6615
386.8 -723.023  60.6773
386.9 -723.211  60.6931
387 -723.399  60.7089
387.1 -723.588  60.7248
387.2 -723.776  60.7406
387.3 -723.964  60.7564
387.4 -724.152  60.7722
387.5 -724.341  60.788
387.6 -724.529  60.8039
387.7 -724.717  60.8197
387.8 -724.906  60.8355
387.9 -725.094  60.8513
388 -725.282  60.8671
388.1 -725.47  60.8829
388.2 -725.659  60.8988
388.3 -725.847  60.9146
388.4 -726.035  60.9304
388.5 -726.224  60.9462
388.6 -726.412  60.962
388.7 -726.6  60.9779
388.8 -726.789  60.9937
388.9 -726.977  61.0095
389 -727.165  61.0253
389.1 -727.353  61.0411
389.2 -727.542  61.0569
389.3 -727.73  61.0728
389.4 -727.918  61.0886
389.5 -728.107  61.1044
389.6 -728.295  61.1202
389.7 -728.483  61.136
389.8 -728.672  61.1519
389.9 -728.86  61.1677
390 -729.048  61.1835
390.1 -729.236  61.1993
390.2 -729.425  61.2151
390.3 -729.613  61.2309
390.4 -729.801  61.2468
390.5 -729.99  61.2626
390.6 -730.178  61.2784
390.7 -730.366  61.2942
390.8 -730.555  61.31
390.9 -730.743  61.3259
391 -730.931  61.3417
391.1 -731.119  61.3575
391.2 -731.308  61.3733
391.3 -731.496  61.3891
391.4 -731.684  61.4049
391.5 -731.873  61.4208
391.6 -732.061  61.4366
391.7 -732.249  61.4524
391.8 -732.437  61.4682
391.9 -732.626  61.484
392 -732.814  61.4999
392.1 -733.002  61.5157
392.2 -733.191  61.5315
392.3 -733.379  61.5473
392.4 -733.567  61.5631
392.5 -733.756  61.5789
392.6 -733.944  61.5948
392.7 -734.132  61.6106
392.8 -734.32  61.6264
392.9 -734.509  61.6422
393 -734.697  61.658
393.1 -734.885  61.6738
393.2 -735.074  61.6897
393.3 -735.262  61.7055
393.4 -735.45  61.7213
393.5 -735.639  61.7371
393.6 -735.827  61.7529
393.7 -736.015  61.7688
393.8 -736.203  61.7846
393.9 -736.392  61.8004
394 -736.58  61.8162
394.1 -736.768  61.832
394.2 -736.957  61.8478
394.3 -737.145  61.8637
394.4 -737.333  61.8795
394.5 -737.521  61.8953
394.6 -737.71  61.9111
394.7 -737.898  61.9269
394.8 -738.086  61.9428
394.9 -738.275  61.9586
395 -738.463  61.9744
395.1 -738.651  61.9902
395.2 -738.84  62.006
395.3 -739.028  62.0218
395.4 -739.216  62.0377
395.5 -739.404  62.0535
395.6 -739.593  62.0693
395.7 -739.781  62.0851
395.8 -739.969  62.1009
395.9 -740.158  62.1167
396 -740.346  62.1326
396.1 -740.534  62.1484
396.2 -740.723  62.1642
396.3 -740.911  62.18
396.4 -741.099  62.1958
396.5 -741.287  62.2117
396.6 -741.476  62.2275
396.7 -741.664  62.2433
396.8 -741.852  62.2591
396.9 -742.041  62.2749
397 -742.229  62.2907
397.1 -742.417  62.3066
397.2 -742.605  62.3224
397.3 -742.794  62.3382
397.4 -742.982  62.354
397.5 -743.17  62.3698
397.6 -743.359  62.3856
397.7 -743.547  62.4015
397.8 -743.735  62.4173
397.9 -743.924  62.4331
398 -744.112  62.4489
398.1 -744.3  62.4647
398.2 -744.488  62.4806
398.3 -744.677  62.4964
398.4 -744.865  62.5122
398.5 -745.053  62.528
398.6 -745.242  62.5438
398.7 -745.43  62.5596
398.8 -745.618  62.5755
398.9 -745.807  62.5913
399 -745.995  62.6071
399.1 -746.183  62.6229
399.2 -746.371  62.6387
399.3 -746.56  62.6546
399.4 -746.748  62.6704
399.5 -746.936  62.6862
399.6 -747.125  62.702
399.7 -747.313  62.7178
399.8 -747.501  62.7336
399.9 -747.689  62.7495
