0 -0.999991  -0.999144
0.01 -0.999962  -0.998078
0.02 -0.999916  -0.996967
0.03 -0.99985  -0.995811
0.04 -0.999766  -0.994611
0.05 -0.999662  -0.993366
0.06 -0.999541  -0.992076
0.07 -0.9994  -0.990742
0.08 -0.999241  -0.989363
0.09 -0.999062  -0.987939
0.1 -0.998865  -0.986471
0.11 -0.99865  -0.984957
0.12 -0.998415  -0.983399
0.13 -0.998162  -0.981795
0.14 -0.99789  -0.980147
0.15 -0.997599  -0.978453
0.16 -0.997289  -0.976714
0.17 -0.996961  -0.97493
0.18 -0.996613  -0.9731
0.19 -0.996247  -0.971225
0.2 -0.995862  -0.969304
0.21 -0.995458  -0.967338
0.22 -0.995035  -0.965325
0.23 -0.994594  -0.963267
0.24 -0.994133  -0.961163
0.25 -0.993654  -0.959013
0.26 -0.993156  -0.956817
0.27 -0.992639  -0.954575
0.28 -0.992103  -0.952286
0.29 -0.991547  -0.94995
0.3 -0.990974  -0.947568
0.31 -0.990381  -0.945139
0.32 -0.989769  -0.942663
0.33 -0.989138  -0.940141
0.34 -0.988488  -0.937571
0.35 -0.987819  -0.934953
0.36 -0.987131  -0.932288
0.37 -0.986424  -0.929576
0.38 -0.985698  -0.926816
0.39 -0.984953  -0.924007
0.4 -0.984188  -0.921151
0.41 -0.983405  -0.918246
0.42 -0.982603  -0.915293
0.43 -0.981781  -0.912291
0.44 -0.98094  -0.909241
0.45 -0.98008  -0.906141
0.46 -0.979201  -0.902992
0.47 -0.978302  -0.899794
0.48 -0.977385  -0.896546
0.49 -0.976448  -0.893248
0.5 -0.975491  -0.8899
0.51 -0.974516  -0.886501
0.52 -0.973521  -0.883053
0.53 -0.972507  -0.879553
0.54 -0.971473  -0.876002
0.55 -0.97042  -0.8724
0.56 -0.969347  -0.868747
0.57 -0.968255  -0.865042
0.58 -0.967144  -0.861285
0.59 -0.966013  -0.857475
0.6 -0.964863  -0.853613
0.61 -0.963693  -0.849698
0.62 -0.962503  -0.845729
0.63 -0.961294  -0.841707
0.64 -0.960065  -0.837632
0.65 -0.958817  -0.833502
0.66 -0.957549  -0.829318
0.67 -0.956261  -0.825079
0.68 -0.954954  -0.820785
0.69 -0.953627  -0.816435
0.7 -0.95228  -0.812029
0.71 -0.950913  -0.807567
0.72 -0.949526  -0.803049
0.73 -0.94812  -0.798474
0.74 -0.946693  -0.793841
0.75 -0.945247  -0.78915
0.76 -0.943781  -0.784401
0.77 -0.942295  -0.779593
0.78 -0.940789  -0.774727
0.79 -0.939263  -0.7698
0.8 -0.937716  -0.764814
0.81 -0.93615  -0.759767
0.82 -0.934564  -0.754659
0.83 -0.932957  -0.74949
0.84 -0.931331  -0.744258
0.85 -0.929684  -0.738964
0.86 -0.928017  -0.733606
0.87 -0.926329  -0.728185
0.88 -0.924622  -0.7227
0.89 -0.922894  -0.717149
0.9 -0.921146  -0.711534
0.91 -0.919378  -0.705852
0.92 -0.917589  -0.700103
0.93 -0.91578  -0.694286
0.94 -0.91395  -0.688402
0.95 -0.9121  -0.682449
0.96 -0.910229  -0.676426
0.97 -0.908338  -0.670332
0.98 -0.906427  -0.664168
0.99 -0.904495  -0.657931
1 -0.902543  -0.651622
1.01 -0.900569  -0.645239
1.02 -0.898576  -0.638782
1.03 -0.896562  -0.632249
1.04 -0.894527  -0.62564
1.05 -0.892472  -0.618953
1.06 -0.890396  -0.612188
1.07 -0.888299  -0.605344
1.08 -0.886182  -0.598419
1.09 -0.884044  -0.591413
1.1 -0.881885  -0.584324
1.11 -0.879706  -0.577151
1.12 -0.877507  -0.569894
1.13 -0.875286  -0.562549
1.14 -0.873045  -0.555118
1.15 -0.870784  -0.547597
1.16 -0.868502  -0.539985
1.17 -0.866199  -0.532282
1.18 -0.863876  -0.524485
1.19 -0.861532  -0.516593
1.2 -0.859168  -0.508605
1.21 -0.856783  -0.500518
1.22 -0.854379  -0.492331
1.23 -0.851953  -0.484042
1.24 -0.849508  -0.475648
1.25 -0.847042  -0.467149
1.26 -0.844557  -0.458542
1.27 -0.842051  -0.449824
1.28 -0.839525  -0.440993
1.29 -0.83698  -0.432048
1.3 -0.834415  -0.422984
1.31 -0.83183  -0.4138
1.32 -0.829226  -0.404494
1.33 -0.826603  -0.395061
1.34 -0.823961  -0.385498
1.35 -0.821299  -0.375804
1.36 -0.81862  -0.365973
1.37 -0.815921  -0.356003
1.38 -0.813205  -0.34589
1.39 -0.810471  -0.335629
1.4 -0.807719  -0.325217
1.41 -0.80495  -0.314648
1.42 -0.802164  -0.303918
1.43 -0.799362  -0.293022
1.44 -0.796544  -0.281955
1.45 -0.793711  -0.270709
1.46 -0.790863  -0.25928
1.47 -0.788  -0.24766
1.48 -0.785125  -0.235842
1.49 -0.782236  -0.223818
1.5 -0.779336  -0.21158
1.51 -0.776425  -0.199119
1.52 -0.773505  -0.186424
1.53 -0.770575  -0.173486
1.54 -0.767639  -0.160291
1.55 -0.764698  -0.146828
1.56 -0.761752  -0.133082
1.57 -0.758805  -0.119037
1.58 -0.755859  -0.104675
1.59 -0.752916  -0.089978
1.6 -0.74998  -0.0749229
1.61 -0.747054  -0.0594853
1.62 -0.744142  -0.0436371
1.63 -0.741249  -0.027346
1.64 -0.738382  -0.010575
1.65 -0.735548  0.00671932
1.66 -0.732756  0.0245881
1.67 -0.730016  0.0430924
1.68 -0.727343  0.0623061
1.69 -0.724756  0.0823205
1.7 -0.722277  0.103251
1.71 -0.71994  0.125245
1.72 -0.717791  0.148503
1.73 -0.7159  0.1733
1.74 -0.714376  0.200048
1.75 -0.713415  0.229401
1.76 -0.713416  0.262556
1.77 -0.715479  0.302269
1.78 -0.726386  0.360309
1.79 -0.861868  0.48656
1.8 -0.992838  0.607302
1.81 -1.12326  0.727543
1.82 -1.25344  0.847577
1.83 -1.38349  0.967494
1.84 -1.51344  1.08733
1.85 -1.64333  1.20712
1.86 -1.77316  1.32686
1.87 -1.90295  1.44657
1.88 -2.03271  1.56626
1.89 -2.16244  1.68592
1.9 -2.29214  1.80556
1.91 -2.42182  1.92518
1.92 -2.55148  2.04479
1.93 -2.68112  2.16438
1.94 -2.81074  2.28396
1.95 -2.94035  2.40353
1.96 -3.06995  2.52309
1.97 -3.19953  2.64264
1.98 -3.3291  2.76218
1.99 -3.45866  2.88171
2 -3.58821  3.00124
2.01 -3.71776  3.12076
2.02 -3.84729  3.24027
2.03 -3.97681  3.35977
2.04 -4.10633  3.47927
2.05 -4.23584  3.59877
2.06 -4.36534  3.71825
2.07 -4.49484  3.83774
2.08 -4.62433  3.95722
2.09 -4.75382  4.07669
2.1 -4.8833  4.19616
2.11 -5.01277  4.31562
2.12 -5.14224  4.43509
2.13 -5.2717  4.55454
2.14 -5.40116  4.674
2.15 -5.53062  4.79345
2.16 -5.66007  4.9129
2.17 -5.78951  5.03234
2.18 -5.91896  5.15178
2.19 -6.0484  5.27122
2.2 -6.17783  5.39065
2.21 -6.30727  5.51008
2.22 -6.4367  5.62951
2.23 -6.56612  5.74894
2.24 -6.69554  5.86837
2.25 -6.82496  5.98779
2.26 -6.95438  6.10721
2.27 -7.0838  6.22662
2.28 -7.21321  6.34604
2.29 -7.34262  6.46545
2.3 -7.47202  6.58486
2.31 -7.60143  6.70427
2.32 -7.73083  6.82368
2.33 -7.86023  6.94309
2.34 -7.98963  7.06249
2.35 -8.11902  7.18189
2.36 -8.24842  7.30129
2.37 -8.37781  7.42069
2.38 -8.5072  7.54008
2.39 -8.63659  7.65948
2.4 -8.76597  7.77887
2.41 -8.89536  7.89827
2.42 -9.02474  8.01766
2.43 -9.15412  8.13704
2.44 -9.2835  8.25643
2.45 -9.41288  8.37582
2.46 -9.54225  8.4952
2.47 -9.67163  8.61459
2.48 -9.801  8.73397
2.49 -9.93037  8.85335
2.5 -10.0597  8.97273
2.51 -10.1891  9.09211
2.52 -10.3185  9.21149
2.53 -10.4478  9.33086
2.54 -10.5772  9.45024
2.55 -10.7066  9.56961
2.56 -10.8359  9.68899
2.57 -10.9653  9.80836
2.58 -11.0947  9.92773
2.59 -11.224  10.0471
2.6 -11.3534  10.1665
2.61 -11.4827  10.2858
2.62 -11.6121  10.4052
2.63 -11.7414  10.5246
2.64 -11.8708  10.6439
2.65 -12.0001  10.7633
2.66 -12.1295  10.8827
2.67 -12.2588  11.002
2.68 -12.3882  11.1214
2.69 -12.5175  11.2408
2.7 -12.6469  11.3601
2.71 -12.7762  11.4795
2.72 -12.9056  11.5988
2.73 -13.0349  11.7182
2.74 -13.1643  11.8375
2.75 -13.2936  11.9569
2.76 -13.423  12.0763
2.77 -13.5523  12.1956
2.78 -13.6816  12.315
2.79 -13.811  12.4343
2.8 -13.9403  12.5537
2.81 -14.0697  12.673
2.82 -14.199  12.7924
2.83 -14.3283  12.9117
2.84 -14.4577  13.0311
2.85 -14.587  13.1504
2.86 -14.7163  13.2698
2.87 -14.8457  13.3891
2.88 -14.975  13.5085
2.89 -15.1043  13.6278
2.9 -15.2337  13.7472
2.91 -15.363  13.8665
2.92 -15.4923  13.9859
2.93 -15.6217  14.1052
2.94 -15.751  14.2246
2.95 -15.8803  14.3439
2.96 -16.0097  14.4632
2.97 -16.139  14.5826
2.98 -16.2683  14.7019
2.99 -16.3976  14.8213
3 -16.527  14.9406
3.01 -16.6563  15.06
3.02 -16.7856  15.1793
3.03 -16.915  15.2986
3.04 -17.0443  15.418
3.05 -17.1736  15.5373
3.06 -17.3029  15.6567
3.07 -17.4322  15.776
3.08 -17.5616  15.8953
3.09 -17.6909  16.0147
3.1 -17.8202  16.134
3.11 -17.9495  16.2533
3.12 -18.0789  16.3727
3.13 -18.2082  16.492
3.14 -18.3375  16.6114
3.15 -18.4668  16.7307
3.16 -18.5961  16.85
3.17 -18.7255  16.9694
3.18 -18.8548  17.0887
3.19 -18.9841  17.208
3.2 -19.1134  17.3274
3.21 -19.2427  17.4467
3.22 -19.372  17.566
3.23 -19.5014  17.6854
3.24 -19.6307  17.8047
3.25 -19.76  17.924
3.26 -19.8893  18.0434
3.27 -20.0186  18.1627
3.28 -20.1479  18.282
3.29 -20.2772  18.4013
3.3 -20.4066  18.5207
3.31 -20.5359  18.64
3.32 -20.6652  18.7593
3.33 -20.7945  18.8787
3.34 -20.9238  18.998
3.35 -21.0531  19.1173
3.36 -21.1824  19.2366
3.37 -21.3117  19.356
3.38 -21.4411  19.4753
3.39 -21.5704  19.5946
3.4 -21.6997  19.714
3.41 -21.829  19.8333
3.42 -21.9583  19.9526
3.43 -22.0876  20.0719
3.44 -22.2169  20.1913
3.45 -22.3462  20.3106
3.46 -22.4755  20.4299
3.47 -22.6048  20.5492
3.48 -22.7342  20.6686
3.49 -22.8635  20.7879
3.5 -22.9928  20.9072
3.51 -23.1221  21.0265
3.52 -23.2514  21.1459
3.53 -23.3807  21.2652
3.54 -23.51  21.3845
3.55 -23.6393  21.5038
3.56 -23.7686  21.6232
3.57 -23.8979  21.7425
3.58 -24.0272  21.8618
3.59 -24.1565  21.9811
3.6 -24.2858  22.1004
3.61 -24.4151  22.2198
3.62 -24.5444  22.3391
3.63 -24.6737  22.4584
3.64 -24.803  22.5777
3.65 -24.9323  22.697
3.66 -25.0617  22.8164
3.67 -25.191  22.9357
3.68 -25.3203  23.055
3.69 -25.4496  23.1743
3.7 -25.5789  23.2936
3.71 -25.7082  23.413
3.72 -25.8375  23.5323
3.73 -25.9668  23.6516
3.74 -26.0961  23.7709
3.75 -26.2254  23.8902
3.76 -26.3547  24.0096
3.77 -26.484  24.1289
3.78 -26.6133  24.2482
3.79 -26.7426  24.3675
3.8 -26.8719  24.4868
3.81 -27.0012  24.6061
3.82 -27.1305  24.7255
3.83 -27.2598  24.8448
3.84 -27.3891  24.9641
3.85 -27.5184  25.0834
3.86 -27.6477  25.2027
3.87 -27.777  25.322
3.88 -27.9063  25.4414
3.89 -28.0356  25.5607
3.9 -28.1649  25.68
3.91 -28.2942  25.7993
3.92 -28.4235  25.9186
3.93 -28.5528  26.0379
3.94 -28.6821  26.1572
3.95 -28.8114  26.2766
3.96 -28.9406  26.3959
3.97 -29.0699  26.5152
3.98 -29.1992  26.6345
3.99 -29.3285  26.7538
4 -29.4578  26.8731
4.01 -29.5871  26.9924
4.02 -29.7164  27.1118
4.03 -29.8457  27.2311
4.04 -29.975  27.3504
4.05 -30.1043  27.4697
4.06 -30.2336  27.589
4.07 -30.3629  27.7083
4.08 -30.4922  27.8276
4.09 -30.6215  27.947
4.1 -30.7508  28.0663
4.11 -30.8801  28.1856
4.12 -31.0094  28.3049
4.13 -31.1387  28.4242
4.14 -31.268  28.5435
4.15 -31.3973  28.6628
4.16 -31.5266  28.7821
4.17 -31.6558  28.9014
4.18 -31.7851  29.0208
4.19 -31.9144  29.1401
4.2 -32.0437  29.2594
4.21 -32.173  29.3787
4.22 -32.3023  29.498
4.23 -32.4316  29.6173
4.24 -32.5609  29.7366
4.25 -32.6902  29.8559
4.26 -32.8195  29.9752
4.27 -32.9488  30.0945
4.28 -33.0781  30.2139
4.29 -33.2074  30.3332
4.3 -33.3366  30.4525
4.31 -33.4659  30.5718
4.32 -33.5952  30.6911
4.33 -33.7245  30.8104
4.34 -33.8538  30.9297
4.35 -33.9831  31.049
4.36 -34.1124  31.1683
4.37 -34.2417  31.2876
4.38 -34.371  31.4069
4.39 -34.5003  31.5263
4.4 -34.6296  31.6456
4.41 -34.7588  31.7649
4.42 -34.8881  31.8842
4.43 -35.0174  32.0035
4.44 -35.1467  32.1228
4.45 -35.276  32.2421
4.46 -35.4053  32.3614
4.47 -35.5346  32.4807
4.48 -35.6639  32.6
4.49 -35.7932  32.7193
4.5 -35.9225  32.8386
4.51 -36.0517  32.9579
4.52 -36.181  33.0773
4.53 -36.3103  33.1966
4.54 -36.4396  33.3159
4.55 -36.5689  33.4352
4.56 -36.6982  33.5545
4.57 -36.8275  33.6738
4.58 -36.9568  33.7931
4.59 -37.0861  33.9124
4.6 -37.2153  34.0317
4.61 -37.3446  34.151
4.62 -37.4739  34.2703
4.63 -37.6032  34.3896
4.64 -37.7325  34.5089
4.65 -37.8618  34.6282
4.66 -37.9911  34.7475
4.67 -38.1204  34.8668
4.68 -38.2496  34.9861
4.69 -38.3789  35.1055
4.7 -38.5082  35.2248
4.71 -38.6375  35.3441
4.72 -38.7668  35.4634
4.73 -38.8961  35.5827
4.74 -39.0254  35.702
4.75 -39.1546  35.8213
4.76 -39.2839  35.9406
4.77 -39.4132  36.0599
4.78 -39.5425  36.1792
4.79 -39.6718  36.2985
4.8 -39.8011  36.4178
4.81 -39.9304  36.5371
4.82 -40.0596  36.6564
4.83 -40.1889  36.7757
4.84 -40.3182  36.895
4.85 -40.4475  37.0143
4.86 -40.5768  37.1336
4.87 -40.7061  37.2529
4.88 -40.8354  37.3722
4.89 -40.9646  37.4915
4.9 -41.0939  37.6108
4.91 -41.2232  37.7301
4.92 -41.3525  37.8494
4.93 -41.4818  37.9687
4.94 -41.6111  38.0881
4.95 -41.7404  38.2074
4.96 -41.8696  38.3267
4.97 -41.9989  38.446
4.98 -42.1282  38.5653
4.99 -42.2575  38.6846
5 -42.3868  38.8039
5.01 -42.5161  38.9232
5.02 -42.6453  39.0425
5.03 -42.7746  39.1618
5.04 -42.9039  39.2811
5.05 -43.0332  39.4004
5.06 -43.1625  39.5197
5.07 -43.2918  39.639
5.08 -43.421  39.7583
5.09 -43.5503  39.8776
5.1 -43.6796  39.9969
5.11 -43.8089  40.1162
5.12 -43.9382  40.2355
5.13 -44.0675  40.3548
5.14 -44.1967  40.4741
5.15 -44.326  40.5934
5.16 -44.4553  40.7127
5.17 -44.5846  40.832
5.18 -44.7139  40.9513
5.19 -44.8432  41.0706
5.2 -44.9724  41.1899
5.21 -45.1017  41.3092
5.22 -45.231  41.4285
5.23 -45.3603  41.5478
5.24 -45.4896  41.6671
5.25 -45.6189  41.7864
5.26 -45.7481  41.9057
5.27 -45.8774  42.025
5.28 -46.0067  42.1443
5.29 -46.136  42.2636
5.3 -46.2653  42.3829
5.31 -46.3945  42.5022
5.32 -46.5238  42.6215
5.33 -46.6531  42.7408
5.34 -46.7824  42.8601
5.35 -46.9117  42.9794
5.36 -47.041  43.0987
5.37 -47.1702  43.218
5.38 -47.2995  43.3373
5.39 -47.4288  43.4566
5.4 -47.5581  43.5759
5.41 -47.6874  43.6952
5.42 -47.8166  43.8145
5.43 -47.9459  43.9338
5.44 -48.0752  44.0531
5.45 -48.2045  44.1724
5.46 -48.3338  44.2917
5.47 -48.463  44.411
5.48 -48.5923  44.5303
5.49 -48.7216  44.6496
5.5 -48.8509  44.7689
5.51 -48.9802  44.8882
5.52 -49.1094  45.0075
5.53 -49.2387  45.1268
5.54 -49.368  45.2461
5.55 -49.4973  45.3654
5.56 -49.6266  45.4847
5.57 -49.7558  45.604
5.58 -49.8851  45.7233
5.59 -50.0144  45.8426
5.6 -50.1437  45.9619
5.61 -50.273  46.0812
5.62 -50.4022  46.2005
5.63 -50.5315  46.3198
5.64 -50.6608  46.4391
5.65 -50.7901  46.5584
5.66 -50.9194  46.6777
5.67 -51.0486  46.797
5.68 -51.1779  46.9163
5.69 -51.3072  47.0356
5.7 -51.4365  47.1548
5.71 -51.5658  47.2741
5.72 -51.695  47.3934
5.73 -51.8243  47.5127
5.74 -51.9536  47.632
5.75 -52.0829  47.7513
5.76 -52.2122  47.8706
5.77 -52.3414  47.9899
5.78 -52.4707  48.1092
5.79 -52.6  48.2285
5.8 -52.7293  48.3478
5.81 -52.8585  48.4671
5.82 -52.9878  48.5864
5.83 -53.1171  48.7057
5.84 -53.2464  48.825
5.85 -53.3757  48.9443
5.86 -53.5049  49.0636
5.87 -53.6342  49.1829
5.88 -53.7635  49.3022
5.89 -53.8928  49.4215
5.9 -54.0221  49.5408
5.91 -54.1513  49.6601
5.92 -54.2806  49.7794
5.93 -54.4099  49.8987
5.94 -54.5392  50.018
5.95 -54.6684  50.1373
5.96 -54.7977  50.2566
5.97 -54.927  50.3759
5.98 -55.0563  50.4952
5.99 -55.1856  50.6145
6 -55.3148  50.7338
6.01 -55.4441  50.853
6.02 -55.5734  50.9723
6.03 -55.7027  51.0916
6.04 -55.8319  51.2109
6.05 -55.9612  51.3302
6.06 -56.0905  51.4495
6.07 -56.2198  51.5688
6.08 -56.349  51.6881
6.09 -56.4783  51.8074
6.1 -56.6076  51.9267
6.11 -56.7369  52.046
6.12 -56.8662  52.1653
6.13 -56.9954  52.2846
6.14 -57.1247  52.4039
6.15 -57.254  52.5232
6.16 -57.3833  52.6425
6.17 -57.5125  52.7618
6.18 -57.6418  52.8811
6.19 -57.7711  53.0004
6.2 -57.9004  53.1197
6.21 -58.0296  53.239
6.22 -58.1589  53.3583
6.23 -58.2882  53.4775
6.24 -58.4175  53.5968
6.25 -58.5468  53.7161
6.26 -58.676  53.8354
6.27 -58.8053  53.9547
6.28 -58.9346  54.074
6.29 -59.0639  54.1933
6.3 -59.1931  54.3126
6.31 -59.3224  54.4319
6.32 -59.4517  54.5512
6.33 -59.581  54.6705
6.34 -59.7102  54.7898
6.35 -59.8395  54.9091
6.36 -59.9688  55.0284
6.37 -60.0981  55.1477
6.38 -60.2273  55.267
6.39 -60.3566  55.3863
6.4 -60.4859  55.5056
6.41 -60.6152  55.6248
6.42 -60.7444  55.7441
6.43 -60.8737  55.8634
6.44 -61.003  55.9827
6.45 -61.1323  56.102
6.46 -61.2615  56.2213
6.47 -61.3908  56.3406
6.48 -61.5201  56.4599
6.49 -61.6494  56.5792
6.5 -61.7786  56.6985
6.51 -61.9079  56.8178
6.52 -62.0372  56.9371
6.53 -62.1665  57.0564
6.54 -62.2957  57.1757
6.55 -62.425  57.295
6.56 -62.5543  57.4143
6.57 -62.6836  57.5335
6.58 -62.8128  57.6528
6.59 -62.9421  57.7721
6.6 -63.0714  57.8914
6.61 -63.2007  58.0107
6.62 -63.3299  58.13
6.63 -63.4592  58.2493
6.64 -63.5885  58.3686
6.65 -63.7178  58.4879
6.66 -63.847  58.6072
6.67 -63.9763  58.7265
6.68 -64.1056  58.8458
6.69 -64.2349  58.9651
6.7 -64.3641  59.0844
6.71 -64.4934  59.2037
6.72 -64.6227  59.3229
6.73 -64.752  59.4422
6.74 -64.8812  59.5615
6.75 -65.0105  59.6808
6.76 -65.1398  59.8001
6.77 -65.2691  59.9194
6.78 -65.3983  60.0387
6.79 -65.5276  60.158
6.8 -65.6569  60.2773
6.81 -65.7862  60.3966
6.82 -65.9154  60.5159
6.83 -66.0447  60.6352
6.84 -66.174  60.7545
6.85 -66.3033  60.8738
6.86 -66.4325  60.993
6.87 -66.5618  61.1123
6.88 -66.6911  61.2316
6.89 -66.8204  61.3509
6.9 -66.9496  61.4702
6.91 -67.0789  61.5895
6.92 -67.2082  61.7088
6.93 -67.3374  61.8281
6.94 -67.4667  61.9474
6.95 -67.596  62.0667
6.96 -67.7253  62.186
6.97 -67.8545  62.3053
6.98 -67.9838  62.4246
6.99 -68.1131  62.5438
7 -68.2424  62.6631
7.01 -68.3716  62.7824
7.02 -68.5009  62.9017
7.03 -68.6302  63.021
7.04 -68.7595  63.1403
7.05 -68.8887  63.2596
7.06 -69.018  63.3789
7.07 -69.1473  63.4982
7.08 -69.2766  63.6175
7.09 -69.4058  63.7368
7.1 -69.5351  63.8561
7.11 -69.6644  63.9753
7.12 -69.7936  64.0946
7.13 -69.9229  64.2139
7.14 -70.0522  64.3332
7.15 -70.1815  64.4525
7.16 -70.3107  64.5718
7.17 -70.44  64.6911
7.18 -70.5693  64.8104
7.19 -70.6986  64.9297
7.2 -70.8278  65.049
7.21 -70.9571  65.1683
7.22 -71.0864  65.2876
7.23 -71.2156  65.4068
7.24 -71.3449  65.5261
7.25 -71.4742  65.6454
7.26 -71.6035  65.7647
7.27 -71.7327  65.884
7.28 -71.862  66.0033
7.29 -71.9913  66.1226
7.3 -72.1206  66.2419
7.31 -72.2498  66.3612
7.32 -72.3791  66.4805
7.33 -72.5084  66.5998
7.34 -72.6376  66.7191
7.35 -72.7669  66.8383
7.36 -72.8962  66.9576
7.37 -73.0255  67.0769
7.38 -73.1547  67.1962
7.39 -73.284  67.3155
7.4 -73.4133  67.4348
7.41 -73.5425  67.5541
7.42 -73.6718  67.6734
7.43 -73.8011  67.7927
7.44 -73.9304  67.912
7.45 -74.0596  68.0313
7.46 -74.1889  68.1505
7.47 -74.3182  68.2698
7.48 -74.4475  68.3891
7.49 -74.5767  68.5084
7.5 -74.706  68.6277
7.51 -74.8353  68.747
7.52 -74.9645  68.8663
7.53 -75.0938  68.9856
7.54 -75.2231  69.1049
7.55 -75.3524  69.2242
7.56 -75.4816  69.3434
7.57 -75.6109  69.4627
7.58 -75.7402  69.582
7.59 -75.8694  69.7013
7.6 -75.9987  69.8206
7.61 -76.128  69.9399
7.62 -76.2573  70.0592
7.63 -76.3865  70.1785
7.64 -76.5158  70.2978
7.65 -76.6451  70.4171
7.66 -76.7743  70.5364
7.67 -76.9036  70.6556
7.68 -77.0329  70.7749
7.69 -77.1622  70.8942
7.7 -77.2914  71.0135
7.71 -77.4207  71.1328
7.72 -77.55  71.2521
7.73 -77.6792  71.3714
7.74 -77.8085  71.4907
7.75 -77.9378  71.61
7.76 -78.0671  71.7293
7.77 -78.1963  71.8485
7.78 -78.3256  71.9678
7.79 -78.4549  72.0871
7.8 -78.5841  72.2064
7.81 -78.7134  72.3257
7.82 -78.8427  72.445
7.83 -78.972  72.5643
7.84 -79.1012  72.6836
7.85 -79.2305  72.8029
7.86 -79.3598  72.9221
7.87 -79.489  73.0414
7.88 -79.6183  73.1607
7.89 -79.7476  73.28
7.9 -79.8769  73.3993
7.91 -80.0061  73.5186
7.92 -80.1354  73.6379
7.93 -80.2647  73.7572
7.94 -80.3939  73.8765
7.95 -80.5232  73.9958
7.96 -80.6525  74.115
7.97 -80.7818  74.2343
7.98 -80.911  74.3536
7.99 -81.0403  74.4729
8 -81.1696  74.5922
8.01 -81.2988  74.7115
8.02 -81.4281  74.8308
8.03 -81.5574  74.9501
8.04 -81.6866  75.0694
8.05 -81.8159  75.1886
8.06 -81.9452  75.3079
8.07 -82.0745  75.4272
8.08 -82.2037  75.5465
8.09 -82.333  75.6658
8.1 -82.4623  75.7851
8.11 -82.5915  75.9044
8.12 -82.7208  76.0237
8.13 -82.8501  76.143
8.14 -82.9793  76.2623
8.15 -83.1086  76.3815
8.16 -83.2379  76.5008
8.17 -83.3672  76.6201
8.18 -83.4964  76.7394
8.19 -83.6257  76.8587
8.2 -83.755  76.978
8.21 -83.8842  77.0973
8.22 -84.0135  77.2166
8.23 -84.1428  77.3359
8.24 -84.2721  77.4551
8.25 -84.4013  77.5744
8.26 -84.5306  77.6937
8.27 -84.6599  77.813
8.28 -84.7891  77.9323
8.29 -84.9184  78.0516
8.3 -85.0477  78.1709
8.31 -85.1769  78.2902
8.32 -85.3062  78.4095
8.33 -85.4355  78.5287
8.34 -85.5648  78.648
8.35 -85.694  78.7673
8.36 -85.8233  78.8866
8.37 -85.9526  79.0059
8.38 -86.0818  79.1252
8.39 -86.2111  79.2445
8.4 -86.3404  79.3638
8.41 -86.4696  79.483
8.42 -86.5989  79.6023
8.43 -86.7282  79.7216
8.44 -86.8575  79.8409
8.45 -86.9867  79.9602
8.46 -87.116  80.0795
8.47 -87.2453  80.1988
8.48 -87.3745  80.3181
8.49 -87.5038  80.4374
8.5 -87.6331  80.5566
8.51 -87.7623  80.6759
8.52 -87.8916  80.7952
8.53 -88.0209  80.9145
8.54 -88.1501  81.0338
8.55 -88.2794  81.1531
8.56 -88.4087  81.2724
8.57 -88.538  81.3917
8.58 -88.6672  81.5109
8.59 -88.7965  81.6302
8.6 -88.9258  81.7495
8.61 -89.055  81.8688
8.62 -89.1843  81.9881
8.63 -89.3136  82.1074
8.64 -89.4428  82.2267
8.65 -89.5721  82.346
8.66 -89.7014  82.4653
8.67 -89.8306  82.5845
8.68 -89.9599  82.7038
8.69 -90.0892  82.8231
8.7 -90.2185  82.9424
8.71 -90.3477  83.0617
8.72 -90.477  83.181
8.73 -90.6063  83.3003
8.74 -90.7355  83.4196
8.75 -90.8648  83.5388
8.76 -90.9941  83.6581
8.77 -91.1233  83.7774
8.78 -91.2526  83.8967
8.79 -91.3819  84.016
8.8 -91.5111  84.1353
8.81 -91.6404  84.2546
8.82 -91.7697  84.3739
8.83 -91.899  84.4931
8.84 -92.0282  84.6124
8.85 -92.1575  84.7317
8.86 -92.2868  84.851
8.87 -92.416  84.9703
8.88 -92.5453  85.0896
8.89 -92.6746  85.2089
8.9 -92.8038  85.3282
8.91 -92.9331  85.4474
8.92 -93.0624  85.5667
8.93 -93.1916  85.686
8.94 -93.3209  85.8053
8.95 -93.4502  85.9246
8.96 -93.5794  86.0439
8.97 -93.7087  86.1632
8.98 -93.838  86.2825
8.99 -93.9673  86.4017
9 -94.0965  86.521
9.01 -94.2258  86.6403
9.02 -94.3551  86.7596
9.03 -94.4843  86.8789
9.04 -94.6136  86.9982
9.05 -94.7429  87.1175
9.06 -94.8721  87.2368
9.07 -95.0014  87.356
9.08 -95.1307  87.4753
9.09 -95.2599  87.5946
9.1 -95.3892  87.7139
9.11 -95.5185  87.8332
9.12 -95.6477  87.9525
9.13 -95.777  88.0718
9.14 -95.9063  88.1911
9.15 -96.0356  88.3103
9.16 -96.1648  88.4296
9.17 -96.2941  88.5489
9.18 -96.4234  88.6682
9.19 -96.5526  88.7875
9.2 -96.6819  88.9068
9.21 -96.8112  89.0261
9.22 -96.9404  89.1454
9.23 -97.0697  89.2646
9.24 -97.199  89.3839
9.25 -97.3282  89.5032
9.26 -97.4575  89.6225
9.27 -97.5868  89.7418
9.28 -97.716  89.8611
9.29 -97.8453  89.9804
9.3 -97.9746  90.0996
9.31 -98.1038  90.2189
9.32 -98.2331  90.3382
9.33 -98.3624  90.4575
9.34 -98.4916  90.5768
9.35 -98.6209  90.6961
9.36 -98.7502  90.8154
9.37 -98.8795  90.9347
9.38 -99.0087  91.0539
9.39 -99.138  91.1732
9.4 -99.2673  91.2925
9.41 -99.3965  91.4118
9.42 -99.5258  91.5311
9.43 -99.6551  91.6504
9.44 -99.7843  91.7697
9.45 -99.9136  91.889
9.46 -100.043  92.0082
9.47 -100.172  92.1275
9.48 -100.301  92.2468
9.49 -100.431  92.3661
9.5 -100.56  92.4854
9.51 -100.689  92.6047
9.52 -100.818  92.724
9.53 -100.948  92.8432
9.54 -101.077  92.9625
9.55 -101.206  93.0818
9.56 -101.336  93.2011
9.57 -101.465  93.3204
9.58 -101.594  93.4397
9.59 -101.723  93.559
9.6 -101.853  93.6782
9.61 -101.982  93.7975
9.62 -102.111  93.9168
9.63 -102.24  94.0361
9.64 -102.37  94.1554
9.65 -102.499  94.2747
9.66 -102.628  94.394
9.67 -102.757  94.5133
9.68 -102.887  94.6325
9.69 -103.016  94.7518
9.7 -103.145  94.8711
9.71 -103.275  94.9904
9.72 -103.404  95.1097
9.73 -103.533  95.229
9.74 -103.662  95.3483
9.75 -103.792  95.4675
9.76 -103.921  95.5868
9.77 -104.05  95.7061
9.78 -104.179  95.8254
9.79 -104.309  95.9447
9.8 -104.438  96.064
9.81 -104.567  96.1833
9.82 -104.696  96.3025
9.83 -104.826  96.4218
9.84 -104.955  96.5411
9.85 -105.084  96.6604
9.86 -105.214  96.7797
9.87 -105.343  96.899
9.88 -105.472  97.0183
9.89 -105.601  97.1375
9.9 -105.731  97.2568
9.91 -105.86  97.3761
9.92 -105.989  97.4954
9.93 -106.118  97.6147
9.94 -106.248  97.734
9.95 -106.377  97.8533
9.96 -106.506  97.9726
9.97 -106.636  98.0918
9.98 -106.765  98.2111
9.99 -106.894  98.3304
10 -107.023  98.4497
10.01 -107.153  98.569
10.02 -107.282  98.6883
10.03 -107.411  98.8076
10.04 -107.54  98.9268
10.05 -107.67  99.0461
10.06 -107.799  99.1654
10.07 -107.928  99.2847
10.08 -108.057  99.404
10.09 -108.187  99.5233
10.1 -108.316  99.6426
10.11 -108.445  99.7618
10.12 -108.575  99.8811
10.13 -108.704  100
10.14 -108.833  100.12
10.15 -108.962  100.239
10.16 -109.092  100.358
10.17 -109.221  100.478
10.18 -109.35  100.597
10.19 -109.479  100.716
10.2 -109.609  100.835
10.21 -109.738  100.955
10.22 -109.867  101.074
10.23 -109.996  101.193
10.24 -110.126  101.313
10.25 -110.255  101.432
10.26 -110.384  101.551
10.27 -110.514  101.67
10.28 -110.643  101.79
10.29 -110.772  101.909
10.3 -110.901  102.028
10.31 -111.031  102.148
10.32 -111.16  102.267
10.33 -111.289  102.386
10.34 -111.418  102.505
10.35 -111.548  102.625
10.36 -111.677  102.744
10.37 -111.806  102.863
10.38 -111.935  102.983
10.39 -112.065  103.102
10.4 -112.194  103.221
10.41 -112.323  103.34
10.42 -112.453  103.46
10.43 -112.582  103.579
10.44 -112.711  103.698
10.45 -112.84  103.818
10.46 -112.97  103.937
10.47 -113.099  104.056
10.48 -113.228  104.175
10.49 -113.357  104.295
10.5 -113.487  104.414
10.51 -113.616  104.533
10.52 -113.745  104.653
10.53 -113.874  104.772
10.54 -114.004  104.891
10.55 -114.133  105.01
10.56 -114.262  105.13
10.57 -114.392  105.249
10.58 -114.521  105.368
10.59 -114.65  105.488
10.6 -114.779  105.607
10.61 -114.909  105.726
10.62 -115.038  105.845
10.63 -115.167  105.965
10.64 -115.296  106.084
10.65 -115.426  106.203
10.66 -115.555  106.323
10.67 -115.684  106.442
10.68 -115.813  106.561
10.69 -115.943  106.68
10.7 -116.072  106.8
10.71 -116.201  106.919
10.72 -116.331  107.038
10.73 -116.46  107.158
10.74 -116.589  107.277
10.75 -116.718  107.396
10.76 -116.848  107.515
10.77 -116.977  107.635
10.78 -117.106  107.754
10.79 -117.235  107.873
10.8 -117.365  107.993
10.81 -117.494  108.112
10.82 -117.623  108.231
10.83 -117.752  108.35
10.84 -117.882  108.47
10.85 -118.011  108.589
10.86 -118.14  108.708
10.87 -118.269  108.828
10.88 -118.399  108.947
10.89 -118.528  109.066
10.9 -118.657  109.185
10.91 -118.787  109.305
10.92 -118.916  109.424
10.93 -119.045  109.543
10.94 -119.174  109.663
10.95 -119.304  109.782
10.96 -119.433  109.901
10.97 -119.562  110.02
10.98 -119.691  110.14
10.99 -119.821  110.259
11 -119.95  110.378
11.01 -120.079  110.498
11.02 -120.208  110.617
11.03 -120.338  110.736
11.04 -120.467  110.855
11.05 -120.596  110.975
11.06 -120.726  111.094
11.07 -120.855  111.213
11.08 -120.984  111.332
11.09 -121.113  111.452
11.1 -121.243  111.571
11.11 -121.372  111.69
11.12 -121.501  111.81
11.13 -121.63  111.929
11.14 -121.76  112.048
11.15 -121.889  112.167
11.16 -122.018  112.287
11.17 -122.147  112.406
11.18 -122.277  112.525
11.19 -122.406  112.645
11.2 -122.535  112.764
11.21 -122.665  112.883
11.22 -122.794  113.002
11.23 -122.923  113.122
11.24 -123.052  113.241
11.25 -123.182  113.36
11.26 -123.311  113.48
11.27 -123.44  113.599
11.28 -123.569  113.718
11.29 -123.699  113.837
11.3 -123.828  113.957
11.31 -123.957  114.076
11.32 -124.086  114.195
11.33 -124.216  114.315
11.34 -124.345  114.434
11.35 -124.474  114.553
11.36 -124.604  114.672
11.37 -124.733  114.792
11.38 -124.862  114.911
11.39 -124.991  115.03
11.4 -125.121  115.15
11.41 -125.25  115.269
11.42 -125.379  115.388
11.43 -125.508  115.507
11.44 -125.638  115.627
11.45 -125.767  115.746
11.46 -125.896  115.865
11.47 -126.025  115.985
11.48 -126.155  116.104
11.49 -126.284  116.223
11.5 -126.413  116.342
11.51 -126.543  116.462
11.52 -126.672  116.581
11.53 -126.801  116.7
11.54 -126.93  116.82
11.55 -127.06  116.939
11.56 -127.189  117.058
11.57 -127.318  117.177
11.58 -127.447  117.297
11.59 -127.577  117.416
11.6 -127.706  117.535
11.61 -127.835  117.655
11.62 -127.964  117.774
11.63 -128.094  117.893
11.64 -128.223  118.012
11.65 -128.352  118.132
11.66 -128.481  118.251
11.67 -128.611  118.37
11.68 -128.74  118.49
11.69 -128.869  118.609
11.7 -128.999  118.728
11.71 -129.128  118.847
11.72 -129.257  118.967
11.73 -129.386  119.086
11.74 -129.516  119.205
11.75 -129.645  119.325
11.76 -129.774  119.444
11.77 -129.903  119.563
11.78 -130.033  119.682
11.79 -130.162  119.802
11.8 -130.291  119.921
11.81 -130.42  120.04
11.82 -130.55  120.16
11.83 -130.679  120.279
11.84 -130.808  120.398
11.85 -130.938  120.517
11.86 -131.067  120.637
11.87 -131.196  120.756
11.88 -131.325  120.875
11.89 -131.455  120.995
11.9 -131.584  121.114
11.91 -131.713  121.233
11.92 -131.842  121.352
11.93 -131.972  121.472
11.94 -132.101  121.591
11.95 -132.23  121.71
11.96 -132.359  121.83
11.97 -132.489  121.949
11.98 -132.618  122.068
11.99 -132.747  122.187
12 -132.876  122.307
12.01 -133.006  122.426
12.02 -133.135  122.545
12.03 -133.264  122.664
12.04 -133.394  122.784
12.05 -133.523  122.903
12.06 -133.652  123.022
12.07 -133.781  123.142
12.08 -133.911  123.261
12.09 -134.04  123.38
12.1 -134.169  123.499
12.11 -134.298  123.619
12.12 -134.428  123.738
12.13 -134.557  123.857
12.14 -134.686  123.977
12.15 -134.815  124.096
12.16 -134.945  124.215
12.17 -135.074  124.334
12.18 -135.203  124.454
12.19 -135.333  124.573
12.2 -135.462  124.692
12.21 -135.591  124.812
12.22 -135.72  124.931
12.23 -135.85  125.05
12.24 -135.979  125.169
12.25 -136.108  125.289
12.26 -136.237  125.408
12.27 -136.367  125.527
12.28 -136.496  125.647
12.29 -136.625  125.766
12.3 -136.754  125.885
12.31 -136.884  126.004
12.32 -137.013  126.124
12.33 -137.142  126.243
12.34 -137.271  126.362
12.35 -137.401  126.482
12.36 -137.53  126.601
12.37 -137.659  126.72
12.38 -137.789  126.839
12.39 -137.918  126.959
12.4 -138.047  127.078
12.41 -138.176  127.197
12.42 -138.306  127.317
12.43 -138.435  127.436
12.44 -138.564  127.555
12.45 -138.693  127.674
12.46 -138.823  127.794
12.47 -138.952  127.913
12.48 -139.081  128.032
12.49 -139.21  128.152
12.5 -139.34  128.271
12.51 -139.469  128.39
12.52 -139.598  128.509
12.53 -139.728  128.629
12.54 -139.857  128.748
12.55 -139.986  128.867
12.56 -140.115  128.987
12.57 -140.245  129.106
12.58 -140.374  129.225
12.59 -140.503  129.344
12.6 -140.632  129.464
12.61 -140.762  129.583
12.62 -140.891  129.702
12.63 -141.02  129.822
12.64 -141.149  129.941
12.65 -141.279  130.06
12.66 -141.408  130.179
12.67 -141.537  130.299
12.68 -141.666  130.418
12.69 -141.796  130.537
12.7 -141.925  130.656
12.71 -142.054  130.776
12.72 -142.184  130.895
12.73 -142.313  131.014
12.74 -142.442  131.134
12.75 -142.571  131.253
12.76 -142.701  131.372
12.77 -142.83  131.491
12.78 -142.959  131.611
12.79 -143.088  131.73
12.8 -143.218  131.849
12.81 -143.347  131.969
12.82 -143.476  132.088
12.83 -143.605  132.207
12.84 -143.735  132.326
12.85 -143.864  132.446
12.86 -143.993  132.565
12.87 -144.123  132.684
12.88 -144.252  132.804
12.89 -144.381  132.923
12.9 -144.51  133.042
12.91 -144.64  133.161
12.92 -144.769  133.281
12.93 -144.898  133.4
12.94 -145.027  133.519
12.95 -145.157  133.639
12.96 -145.286  133.758
12.97 -145.415  133.877
12.98 -145.544  133.996
12.99 -145.674  134.116
13 -145.803  134.235
13.01 -145.932  134.354
13.02 -146.061  134.474
13.03 -146.191  134.593
13.04 -146.32  134.712
13.05 -146.449  134.831
13.06 -146.579  134.951
13.07 -146.708  135.07
13.08 -146.837  135.189
13.09 -146.966  135.309
13.1 -147.096  135.428
13.11 -147.225  135.547
13.12 -147.354  135.666
13.13 -147.483  135.786
13.14 -147.613  135.905
13.15 -147.742  136.024
13.16 -147.871  136.144
13.17 -148  136.263
13.18 -148.13  136.382
13.19 -148.259  136.501
13.2 -148.388  136.621
13.21 -148.517  136.74
13.22 -148.647  136.859
13.23 -148.776  136.978
13.24 -148.905  137.098
13.25 -149.035  137.217
13.26 -149.164  137.336
13.27 -149.293  137.456
13.28 -149.422  137.575
13.29 -149.552  137.694
13.3 -149.681  137.813
13.31 -149.81  137.933
13.32 -149.939  138.052
13.33 -150.069  138.171
13.34 -150.198  138.291
13.35 -150.327  138.41
13.36 -150.456  138.529
13.37 -150.586  138.648
13.38 -150.715  138.768
13.39 -150.844  138.887
13.4 -150.974  139.006
13.41 -151.103  139.126
13.42 -151.232  139.245
13.43 -151.361  139.364
13.44 -151.491  139.483
13.45 -151.62  139.603
13.46 -151.749  139.722
13.47 -151.878  139.841
13.48 -152.008  139.961
13.49 -152.137  140.08
13.5 -152.266  140.199
13.51 -152.395  140.318
13.52 -152.525  140.438
13.53 -152.654  140.557
13.54 -152.783  140.676
13.55 -152.912  140.796
13.56 -153.042  140.915
13.57 -153.171  141.034
13.58 -153.3  141.153
13.59 -153.43  141.273
13.6 -153.559  141.392
13.61 -153.688  141.511
13.62 -153.817  141.631
13.63 -153.947  141.75
13.64 -154.076  141.869
13.65 -154.205  141.988
13.66 -154.334  142.108
13.67 -154.464  142.227
13.68 -154.593  142.346
13.69 -154.722  142.465
13.7 -154.851  142.585
13.71 -154.981  142.704
13.72 -155.11  142.823
13.73 -155.239  142.943
13.74 -155.368  143.062
13.75 -155.498  143.181
13.76 -155.627  143.3
13.77 -155.756  143.42
13.78 -155.886  143.539
13.79 -156.015  143.658
13.8 -156.144  143.778
13.81 -156.273  143.897
13.82 -156.403  144.016
13.83 -156.532  144.135
13.84 -156.661  144.255
13.85 -156.79  144.374
13.86 -156.92  144.493
13.87 -157.049  144.613
13.88 -157.178  144.732
13.89 -157.307  144.851
13.9 -157.437  144.97
13.91 -157.566  145.09
13.92 -157.695  145.209
13.93 -157.824  145.328
13.94 -157.954  145.448
13.95 -158.083  145.567
13.96 -158.212  145.686
13.97 -158.342  145.805
13.98 -158.471  145.925
13.99 -158.6  146.044
14 -158.729  146.163
14.01 -158.859  146.283
14.02 -158.988  146.402
14.03 -159.117  146.521
14.04 -159.246  146.64
14.05 -159.376  146.76
14.06 -159.505  146.879
14.07 -159.634  146.998
14.08 -159.763  147.117
14.09 -159.893  147.237
14.1 -160.022  147.356
14.11 -160.151  147.475
14.12 -160.28  147.595
14.13 -160.41  147.714
14.14 -160.539  147.833
14.15 -160.668  147.952
14.16 -160.798  148.072
14.17 -160.927  148.191
14.18 -161.056  148.31
14.19 -161.185  148.43
14.2 -161.315  148.549
14.21 -161.444  148.668
14.22 -161.573  148.787
14.23 -161.702  148.907
14.24 -161.832  149.026
14.25 -161.961  149.145
14.26 -162.09  149.265
14.27 -162.219  149.384
14.28 -162.349  149.503
14.29 -162.478  149.622
14.3 -162.607  149.742
14.31 -162.736  149.861
14.32 -162.866  149.98
14.33 -162.995  150.1
14.34 -163.124  150.219
14.35 -163.254  150.338
14.36 -163.383  150.457
14.37 -163.512  150.577
14.38 -163.641  150.696
14.39 -163.771  150.815
14.4 -163.9  150.935
14.41 -164.029  151.054
14.42 -164.158  151.173
14.43 -164.288  151.292
14.44 -164.417  151.412
14.45 -164.546  151.531
14.46 -164.675  151.65
14.47 -164.805  151.769
14.48 -164.934  151.889
14.49 -165.063  152.008
14.5 -165.192  152.127
14.51 -165.322  152.247
14.52 -165.451  152.366
14.53 -165.58  152.485
14.54 -165.71  152.604
14.55 -165.839  152.724
14.56 -165.968  152.843
14.57 -166.097  152.962
14.58 -166.227  153.082
14.59 -166.356  153.201
14.6 -166.485  153.32
14.61 -166.614  153.439
14.62 -166.744  153.559
14.63 -166.873  153.678
14.64 -167.002  153.797
14.65 -167.131  153.917
14.66 -167.261  154.036
14.67 -167.39  154.155
14.68 -167.519  154.274
14.69 -167.648  154.394
14.7 -167.778  154.513
14.71 -167.907  154.632
14.72 -168.036  154.752
14.73 -168.166  154.871
14.74 -168.295  154.99
14.75 -168.424  155.109
14.76 -168.553  155.229
14.77 -168.683  155.348
14.78 -168.812  155.467
14.79 -168.941  155.587
14.8 -169.07  155.706
14.81 -169.2  155.825
14.82 -169.329  155.944
14.83 -169.458  156.064
14.84 -169.587  156.183
14.85 -169.717  156.302
14.86 -169.846  156.421
14.87 -169.975  156.541
14.88 -170.104  156.66
14.89 -170.234  156.779
14.9 -170.363  156.899
14.91 -170.492  157.018
14.92 -170.622  157.137
14.93 -170.751  157.256
14.94 -170.88  157.376
14.95 -171.009  157.495
14.96 -171.139  157.614
14.97 -171.268  157.734
14.98 -171.397  157.853
14.99 -171.526  157.972
15 -171.656  158.091
15.01 -171.785  158.211
15.02 -171.914  158.33
15.03 -172.043  158.449
15.04 -172.173  158.569
15.05 -172.302  158.688
15.06 -172.431  158.807
15.07 -172.56  158.926
15.08 -172.69  159.046
15.09 -172.819  159.165
15.1 -172.948  159.284
15.11 -173.078  159.404
15.12 -173.207  159.523
15.13 -173.336  159.642
15.14 -173.465  159.761
15.15 -173.595  159.881
15.16 -173.724  160
15.17 -173.853  160.119
15.18 -173.982  160.239
15.19 -174.112  160.358
15.2 -174.241  160.477
15.21 -174.37  160.596
15.22 -174.499  160.716
15.23 -174.629  160.835
15.24 -174.758  160.954
15.25 -174.887  161.073
15.26 -175.016  161.193
15.27 -175.146  161.312
15.28 -175.275  161.431
15.29 -175.404  161.551
15.3 -175.534  161.67
15.31 -175.663  161.789
15.32 -175.792  161.908
15.33 -175.921  162.028
15.34 -176.051  162.147
15.35 -176.18  162.266
15.36 -176.309  162.386
15.37 -176.438  162.505
15.38 -176.568  162.624
15.39 -176.697  162.743
15.4 -176.826  162.863
15.41 -176.955  162.982
15.42 -177.085  163.101
15.43 -177.214  163.221
15.44 -177.343  163.34
15.45 -177.472  163.459
15.46 -177.602  163.578
15.47 -177.731  163.698
15.48 -177.86  163.817
15.49 -177.99  163.936
15.5 -178.119  164.056
15.51 -178.248  164.175
15.52 -178.377  164.294
15.53 -178.507  164.413
15.54 -178.636  164.533
15.55 -178.765  164.652
15.56 -178.894  164.771
15.57 -179.024  164.89
15.58 -179.153  165.01
15.59 -179.282  165.129
15.6 -179.411  165.248
15.61 -179.541  165.368
15.62 -179.67  165.487
15.63 -179.799  165.606
15.64 -179.928  165.725
15.65 -180.058  165.845
15.66 -180.187  165.964
15.67 -180.316  166.083
15.68 -180.445  166.203
15.69 -180.575  166.322
15.7 -180.704  166.441
15.71 -180.833  166.56
15.72 -180.963  166.68
15.73 -181.092  166.799
15.74 -181.221  166.918
15.75 -181.35  167.038
15.76 -181.48  167.157
15.77 -181.609  167.276
15.78 -181.738  167.395
15.79 -181.867  167.515
15.8 -181.997  167.634
15.81 -182.126  167.753
15.82 -182.255  167.873
15.83 -182.384  167.992
15.84 -182.514  168.111
15.85 -182.643  168.23
15.86 -182.772  168.35
15.87 -182.901  168.469
15.88 -183.031  168.588
15.89 -183.16  168.707
15.9 -183.289  168.827
15.91 -183.419  168.946
15.92 -183.548  169.065
15.93 -183.677  169.185
15.94 -183.806  169.304
15.95 -183.936  169.423
15.96 -184.065  169.542
15.97 -184.194  169.662
15.98 -184.323  169.781
15.99 -184.453  169.9
16 -184.582  170.02
16.01 -184.711  170.139
16.02 -184.84  170.258
16.03 -184.97  170.377
16.04 -185.099  170.497
16.05 -185.228  170.616
16.06 -185.357  170.735
16.07 -185.487  170.855
16.08 -185.616  170.974
16.09 -185.745  171.093
16.1 -185.875  171.212
16.11 -186.004  171.332
16.12 -186.133  171.451
16.13 -186.262  171.57
16.14 -186.392  171.69
16.15 -186.521  171.809
16.16 -186.65  171.928
16.17 -186.779  172.047
16.18 -186.909  172.167
16.19 -187.038  172.286
16.2 -187.167  172.405
16.21 -187.296  172.524
16.22 -187.426  172.644
16.23 -187.555  172.763
16.24 -187.684  172.882
16.25 -187.813  173.002
16.26 -187.943  173.121
16.27 -188.072  173.24
16.28 -188.201  173.359
16.29 -188.33  173.479
16.3 -188.46  173.598
16.31 -188.589  173.717
16.32 -188.718  173.837
16.33 -188.848  173.956
16.34 -188.977  174.075
16.35 -189.106  174.194
16.36 -189.235  174.314
16.37 -189.365  174.433
16.38 -189.494  174.552
16.39 -189.623  174.672
16.4 -189.752  174.791
16.41 -189.882  174.91
16.42 -190.011  175.029
16.43 -190.14  175.149
16.44 -190.269  175.268
16.45 -190.399  175.387
16.46 -190.528  175.507
16.47 -190.657  175.626
16.48 -190.786  175.745
16.49 -190.916  175.864
16.5 -191.045  175.984
16.51 -191.174  176.103
16.52 -191.304  176.222
16.53 -191.433  176.341
16.54 -191.562  176.461
16.55 -191.691  176.58
16.56 -191.821  176.699
16.57 -191.95  176.819
16.58 -192.079  176.938
16.59 -192.208  177.057
16.6 -192.338  177.176
16.61 -192.467  177.296
16.62 -192.596  177.415
16.63 -192.725  177.534
16.64 -192.855  177.654
16.65 -192.984  177.773
16.66 -193.113  177.892
16.67 -193.242  178.011
16.68 -193.372  178.131
16.69 -193.501  178.25
16.7 -193.63  178.369
16.71 -193.76  178.489
16.72 -193.889  178.608
16.73 -194.018  178.727
16.74 -194.147  178.846
16.75 -194.277  178.966
16.76 -194.406  179.085
16.77 -194.535  179.204
16.78 -194.664  179.324
16.79 -194.794  179.443
16.8 -194.923  179.562
16.81 -195.052  179.681
16.82 -195.181  179.801
16.83 -195.311  179.92
16.84 -195.44  180.039
16.85 -195.569  180.158
16.86 -195.698  180.278
16.87 -195.828  180.397
16.88 -195.957  180.516
16.89 -196.086  180.636
16.9 -196.215  180.755
16.91 -196.345  180.874
16.92 -196.474  180.993
16.93 -196.603  181.113
16.94 -196.733  181.232
16.95 -196.862  181.351
16.96 -196.991  181.471
16.97 -197.12  181.59
16.98 -197.25  181.709
16.99 -197.379  181.828
17 -197.508  181.948
17.01 -197.637  182.067
17.02 -197.767  182.186
17.03 -197.896  182.306
17.04 -198.025  182.425
17.05 -198.154  182.544
17.06 -198.284  182.663
17.07 -198.413  182.783
17.08 -198.542  182.902
17.09 -198.671  183.021
17.1 -198.801  183.14
17.11 -198.93  183.26
17.12 -199.059  183.379
17.13 -199.189  183.498
17.14 -199.318  183.618
17.15 -199.447  183.737
17.16 -199.576  183.856
17.17 -199.706  183.975
17.18 -199.835  184.095
17.19 -199.964  184.214
17.2 -200.093  184.333
17.21 -200.223  184.453
17.22 -200.352  184.572
17.23 -200.481  184.691
17.24 -200.61  184.81
17.25 -200.74  184.93
17.26 -200.869  185.049
17.27 -200.998  185.168
17.28 -201.127  185.288
17.29 -201.257  185.407
17.3 -201.386  185.526
17.31 -201.515  185.645
17.32 -201.644  185.765
17.33 -201.774  185.884
17.34 -201.903  186.003
17.35 -202.032  186.123
17.36 -202.162  186.242
17.37 -202.291  186.361
17.38 -202.42  186.48
17.39 -202.549  186.6
17.4 -202.679  186.719
17.41 -202.808  186.838
17.42 -202.937  186.957
17.43 -203.066  187.077
17.44 -203.196  187.196
17.45 -203.325  187.315
17.46 -203.454  187.435
17.47 -203.583  187.554
17.48 -203.713  187.673
17.49 -203.842  187.792
17.5 -203.971  187.912
17.51 -204.1  188.031
17.52 -204.23  188.15
17.53 -204.359  188.27
17.54 -204.488  188.389
17.55 -204.618  188.508
17.56 -204.747  188.627
17.57 -204.876  188.747
17.58 -205.005  188.866
17.59 -205.135  188.985
17.6 -205.264  189.105
17.61 -205.393  189.224
17.62 -205.522  189.343
17.63 -205.652  189.462
17.64 -205.781  189.582
17.65 -205.91  189.701
17.66 -206.039  189.82
17.67 -206.169  189.939
17.68 -206.298  190.059
17.69 -206.427  190.178
17.7 -206.556  190.297
17.71 -206.686  190.417
17.72 -206.815  190.536
17.73 -206.944  190.655
17.74 -207.073  190.774
17.75 -207.203  190.894
17.76 -207.332  191.013
17.77 -207.461  191.132
17.78 -207.591  191.252
17.79 -207.72  191.371
17.8 -207.849  191.49
17.81 -207.978  191.609
17.82 -208.108  191.729
17.83 -208.237  191.848
17.84 -208.366  191.967
17.85 -208.495  192.087
17.86 -208.625  192.206
17.87 -208.754  192.325
17.88 -208.883  192.444
17.89 -209.012  192.564
17.9 -209.142  192.683
17.91 -209.271  192.802
17.92 -209.4  192.922
17.93 -209.529  193.041
17.94 -209.659  193.16
17.95 -209.788  193.279
17.96 -209.917  193.399
17.97 -210.046  193.518
17.98 -210.176  193.637
17.99 -210.305  193.756
18 -210.434  193.876
18.01 -210.564  193.995
18.02 -210.693  194.114
18.03 -210.822  194.234
18.04 -210.951  194.353
18.05 -211.081  194.472
18.06 -211.21  194.591
18.07 -211.339  194.711
18.08 -211.468  194.83
18.09 -211.598  194.949
18.1 -211.727  195.069
18.11 -211.856  195.188
18.12 -211.985  195.307
18.13 -212.115  195.426
18.14 -212.244  195.546
18.15 -212.373  195.665
18.16 -212.502  195.784
18.17 -212.632  195.904
18.18 -212.761  196.023
18.19 -212.89  196.142
18.2 -213.02  196.261
18.21 -213.149  196.381
18.22 -213.278  196.5
18.23 -213.407  196.619
18.24 -213.537  196.738
18.25 -213.666  196.858
18.26 -213.795  196.977
18.27 -213.924  197.096
18.28 -214.054  197.216
18.29 -214.183  197.335
18.3 -214.312  197.454
18.31 -214.441  197.573
18.32 -214.571  197.693
18.33 -214.7  197.812
18.34 -214.829  197.931
18.35 -214.958  198.051
18.36 -215.088  198.17
18.37 -215.217  198.289
18.38 -215.346  198.408
18.39 -215.475  198.528
18.4 -215.605  198.647
18.41 -215.734  198.766
18.42 -215.863  198.886
18.43 -215.993  199.005
18.44 -216.122  199.124
18.45 -216.251  199.243
18.46 -216.38  199.363
18.47 -216.51  199.482
18.48 -216.639  199.601
18.49 -216.768  199.72
18.5 -216.897  199.84
18.51 -217.027  199.959
18.52 -217.156  200.078
18.53 -217.285  200.198
18.54 -217.414  200.317
18.55 -217.544  200.436
18.56 -217.673  200.555
18.57 -217.802  200.675
18.58 -217.931  200.794
18.59 -218.061  200.913
18.6 -218.19  201.033
18.61 -218.319  201.152
18.62 -218.448  201.271
18.63 -218.578  201.39
18.64 -218.707  201.51
18.65 -218.836  201.629
18.66 -218.966  201.748
18.67 -219.095  201.868
18.68 -219.224  201.987
18.69 -219.353  202.106
18.7 -219.483  202.225
18.71 -219.612  202.345
18.72 -219.741  202.464
18.73 -219.87  202.583
18.74 -220  202.703
18.75 -220.129  202.822
18.76 -220.258  202.941
18.77 -220.387  203.06
18.78 -220.517  203.18
18.79 -220.646  203.299
18.8 -220.775  203.418
18.81 -220.904  203.537
18.82 -221.034  203.657
18.83 -221.163  203.776
18.84 -221.292  203.895
18.85 -221.422  204.015
18.86 -221.551  204.134
18.87 -221.68  204.253
18.88 -221.809  204.372
18.89 -221.939  204.492
18.9 -222.068  204.611
18.91 -222.197  204.73
18.92 -222.326  204.85
18.93 -222.456  204.969
18.94 -222.585  205.088
18.95 -222.714  205.207
18.96 -222.843  205.327
18.97 -222.973  205.446
18.98 -223.102  205.565
18.99 -223.231  205.685
19 -223.36  205.804
19.01 -223.49  205.923
19.02 -223.619  206.042
19.03 -223.748  206.162
19.04 -223.877  206.281
19.05 -224.007  206.4
19.06 -224.136  206.519
19.07 -224.265  206.639
19.08 -224.395  206.758
19.09 -224.524  206.877
19.1 -224.653  206.997
19.11 -224.782  207.116
19.12 -224.912  207.235
19.13 -225.041  207.354
19.14 -225.17  207.474
19.15 -225.299  207.593
19.16 -225.429  207.712
19.17 -225.558  207.832
19.18 -225.687  207.951
19.19 -225.816  208.07
19.2 -225.946  208.189
19.21 -226.075  208.309
19.22 -226.204  208.428
19.23 -226.333  208.547
19.24 -226.463  208.667
19.25 -226.592  208.786
19.26 -226.721  208.905
19.27 -226.85  209.024
19.28 -226.98  209.144
19.29 -227.109  209.263
19.3 -227.238  209.382
19.31 -227.368  209.501
19.32 -227.497  209.621
19.33 -227.626  209.74
19.34 -227.755  209.859
19.35 -227.885  209.979
19.36 -228.014  210.098
19.37 -228.143  210.217
19.38 -228.272  210.336
19.39 -228.402  210.456
19.4 -228.531  210.575
19.41 -228.66  210.694
19.42 -228.789  210.814
19.43 -228.919  210.933
19.44 -229.048  211.052
19.45 -229.177  211.171
19.46 -229.306  211.291
19.47 -229.436  211.41
19.48 -229.565  211.529
19.49 -229.694  211.649
19.5 -229.823  211.768
19.51 -229.953  211.887
19.52 -230.082  212.006
19.53 -230.211  212.126
19.54 -230.341  212.245
19.55 -230.47  212.364
19.56 -230.599  212.483
19.57 -230.728  212.603
19.58 -230.858  212.722
19.59 -230.987  212.841
19.6 -231.116  212.961
19.61 -231.245  213.08
19.62 -231.375  213.199
19.63 -231.504  213.318
19.64 -231.633  213.438
19.65 -231.762  213.557
19.66 -231.892  213.676
19.67 -232.021  213.796
19.68 -232.15  213.915
19.69 -232.279  214.034
19.7 -232.409  214.153
19.71 -232.538  214.273
19.72 -232.667  214.392
19.73 -232.796  214.511
19.74 -232.926  214.631
19.75 -233.055  214.75
19.76 -233.184  214.869
19.77 -233.314  214.988
19.78 -233.443  215.108
19.79 -233.572  215.227
19.8 -233.701  215.346
19.81 -233.831  215.465
19.82 -233.96  215.585
19.83 -234.089  215.704
19.84 -234.218  215.823
19.85 -234.348  215.943
19.86 -234.477  216.062
19.87 -234.606  216.181
19.88 -234.735  216.3
19.89 -234.865  216.42
19.9 -234.994  216.539
19.91 -235.123  216.658
19.92 -235.252  216.778
19.93 -235.382  216.897
19.94 -235.511  217.016
19.95 -235.64  217.135
19.96 -235.769  217.255
19.97 -235.899  217.374
19.98 -236.028  217.493
19.99 -236.157  217.613
20 -236.287  217.732
20.01 -236.416  217.851
20.02 -236.545  217.97
20.03 -236.674  218.09
20.04 -236.804  218.209
20.05 -236.933  218.328
20.06 -237.062  218.447
20.07 -237.191  218.567
20.08 -237.321  218.686
20.09 -237.45  218.805
20.1 -237.579  218.925
20.11 -237.708  219.044
20.12 -237.838  219.163
20.13 -237.967  219.282
20.14 -238.096  219.402
20.15 -238.225  219.521
20.16 -238.355  219.64
20.17 -238.484  219.76
20.18 -238.613  219.879
20.19 -238.742  219.998
20.2 -238.872  220.117
20.21 -239.001  220.237
20.22 -239.13  220.356
20.23 -239.26  220.475
20.24 -239.389  220.594
20.25 -239.518  220.714
20.26 -239.647  220.833
20.27 -239.777  220.952
20.28 -239.906  221.072
20.29 -240.035  221.191
20.3 -240.164  221.31
20.31 -240.294  221.429
20.32 -240.423  221.549
20.33 -240.552  221.668
20.34 -240.681  221.787
20.35 -240.811  221.907
20.36 -240.94  222.026
20.37 -241.069  222.145
20.38 -241.198  222.264
20.39 -241.328  222.384
20.4 -241.457  222.503
20.41 -241.586  222.622
20.42 -241.715  222.742
20.43 -241.845  222.861
20.44 -241.974  222.98
20.45 -242.103  223.099
20.46 -242.233  223.219
20.47 -242.362  223.338
20.48 -242.491  223.457
20.49 -242.62  223.576
20.5 -242.75  223.696
20.51 -242.879  223.815
20.52 -243.008  223.934
20.53 -243.137  224.054
20.54 -243.267  224.173
20.55 -243.396  224.292
20.56 -243.525  224.411
20.57 -243.654  224.531
20.58 -243.784  224.65
20.59 -243.913  224.769
20.6 -244.042  224.889
20.61 -244.171  225.008
20.62 -244.301  225.127
20.63 -244.43  225.246
20.64 -244.559  225.366
20.65 -244.688  225.485
20.66 -244.818  225.604
20.67 -244.947  225.724
20.68 -245.076  225.843
20.69 -245.206  225.962
20.7 -245.335  226.081
20.71 -245.464  226.201
20.72 -245.593  226.32
20.73 -245.723  226.439
20.74 -245.852  226.558
20.75 -245.981  226.678
20.76 -246.11  226.797
20.77 -246.24  226.916
20.78 -246.369  227.036
20.79 -246.498  227.155
20.8 -246.627  227.274
20.81 -246.757  227.393
20.82 -246.886  227.513
20.83 -247.015  227.632
20.84 -247.144  227.751
20.85 -247.274  227.871
20.86 -247.403  227.99
20.87 -247.532  228.109
20.88 -247.661  228.228
20.89 -247.791  228.348
20.9 -247.92  228.467
20.91 -248.049  228.586
20.92 -248.179  228.706
20.93 -248.308  228.825
20.94 -248.437  228.944
20.95 -248.566  229.063
20.96 -248.696  229.183
20.97 -248.825  229.302
20.98 -248.954  229.421
20.99 -249.083  229.54
21 -249.213  229.66
21.01 -249.342  229.779
21.02 -249.471  229.898
21.03 -249.6  230.018
21.04 -249.73  230.137
21.05 -249.859  230.256
21.06 -249.988  230.375
21.07 -250.117  230.495
21.08 -250.247  230.614
21.09 -250.376  230.733
21.1 -250.505  230.853
21.11 -250.634  230.972
21.12 -250.764  231.091
21.13 -250.893  231.21
21.14 -251.022  231.33
21.15 -251.152  231.449
21.16 -251.281  231.568
21.17 -251.41  231.688
21.18 -251.539  231.807
21.19 -251.669  231.926
21.2 -251.798  232.045
21.21 -251.927  232.165
21.22 -252.056  232.284
21.23 -252.186  232.403
21.24 -252.315  232.522
21.25 -252.444  232.642
21.26 -252.573  232.761
21.27 -252.703  232.88
21.28 -252.832  233
21.29 -252.961  233.119
21.3 -253.09  233.238
21.31 -253.22  233.357
21.32 -253.349  233.477
21.33 -253.478  233.596
21.34 -253.607  233.715
21.35 -253.737  233.835
21.36 -253.866  233.954
21.37 -253.995  234.073
21.38 -254.125  234.192
21.39 -254.254  234.312
21.4 -254.383  234.431
21.41 -254.512  234.55
21.42 -254.642  234.669
21.43 -254.771  234.789
21.44 -254.9  234.908
21.45 -255.029  235.027
21.46 -255.159  235.147
21.47 -255.288  235.266
21.48 -255.417  235.385
21.49 -255.546  235.504
21.5 -255.676  235.624
21.51 -255.805  235.743
21.52 -255.934  235.862
21.53 -256.063  235.982
21.54 -256.193  236.101
21.55 -256.322  236.22
21.56 -256.451  236.339
21.57 -256.58  236.459
21.58 -256.71  236.578
21.59 -256.839  236.697
21.6 -256.968  236.817
21.61 -257.098  236.936
21.62 -257.227  237.055
21.63 -257.356  237.174
21.64 -257.485  237.294
21.65 -257.615  237.413
21.66 -257.744  237.532
21.67 -257.873  237.651
21.68 -258.002  237.771
21.69 -258.132  237.89
21.7 -258.261  238.009
21.71 -258.39  238.129
21.72 -258.519  238.248
21.73 -258.649  238.367
21.74 -258.778  238.486
21.75 -258.907  238.606
21.76 -259.036  238.725
21.77 -259.166  238.844
21.78 -259.295  238.964
21.79 -259.424  239.083
21.8 -259.553  239.202
21.81 -259.683  239.321
21.82 -259.812  239.441
21.83 -259.941  239.56
21.84 -260.07  239.679
21.85 -260.2  239.799
21.86 -260.329  239.918
21.87 -260.458  240.037
21.88 -260.588  240.156
21.89 -260.717  240.276
21.9 -260.846  240.395
21.91 -260.975  240.514
21.92 -261.105  240.633
21.93 -261.234  240.753
21.94 -261.363  240.872
21.95 -261.492  240.991
21.96 -261.622  241.111
21.97 -261.751  241.23
21.98 -261.88  241.349
21.99 -262.009  241.468
22 -262.139  241.588
22.01 -262.268  241.707
22.02 -262.397  241.826
22.03 -262.526  241.946
22.04 -262.656  242.065
22.05 -262.785  242.184
22.06 -262.914  242.303
22.07 -263.043  242.423
22.08 -263.173  242.542
22.09 -263.302  242.661
22.1 -263.431  242.78
22.11 -263.561  242.9
22.12 -263.69  243.019
22.13 -263.819  243.138
22.14 -263.948  243.258
22.15 -264.078  243.377
22.16 -264.207  243.496
22.17 -264.336  243.615
22.18 -264.465  243.735
22.19 -264.595  243.854
22.2 -264.724  243.973
22.21 -264.853  244.093
22.22 -264.982  244.212
22.23 -265.112  244.331
22.24 -265.241  244.45
22.25 -265.37  244.57
22.26 -265.499  244.689
22.27 -265.629  244.808
22.28 -265.758  244.928
22.29 -265.887  245.047
22.3 -266.016  245.166
22.31 -266.146  245.285
22.32 -266.275  245.405
22.33 -266.404  245.524
22.34 -266.534  245.643
22.35 -266.663  245.762
22.36 -266.792  245.882
22.37 -266.921  246.001
22.38 -267.051  246.12
22.39 -267.18  246.24
22.4 -267.309  246.359
22.41 -267.438  246.478
22.42 -267.568  246.597
22.43 -267.697  246.717
22.44 -267.826  246.836
22.45 -267.955  246.955
22.46 -268.085  247.075
22.47 -268.214  247.194
22.48 -268.343  247.313
22.49 -268.472  247.432
22.5 -268.602  247.552
22.51 -268.731  247.671
22.52 -268.86  247.79
22.53 -268.989  247.91
22.54 -269.119  248.029
22.55 -269.248  248.148
22.56 -269.377  248.267
22.57 -269.507  248.387
22.58 -269.636  248.506
22.59 -269.765  248.625
22.6 -269.894  248.744
22.61 -270.024  248.864
22.62 -270.153  248.983
22.63 -270.282  249.102
22.64 -270.411  249.222
22.65 -270.541  249.341
22.66 -270.67  249.46
22.67 -270.799  249.579
22.68 -270.928  249.699
22.69 -271.058  249.818
22.7 -271.187  249.937
22.71 -271.316  250.057
22.72 -271.445  250.176
22.73 -271.575  250.295
22.74 -271.704  250.414
22.75 -271.833  250.534
22.76 -271.962  250.653
22.77 -272.092  250.772
22.78 -272.221  250.891
22.79 -272.35  251.011
22.8 -272.479  251.13
22.81 -272.609  251.249
22.82 -272.738  251.369
22.83 -272.867  251.488
22.84 -272.997  251.607
22.85 -273.126  251.726
22.86 -273.255  251.846
22.87 -273.384  251.965
22.88 -273.514  252.084
22.89 -273.643  252.204
22.9 -273.772  252.323
22.91 -273.901  252.442
22.92 -274.031  252.561
22.93 -274.16  252.681
22.94 -274.289  252.8
22.95 -274.418  252.919
22.96 -274.548  253.039
22.97 -274.677  253.158
22.98 -274.806  253.277
22.99 -274.935  253.396
23 -275.065  253.516
23.01 -275.194  253.635
23.02 -275.323  253.754
23.03 -275.452  253.873
23.04 -275.582  253.993
23.05 -275.711  254.112
23.06 -275.84  254.231
23.07 -275.97  254.351
23.08 -276.099  254.47
23.09 -276.228  254.589
23.1 -276.357  254.708
23.11 -276.487  254.828
23.12 -276.616  254.947
23.13 -276.745  255.066
23.14 -276.874  255.186
23.15 -277.004  255.305
23.16 -277.133  255.424
23.17 -277.262  255.543
23.18 -277.391  255.663
23.19 -277.521  255.782
23.2 -277.65  255.901
23.21 -277.779  256.02
23.22 -277.908  256.14
23.23 -278.038  256.259
23.24 -278.167  256.378
23.25 -278.296  256.498
23.26 -278.425  256.617
23.27 -278.555  256.736
23.28 -278.684  256.855
23.29 -278.813  256.975
23.3 -278.942  257.094
23.31 -279.072  257.213
23.32 -279.201  257.333
23.33 -279.33  257.452
23.34 -279.46  257.571
23.35 -279.589  257.69
23.36 -279.718  257.81
23.37 -279.847  257.929
23.38 -279.977  258.048
23.39 -280.106  258.168
23.4 -280.235  258.287
23.41 -280.364  258.406
23.42 -280.494  258.525
23.43 -280.623  258.645
23.44 -280.752  258.764
23.45 -280.881  258.883
23.46 -281.011  259.002
23.47 -281.14  259.122
23.48 -281.269  259.241
23.49 -281.398  259.36
23.5 -281.528  259.48
23.51 -281.657  259.599
23.52 -281.786  259.718
23.53 -281.915  259.837
23.54 -282.045  259.957
23.55 -282.174  260.076
23.56 -282.303  260.195
23.57 -282.433  260.315
23.58 -282.562  260.434
23.59 -282.691  260.553
23.6 -282.82  260.672
23.61 -282.95  260.792
23.62 -283.079  260.911
23.63 -283.208  261.03
23.64 -283.337  261.149
23.65 -283.467  261.269
23.66 -283.596  261.388
23.67 -283.725  261.507
23.68 -283.854  261.627
23.69 -283.984  261.746
23.7 -284.113  261.865
23.71 -284.242  261.984
23.72 -284.371  262.104
23.73 -284.501  262.223
23.74 -284.63  262.342
23.75 -284.759  262.462
23.76 -284.888  262.581
23.77 -285.018  262.7
23.78 -285.147  262.819
23.79 -285.276  262.939
23.8 -285.406  263.058
23.81 -285.535  263.177
23.82 -285.664  263.297
23.83 -285.793  263.416
23.84 -285.923  263.535
23.85 -286.052  263.654
23.86 -286.181  263.774
23.87 -286.31  263.893
23.88 -286.44  264.012
23.89 -286.569  264.131
23.9 -286.698  264.251
23.91 -286.827  264.37
23.92 -286.957  264.489
23.93 -287.086  264.609
23.94 -287.215  264.728
23.95 -287.344  264.847
23.96 -287.474  264.966
23.97 -287.603  265.086
23.98 -287.732  265.205
23.99 -287.861  265.324
24 -287.991  265.444
24.01 -288.12  265.563
24.02 -288.249  265.682
24.03 -288.378  265.801
24.04 -288.508  265.921
24.05 -288.637  266.04
24.06 -288.766  266.159
24.07 -288.896  266.278
24.08 -289.025  266.398
24.09 -289.154  266.517
24.1 -289.283  266.636
24.11 -289.413  266.756
24.12 -289.542  266.875
24.13 -289.671  266.994
24.14 -289.8  267.113
24.15 -289.93  267.233
24.16 -290.059  267.352
24.17 -290.188  267.471
24.18 -290.317  267.591
24.19 -290.447  267.71
24.2 -290.576  267.829
24.21 -290.705  267.948
24.22 -290.834  268.068
24.23 -290.964  268.187
24.24 -291.093  268.306
24.25 -291.222  268.426
24.26 -291.351  268.545
24.27 -291.481  268.664
24.28 -291.61  268.783
24.29 -291.739  268.903
24.3 -291.869  269.022
24.31 -291.998  269.141
24.32 -292.127  269.26
24.33 -292.256  269.38
24.34 -292.386  269.499
24.35 -292.515  269.618
24.36 -292.644  269.738
24.37 -292.773  269.857
24.38 -292.903  269.976
24.39 -293.032  270.095
24.4 -293.161  270.215
24.41 -293.29  270.334
24.42 -293.42  270.453
24.43 -293.549  270.573
24.44 -293.678  270.692
24.45 -293.807  270.811
24.46 -293.937  270.93
24.47 -294.066  271.05
24.48 -294.195  271.169
24.49 -294.324  271.288
24.5 -294.454  271.407
24.51 -294.583  271.527
24.52 -294.712  271.646
24.53 -294.841  271.765
24.54 -294.971  271.885
24.55 -295.1  272.004
24.56 -295.229  272.123
24.57 -295.359  272.242
24.58 -295.488  272.362
24.59 -295.617  272.481
24.6 -295.746  272.6
24.61 -295.876  272.72
24.62 -296.005  272.839
24.63 -296.134  272.958
24.64 -296.263  273.077
24.65 -296.393  273.197
24.66 -296.522  273.316
24.67 -296.651  273.435
24.68 -296.78  273.554
24.69 -296.91  273.674
24.7 -297.039  273.793
24.71 -297.168  273.912
24.72 -297.297  274.032
24.73 -297.427  274.151
24.74 -297.556  274.27
24.75 -297.685  274.389
24.76 -297.814  274.509
24.77 -297.944  274.628
24.78 -298.073  274.747
24.79 -298.202  274.867
24.8 -298.331  274.986
24.81 -298.461  275.105
24.82 -298.59  275.224
24.83 -298.719  275.344
24.84 -298.849  275.463
24.85 -298.978  275.582
24.86 -299.107  275.702
24.87 -299.236  275.821
24.88 -299.366  275.94
24.89 -299.495  276.059
24.9 -299.624  276.179
24.91 -299.753  276.298
24.92 -299.883  276.417
24.93 -300.012  276.536
24.94 -300.141  276.656
24.95 -300.27  276.775
24.96 -300.4  276.894
24.97 -300.529  277.014
24.98 -300.658  277.133
24.99 -300.787  277.252
25 -300.917  277.371
25.01 -301.046  277.491
25.02 -301.175  277.61
25.03 -301.304  277.729
25.04 -301.434  277.849
25.05 -301.563  277.968
25.06 -301.692  278.087
25.07 -301.822  278.206
25.08 -301.951  278.326
25.09 -302.08  278.445
25.1 -302.209  278.564
25.11 -302.339  278.683
25.12 -302.468  278.803
25.13 -302.597  278.922
25.14 -302.726  279.041
25.15 -302.856  279.161
25.16 -302.985  279.28
25.17 -303.114  279.399
25.18 -303.243  279.518
25.19 -303.373  279.638
25.2 -303.502  279.757
25.21 -303.631  279.876
25.22 -303.76  279.996
25.23 -303.89  280.115
25.24 -304.019  280.234
25.25 -304.148  280.353
25.26 -304.277  280.473
25.27 -304.407  280.592
25.28 -304.536  280.711
25.29 -304.665  280.83
25.3 -304.794  280.95
25.31 -304.924  281.069
25.32 -305.053  281.188
25.33 -305.182  281.308
25.34 -305.312  281.427
25.35 -305.441  281.546
25.36 -305.57  281.665
25.37 -305.699  281.785
25.38 -305.829  281.904
25.39 -305.958  282.023
25.4 -306.087  282.143
25.41 -306.216  282.262
25.42 -306.346  282.381
25.43 -306.475  282.5
25.44 -306.604  282.62
25.45 -306.733  282.739
25.46 -306.863  282.858
25.47 -306.992  282.978
25.48 -307.121  283.097
25.49 -307.25  283.216
25.5 -307.38  283.335
25.51 -307.509  283.455
25.52 -307.638  283.574
25.53 -307.767  283.693
25.54 -307.897  283.812
25.55 -308.026  283.932
25.56 -308.155  284.051
25.57 -308.285  284.17
25.58 -308.414  284.29
25.59 -308.543  284.409
25.6 -308.672  284.528
25.61 -308.802  284.647
25.62 -308.931  284.767
25.63 -309.06  284.886
25.64 -309.189  285.005
25.65 -309.319  285.125
25.66 -309.448  285.244
25.67 -309.577  285.363
25.68 -309.706  285.482
25.69 -309.836  285.602
25.7 -309.965  285.721
25.71 -310.094  285.84
25.72 -310.223  285.959
25.73 -310.353  286.079
25.74 -310.482  286.198
25.75 -310.611  286.317
25.76 -310.74  286.437
25.77 -310.87  286.556
25.78 -310.999  286.675
25.79 -311.128  286.794
25.8 -311.257  286.914
25.81 -311.387  287.033
25.82 -311.516  287.152
25.83 -311.645  287.272
25.84 -311.775  287.391
25.85 -311.904  287.51
25.86 -312.033  287.629
25.87 -312.162  287.749
25.88 -312.292  287.868
25.89 -312.421  287.987
25.9 -312.55  288.106
25.91 -312.679  288.226
25.92 -312.809  288.345
25.93 -312.938  288.464
25.94 -313.067  288.584
25.95 -313.196  288.703
25.96 -313.326  288.822
25.97 -313.455  288.941
25.98 -313.584  289.061
25.99 -313.713  289.18
26 -313.843  289.299
26.01 -313.972  289.419
26.02 -314.101  289.538
26.03 -314.23  289.657
26.04 -314.36  289.776
26.05 -314.489  289.896
26.06 -314.618  290.015
26.07 -314.747  290.134
26.08 -314.877  290.254
26.09 -315.006  290.373
26.1 -315.135  290.492
26.11 -315.265  290.611
26.12 -315.394  290.731
26.13 -315.523  290.85
26.14 -315.652  290.969
26.15 -315.782  291.088
26.16 -315.911  291.208
26.17 -316.04  291.327
26.18 -316.169  291.446
26.19 -316.299  291.566
26.2 -316.428  291.685
26.21 -316.557  291.804
26.22 -316.686  291.923
26.23 -316.816  292.043
26.24 -316.945  292.162
26.25 -317.074  292.281
26.26 -317.203  292.401
26.27 -317.333  292.52
26.28 -317.462  292.639
26.29 -317.591  292.758
26.3 -317.72  292.878
26.31 -317.85  292.997
26.32 -317.979  293.116
26.33 -318.108  293.235
26.34 -318.237  293.355
26.35 -318.367  293.474
26.36 -318.496  293.593
26.37 -318.625  293.713
26.38 -318.755  293.832
26.39 -318.884  293.951
26.4 -319.013  294.07
26.41 -319.142  294.19
26.42 -319.272  294.309
26.43 -319.401  294.428
26.44 -319.53  294.548
26.45 -319.659  294.667
26.46 -319.789  294.786
26.47 -319.918  294.905
26.48 -320.047  295.025
26.49 -320.176  295.144
26.5 -320.306  295.263
26.51 -320.435  295.382
26.52 -320.564  295.502
26.53 -320.693  295.621
26.54 -320.823  295.74
26.55 -320.952  295.86
26.56 -321.081  295.979
26.57 -321.21  296.098
26.58 -321.34  296.217
26.59 -321.469  296.337
26.6 -321.598  296.456
26.61 -321.728  296.575
26.62 -321.857  296.695
26.63 -321.986  296.814
26.64 -322.115  296.933
26.65 -322.245  297.052
26.66 -322.374  297.172
26.67 -322.503  297.291
26.68 -322.632  297.41
26.69 -322.762  297.529
26.7 -322.891  297.649
26.71 -323.02  297.768
26.72 -323.149  297.887
26.73 -323.279  298.007
26.74 -323.408  298.126
26.75 -323.537  298.245
26.76 -323.666  298.364
26.77 -323.796  298.484
26.78 -323.925  298.603
26.79 -324.054  298.722
26.8 -324.183  298.842
26.81 -324.313  298.961
26.82 -324.442  299.08
26.83 -324.571  299.199
26.84 -324.7  299.319
26.85 -324.83  299.438
26.86 -324.959  299.557
26.87 -325.088  299.677
26.88 -325.218  299.796
26.89 -325.347  299.915
26.9 -325.476  300.034
26.91 -325.605  300.154
26.92 -325.735  300.273
26.93 -325.864  300.392
26.94 -325.993  300.511
26.95 -326.122  300.631
26.96 -326.252  300.75
26.97 -326.381  300.869
26.98 -326.51  300.989
26.99 -326.639  301.108
27 -326.769  301.227
27.01 -326.898  301.346
27.02 -327.027  301.466
27.03 -327.156  301.585
27.04 -327.286  301.704
27.05 -327.415  301.824
27.06 -327.544  301.943
27.07 -327.673  302.062
27.08 -327.803  302.181
27.09 -327.932  302.301
27.1 -328.061  302.42
27.11 -328.19  302.539
27.12 -328.32  302.658
27.13 -328.449  302.778
27.14 -328.578  302.897
27.15 -328.708  303.016
27.16 -328.837  303.136
27.17 -328.966  303.255
27.18 -329.095  303.374
27.19 -329.225  303.493
27.2 -329.354  303.613
27.21 -329.483  303.732
27.22 -329.612  303.851
27.23 -329.742  303.971
27.24 -329.871  304.09
27.25 -330  304.209
27.26 -330.129  304.328
27.27 -330.259  304.448
27.28 -330.388  304.567
27.29 -330.517  304.686
27.3 -330.646  304.805
27.31 -330.776  304.925
27.32 -330.905  305.044
27.33 -331.034  305.163
27.34 -331.163  305.283
27.35 -331.293  305.402
27.36 -331.422  305.521
27.37 -331.551  305.64
27.38 -331.68  305.76
27.39 -331.81  305.879
27.4 -331.939  305.998
27.41 -332.068  306.118
27.42 -332.198  306.237
27.43 -332.327  306.356
27.44 -332.456  306.475
27.45 -332.585  306.595
27.46 -332.715  306.714
27.47 -332.844  306.833
27.48 -332.973  306.952
27.49 -333.102  307.072
27.5 -333.232  307.191
27.51 -333.361  307.31
27.52 -333.49  307.43
27.53 -333.619  307.549
27.54 -333.749  307.668
27.55 -333.878  307.787
27.56 -334.007  307.907
27.57 -334.136  308.026
27.58 -334.266  308.145
27.59 -334.395  308.265
27.6 -334.524  308.384
27.61 -334.653  308.503
27.62 -334.783  308.622
27.63 -334.912  308.742
27.64 -335.041  308.861
27.65 -335.17  308.98
27.66 -335.3  309.1
27.67 -335.429  309.219
27.68 -335.558  309.338
27.69 -335.688  309.457
27.7 -335.817  309.577
27.71 -335.946  309.696
27.72 -336.075  309.815
27.73 -336.205  309.934
27.74 -336.334  310.054
27.75 -336.463  310.173
27.76 -336.592  310.292
27.77 -336.722  310.412
27.78 -336.851  310.531
27.79 -336.98  310.65
27.8 -337.109  310.769
27.81 -337.239  310.889
27.82 -337.368  311.008
27.83 -337.497  311.127
27.84 -337.626  311.247
27.85 -337.756  311.366
27.86 -337.885  311.485
27.87 -338.014  311.604
27.88 -338.143  311.724
27.89 -338.273  311.843
27.9 -338.402  311.962
27.91 -338.531  312.081
27.92 -338.66  312.201
27.93 -338.79  312.32
27.94 -338.919  312.439
27.95 -339.048  312.559
27.96 -339.178  312.678
27.97 -339.307  312.797
27.98 -339.436  312.916
27.99 -339.565  313.036
28 -339.695  313.155
28.01 -339.824  313.274
28.02 -339.953  313.394
28.03 -340.082  313.513
28.04 -340.212  313.632
28.05 -340.341  313.751
28.06 -340.47  313.871
28.07 -340.599  313.99
28.08 -340.729  314.109
28.09 -340.858  314.228
28.1 -340.987  314.348
28.11 -341.116  314.467
28.12 -341.246  314.586
28.13 -341.375  314.706
28.14 -341.504  314.825
28.15 -341.633  314.944
28.16 -341.763  315.063
28.17 -341.892  315.183
28.18 -342.021  315.302
28.19 -342.15  315.421
28.2 -342.28  315.541
28.21 -342.409  315.66
28.22 -342.538  315.779
28.23 -342.668  315.898
28.24 -342.797  316.018
28.25 -342.926  316.137
28.26 -343.055  316.256
28.27 -343.185  316.375
28.28 -343.314  316.495
28.29 -343.443  316.614
28.3 -343.572  316.733
28.31 -343.702  316.853
28.32 -343.831  316.972
28.33 -343.96  317.091
28.34 -344.089  317.21
28.35 -344.219  317.33
28.36 -344.348  317.449
28.37 -344.477  317.568
28.38 -344.606  317.688
28.39 -344.736  317.807
28.4 -344.865  317.926
28.41 -344.994  318.045
28.42 -345.123  318.165
28.43 -345.253  318.284
28.44 -345.382  318.403
28.45 -345.511  318.522
28.46 -345.641  318.642
28.47 -345.77  318.761
28.48 -345.899  318.88
28.49 -346.028  319
28.5 -346.158  319.119
28.51 -346.287  319.238
28.52 -346.416  319.357
28.53 -346.545  319.477
28.54 -346.675  319.596
28.55 -346.804  319.715
28.56 -346.933  319.835
28.57 -347.062  319.954
28.58 -347.192  320.073
28.59 -347.321  320.192
28.6 -347.45  320.312
28.61 -347.579  320.431
28.62 -347.709  320.55
28.63 -347.838  320.67
28.64 -347.967  320.789
28.65 -348.096  320.908
28.66 -348.226  321.027
28.67 -348.355  321.147
28.68 -348.484  321.266
28.69 -348.613  321.385
28.7 -348.743  321.504
28.71 -348.872  321.624
28.72 -349.001  321.743
28.73 -349.131  321.862
28.74 -349.26  321.982
28.75 -349.389  322.101
28.76 -349.518  322.22
28.77 -349.648  322.339
28.78 -349.777  322.459
28.79 -349.906  322.578
28.8 -350.035  322.697
28.81 -350.165  322.817
28.82 -350.294  322.936
28.83 -350.423  323.055
28.84 -350.552  323.174
28.85 -350.682  323.294
28.86 -350.811  323.413
28.87 -350.94  323.532
28.88 -351.069  323.651
28.89 -351.199  323.771
28.9 -351.328  323.89
28.91 -351.457  324.009
28.92 -351.586  324.129
28.93 -351.716  324.248
28.94 -351.845  324.367
28.95 -351.974  324.486
28.96 -352.103  324.606
28.97 -352.233  324.725
28.98 -352.362  324.844
28.99 -352.491  324.964
29 -352.621  325.083
29.01 -352.75  325.202
29.02 -352.879  325.321
29.03 -353.008  325.441
29.04 -353.138  325.56
29.05 -353.267  325.679
29.06 -353.396  325.798
29.07 -353.525  325.918
29.08 -353.655  326.037
29.09 -353.784  326.156
29.1 -353.913  326.276
29.11 -354.042  326.395
29.12 -354.172  326.514
29.13 -354.301  326.633
29.14 -354.43  326.753
29.15 -354.559  326.872
29.16 -354.689  326.991
29.17 -354.818  327.111
29.18 -354.947  327.23
29.19 -355.076  327.349
29.2 -355.206  327.468
29.21 -355.335  327.588
29.22 -355.464  327.707
29.23 -355.593  327.826
29.24 -355.723  327.945
29.25 -355.852  328.065
29.26 -355.981  328.184
29.27 -356.111  328.303
29.28 -356.24  328.423
29.29 -356.369  328.542
29.3 -356.498  328.661
29.31 -356.628  328.78
29.32 -356.757  328.9
29.33 -356.886  329.019
29.34 -357.015  329.138
29.35 -357.145  329.258
29.36 -357.274  329.377
29.37 -357.403  329.496
29.38 -357.532  329.615
29.39 -357.662  329.735
29.4 -357.791  329.854
29.41 -357.92  329.973
29.42 -358.049  330.092
29.43 -358.179  330.212
29.44 -358.308  330.331
29.45 -358.437  330.45
29.46 -358.566  330.57
29.47 -358.696  330.689
29.48 -358.825  330.808
29.49 -358.954  330.927
29.5 -359.083  331.047
29.51 -359.213  331.166
29.52 -359.342  331.285
29.53 -359.471  331.405
29.54 -359.6  331.524
29.55 -359.73  331.643
29.56 -359.859  331.762
29.57 -359.988  331.882
29.58 -360.118  332.001
29.59 -360.247  332.12
29.6 -360.376  332.239
29.61 -360.505  332.359
29.62 -360.635  332.478
29.63 -360.764  332.597
29.64 -360.893  332.717
29.65 -361.022  332.836
29.66 -361.152  332.955
29.67 -361.281  333.074
29.68 -361.41  333.194
29.69 -361.539  333.313
29.7 -361.669  333.432
29.71 -361.798  333.552
29.72 -361.927  333.671
29.73 -362.056  333.79
29.74 -362.186  333.909
29.75 -362.315  334.029
29.76 -362.444  334.148
29.77 -362.573  334.267
29.78 -362.703  334.386
29.79 -362.832  334.506
29.8 -362.961  334.625
29.81 -363.09  334.744
29.82 -363.22  334.864
29.83 -363.349  334.983
29.84 -363.478  335.102
29.85 -363.608  335.221
29.86 -363.737  335.341
29.87 -363.866  335.46
29.88 -363.995  335.579
29.89 -364.125  335.699
29.9 -364.254  335.818
29.91 -364.383  335.937
29.92 -364.512  336.056
29.93 -364.642  336.176
29.94 -364.771  336.295
29.95 -364.9  336.414
29.96 -365.029  336.533
29.97 -365.159  336.653
29.98 -365.288  336.772
29.99 -365.417  336.891
30 -365.546  337.011
30.01 -365.676  337.13
30.02 -365.805  337.249
30.03 -365.934  337.368
30.04 -366.063  337.488
30.05 -366.193  337.607
30.06 -366.322  337.726
30.07 -366.451  337.846
30.08 -366.58  337.965
30.09 -366.71  338.084
30.1 -366.839  338.203
30.11 -366.968  338.323
30.12 -367.098  338.442
30.13 -367.227  338.561
30.14 -367.356  338.68
30.15 -367.485  338.8
30.16 -367.615  338.919
30.17 -367.744  339.038
30.18 -367.873  339.158
30.19 -368.002  339.277
30.2 -368.132  339.396
30.21 -368.261  339.515
30.22 -368.39  339.635
30.23 -368.519  339.754
30.24 -368.649  339.873
30.25 -368.778  339.993
30.26 -368.907  340.112
30.27 -369.036  340.231
30.28 -369.166  340.35
30.29 -369.295  340.47
30.3 -369.424  340.589
30.31 -369.553  340.708
30.32 -369.683  340.828
30.33 -369.812  340.947
30.34 -369.941  341.066
30.35 -370.07  341.185
30.36 -370.2  341.305
30.37 -370.329  341.424
30.38 -370.458  341.543
30.39 -370.588  341.662
30.4 -370.717  341.782
30.41 -370.846  341.901
30.42 -370.975  342.02
30.43 -371.105  342.14
30.44 -371.234  342.259
30.45 -371.363  342.378
30.46 -371.492  342.497
30.47 -371.622  342.617
30.48 -371.751  342.736
30.49 -371.88  342.855
30.5 -372.009  342.975
30.51 -372.139  343.094
30.52 -372.268  343.213
30.53 -372.397  343.332
30.54 -372.526  343.452
30.55 -372.656  343.571
30.56 -372.785  343.69
30.57 -372.914  343.809
30.58 -373.043  343.929
30.59 -373.173  344.048
30.6 -373.302  344.167
30.61 -373.431  344.287
30.62 -373.56  344.406
30.63 -373.69  344.525
30.64 -373.819  344.644
30.65 -373.948  344.764
30.66 -374.078  344.883
30.67 -374.207  345.002
30.68 -374.336  345.122
30.69 -374.465  345.241
30.7 -374.595  345.36
30.71 -374.724  345.479
30.72 -374.853  345.599
30.73 -374.982  345.718
30.74 -375.112  345.837
30.75 -375.241  345.956
30.76 -375.37  346.076
30.77 -375.499  346.195
30.78 -375.629  346.314
30.79 -375.758  346.434
30.8 -375.887  346.553
30.81 -376.016  346.672
30.82 -376.146  346.791
30.83 -376.275  346.911
30.84 -376.404  347.03
30.85 -376.533  347.149
30.86 -376.663  347.269
30.87 -376.792  347.388
30.88 -376.921  347.507
30.89 -377.05  347.626
30.9 -377.18  347.746
30.91 -377.309  347.865
30.92 -377.438  347.984
30.93 -377.568  348.103
30.94 -377.697  348.223
30.95 -377.826  348.342
30.96 -377.955  348.461
30.97 -378.085  348.581
30.98 -378.214  348.7
30.99 -378.343  348.819
31 -378.472  348.938
31.01 -378.602  349.058
31.02 -378.731  349.177
31.03 -378.86  349.296
31.04 -378.989  349.416
31.05 -379.119  349.535
31.06 -379.248  349.654
31.07 -379.377  349.773
31.08 -379.506  349.893
31.09 -379.636  350.012
31.1 -379.765  350.131
31.11 -379.894  350.25
31.12 -380.023  350.37
31.13 -380.153  350.489
31.14 -380.282  350.608
31.15 -380.411  350.728
31.16 -380.54  350.847
31.17 -380.67  350.966
31.18 -380.799  351.085
31.19 -380.928  351.205
31.2 -381.058  351.324
31.21 -381.187  351.443
31.22 -381.316  351.563
31.23 -381.445  351.682
31.24 -381.575  351.801
31.25 -381.704  351.92
31.26 -381.833  352.04
31.27 -381.962  352.159
31.28 -382.092  352.278
31.29 -382.221  352.397
31.3 -382.35  352.517
31.31 -382.479  352.636
31.32 -382.609  352.755
31.33 -382.738  352.875
31.34 -382.867  352.994
31.35 -382.996  353.113
31.36 -383.126  353.232
31.37 -383.255  353.352
31.38 -383.384  353.471
31.39 -383.513  353.59
31.4 -383.643  353.71
31.41 -383.772  353.829
31.42 -383.901  353.948
31.43 -384.03  354.067
31.44 -384.16  354.187
31.45 -384.289  354.306
31.46 -384.418  354.425
31.47 -384.547  354.544
31.48 -384.677  354.664
31.49 -384.806  354.783
31.5 -384.935  354.902
31.51 -385.065  355.022
31.52 -385.194  355.141
31.53 -385.323  355.26
31.54 -385.452  355.379
31.55 -385.582  355.499
31.56 -385.711  355.618
31.57 -385.84  355.737
31.58 -385.969  355.857
31.59 -386.099  355.976
31.6 -386.228  356.095
31.61 -386.357  356.214
31.62 -386.486  356.334
31.63 -386.616  356.453
31.64 -386.745  356.572
31.65 -386.874  356.691
31.66 -387.003  356.811
31.67 -387.133  356.93
31.68 -387.262  357.049
31.69 -387.391  357.169
31.7 -387.52  357.288
31.71 -387.65  357.407
31.72 -387.779  357.526
31.73 -387.908  357.646
31.74 -388.037  357.765
31.75 -388.167  357.884
31.76 -388.296  358.004
31.77 -388.425  358.123
31.78 -388.555  358.242
31.79 -388.684  358.361
31.8 -388.813  358.481
31.81 -388.942  358.6
31.82 -389.072  358.719
31.83 -389.201  358.838
31.84 -389.33  358.958
31.85 -389.459  359.077
31.86 -389.589  359.196
31.87 -389.718  359.316
31.88 -389.847  359.435
31.89 -389.976  359.554
31.9 -390.106  359.673
31.91 -390.235  359.793
31.92 -390.364  359.912
31.93 -390.493  360.031
31.94 -390.623  360.151
31.95 -390.752  360.27
31.96 -390.881  360.389
31.97 -391.01  360.508
31.98 -391.14  360.628
31.99 -391.269  360.747
32 -391.398  360.866
32.01 -391.527  360.985
32.02 -391.657  361.105
32.03 -391.786  361.224
32.04 -391.915  361.343
32.05 -392.045  361.463
32.06 -392.174  361.582
32.07 -392.303  361.701
32.08 -392.432  361.82
32.09 -392.562  361.94
32.1 -392.691  362.059
32.11 -392.82  362.178
32.12 -392.949  362.298
32.13 -393.079  362.417
32.14 -393.208  362.536
32.15 -393.337  362.655
32.16 -393.466  362.775
32.17 -393.596  362.894
32.18 -393.725  363.013
32.19 -393.854  363.132
32.2 -393.983  363.252
32.21 -394.113  363.371
32.22 -394.242  363.49
32.23 -394.371  363.61
32.24 -394.5  363.729
32.25 -394.63  363.848
32.26 -394.759  363.967
32.27 -394.888  364.087
32.28 -395.017  364.206
32.29 -395.147  364.325
32.3 -395.276  364.445
32.31 -395.405  364.564
32.32 -395.535  364.683
32.33 -395.664  364.802
32.34 -395.793  364.922
32.35 -395.922  365.041
32.36 -396.052  365.16
32.37 -396.181  365.279
32.38 -396.31  365.399
32.39 -396.439  365.518
32.4 -396.569  365.637
32.41 -396.698  365.757
32.42 -396.827  365.876
32.43 -396.956  365.995
32.44 -397.086  366.114
32.45 -397.215  366.234
32.46 -397.344  366.353
32.47 -397.473  366.472
32.48 -397.603  366.592
32.49 -397.732  366.711
32.5 -397.861  366.83
32.51 -397.99  366.949
32.52 -398.12  367.069
32.53 -398.249  367.188
32.54 -398.378  367.307
32.55 -398.507  367.426
32.56 -398.637  367.546
32.57 -398.766  367.665
32.58 -398.895  367.784
32.59 -399.024  367.904
32.6 -399.154  368.023
32.61 -399.283  368.142
32.62 -399.412  368.261
32.63 -399.542  368.381
32.64 -399.671  368.5
32.65 -399.8  368.619
32.66 -399.929  368.739
32.67 -400.059  368.858
32.68 -400.188  368.977
32.69 -400.317  369.096
32.7 -400.446  369.216
32.71 -400.576  369.335
32.72 -400.705  369.454
32.73 -400.834  369.573
32.74 -400.963  369.693
32.75 -401.093  369.812
32.76 -401.222  369.931
32.77 -401.351  370.051
32.78 -401.48  370.17
32.79 -401.61  370.289
32.8 -401.739  370.408
32.81 -401.868  370.528
32.82 -401.997  370.647
32.83 -402.127  370.766
32.84 -402.256  370.886
32.85 -402.385  371.005
32.86 -402.514  371.124
32.87 -402.644  371.243
32.88 -402.773  371.363
32.89 -402.902  371.482
32.9 -403.032  371.601
32.91 -403.161  371.72
32.92 -403.29  371.84
32.93 -403.419  371.959
32.94 -403.549  372.078
32.95 -403.678  372.198
32.96 -403.807  372.317
32.97 -403.936  372.436
32.98 -404.066  372.555
32.99 -404.195  372.675
33 -404.324  372.794
33.01 -404.453  372.913
33.02 -404.583  373.033
33.03 -404.712  373.152
33.04 -404.841  373.271
33.05 -404.97  373.39
33.06 -405.1  373.51
33.07 -405.229  373.629
33.08 -405.358  373.748
33.09 -405.487  373.867
33.1 -405.617  373.987
33.11 -405.746  374.106
33.12 -405.875  374.225
33.13 -406.004  374.345
33.14 -406.134  374.464
33.15 -406.263  374.583
33.16 -406.392  374.702
33.17 -406.522  374.822
33.18 -406.651  374.941
33.19 -406.78  375.06
33.2 -406.909  375.18
33.21 -407.039  375.299
33.22 -407.168  375.418
33.23 -407.297  375.537
33.24 -407.426  375.657
33.25 -407.556  375.776
33.26 -407.685  375.895
33.27 -407.814  376.014
33.28 -407.943  376.134
33.29 -408.073  376.253
33.3 -408.202  376.372
33.31 -408.331  376.492
33.32 -408.46  376.611
33.33 -408.59  376.73
33.34 -408.719  376.849
33.35 -408.848  376.969
33.36 -408.977  377.088
33.37 -409.107  377.207
33.38 -409.236  377.327
33.39 -409.365  377.446
33.4 -409.494  377.565
33.41 -409.624  377.684
33.42 -409.753  377.804
33.43 -409.882  377.923
33.44 -410.011  378.042
33.45 -410.141  378.161
33.46 -410.27  378.281
33.47 -410.399  378.4
33.48 -410.529  378.519
33.49 -410.658  378.639
33.5 -410.787  378.758
33.51 -410.916  378.877
33.52 -411.046  378.996
33.53 -411.175  379.116
33.54 -411.304  379.235
33.55 -411.433  379.354
33.56 -411.563  379.474
33.57 -411.692  379.593
33.58 -411.821  379.712
33.59 -411.95  379.831
33.6 -412.08  379.951
33.61 -412.209  380.07
33.62 -412.338  380.189
33.63 -412.467  380.308
33.64 -412.597  380.428
33.65 -412.726  380.547
33.66 -412.855  380.666
33.67 -412.984  380.786
33.68 -413.114  380.905
33.69 -413.243  381.024
33.7 -413.372  381.143
33.71 -413.501  381.263
33.72 -413.631  381.382
33.73 -413.76  381.501
33.74 -413.889  381.621
33.75 -414.019  381.74
33.76 -414.148  381.859
33.77 -414.277  381.978
33.78 -414.406  382.098
33.79 -414.536  382.217
33.8 -414.665  382.336
33.81 -414.794  382.455
33.82 -414.923  382.575
33.83 -415.053  382.694
33.84 -415.182  382.813
33.85 -415.311  382.933
33.86 -415.44  383.052
33.87 -415.57  383.171
33.88 -415.699  383.29
33.89 -415.828  383.41
33.9 -415.957  383.529
33.91 -416.087  383.648
33.92 -416.216  383.768
33.93 -416.345  383.887
33.94 -416.474  384.006
33.95 -416.604  384.125
33.96 -416.733  384.245
33.97 -416.862  384.364
33.98 -416.991  384.483
33.99 -417.121  384.602
34 -417.25  384.722
34.01 -417.379  384.841
34.02 -417.508  384.96
34.03 -417.638  385.08
34.04 -417.767  385.199
34.05 -417.896  385.318
34.06 -418.026  385.437
34.07 -418.155  385.557
34.08 -418.284  385.676
34.09 -418.413  385.795
34.1 -418.543  385.915
34.11 -418.672  386.034
34.12 -418.801  386.153
34.13 -418.93  386.272
34.14 -419.06  386.392
34.15 -419.189  386.511
34.16 -419.318  386.63
34.17 -419.447  386.749
34.18 -419.577  386.869
34.19 -419.706  386.988
34.2 -419.835  387.107
34.21 -419.964  387.227
34.22 -420.094  387.346
34.23 -420.223  387.465
34.24 -420.352  387.584
34.25 -420.481  387.704
34.26 -420.611  387.823
34.27 -420.74  387.942
34.28 -420.869  388.062
34.29 -420.998  388.181
34.3 -421.128  388.3
34.31 -421.257  388.419
34.32 -421.386  388.539
34.33 -421.516  388.658
34.34 -421.645  388.777
34.35 -421.774  388.896
34.36 -421.903  389.016
34.37 -422.033  389.135
34.38 -422.162  389.254
34.39 -422.291  389.374
34.4 -422.42  389.493
34.41 -422.55  389.612
34.42 -422.679  389.731
34.43 -422.808  389.851
34.44 -422.937  389.97
34.45 -423.067  390.089
34.46 -423.196  390.209
34.47 -423.325  390.328
34.48 -423.454  390.447
34.49 -423.584  390.566
34.5 -423.713  390.686
34.51 -423.842  390.805
34.52 -423.971  390.924
34.53 -424.101  391.043
34.54 -424.23  391.163
34.55 -424.359  391.282
34.56 -424.488  391.401
34.57 -424.618  391.521
34.58 -424.747  391.64
34.59 -424.876  391.759
34.6 -425.006  391.878
34.61 -425.135  391.998
34.62 -425.264  392.117
34.63 -425.393  392.236
34.64 -425.523  392.356
34.65 -425.652  392.475
34.66 -425.781  392.594
34.67 -425.91  392.713
34.68 -426.04  392.833
34.69 -426.169  392.952
34.7 -426.298  393.071
34.71 -426.427  393.19
34.72 -426.557  393.31
34.73 -426.686  393.429
34.74 -426.815  393.548
34.75 -426.944  393.668
34.76 -427.074  393.787
34.77 -427.203  393.906
34.78 -427.332  394.025
34.79 -427.461  394.145
34.8 -427.591  394.264
34.81 -427.72  394.383
34.82 -427.849  394.503
34.83 -427.978  394.622
34.84 -428.108  394.741
34.85 -428.237  394.86
34.86 -428.366  394.98
34.87 -428.495  395.099
34.88 -428.625  395.218
34.89 -428.754  395.337
34.9 -428.883  395.457
34.91 -429.013  395.576
34.92 -429.142  395.695
34.93 -429.271  395.815
34.94 -429.4  395.934
34.95 -429.53  396.053
34.96 -429.659  396.172
34.97 -429.788  396.292
34.98 -429.917  396.411
34.99 -430.047  396.53
35 -430.176  396.65
35.01 -430.305  396.769
35.02 -430.434  396.888
35.03 -430.564  397.007
35.04 -430.693  397.127
35.05 -430.822  397.246
35.06 -430.951  397.365
35.07 -431.081  397.484
35.08 -431.21  397.604
35.09 -431.339  397.723
35.1 -431.468  397.842
35.11 -431.598  397.962
35.12 -431.727  398.081
35.13 -431.856  398.2
35.14 -431.985  398.319
35.15 -432.115  398.439
35.16 -432.244  398.558
35.17 -432.373  398.677
35.18 -432.503  398.797
35.19 -432.632  398.916
35.2 -432.761  399.035
35.21 -432.89  399.154
35.22 -433.02  399.274
35.23 -433.149  399.393
35.24 -433.278  399.512
35.25 -433.407  399.631
35.26 -433.537  399.751
35.27 -433.666  399.87
35.28 -433.795  399.989
35.29 -433.924  400.109
35.3 -434.054  400.228
35.31 -434.183  400.347
35.32 -434.312  400.466
35.33 -434.441  400.586
35.34 -434.571  400.705
35.35 -434.7  400.824
35.36 -434.829  400.943
35.37 -434.958  401.063
35.38 -435.088  401.182
35.39 -435.217  401.301
35.4 -435.346  401.421
35.41 -435.475  401.54
35.42 -435.605  401.659
35.43 -435.734  401.778
35.44 -435.863  401.898
35.45 -435.992  402.017
35.46 -436.122  402.136
35.47 -436.251  402.256
35.48 -436.38  402.375
35.49 -436.51  402.494
35.5 -436.639  402.613
35.51 -436.768  402.733
35.52 -436.897  402.852
35.53 -437.027  402.971
35.54 -437.156  403.09
35.55 -437.285  403.21
35.56 -437.414  403.329
35.57 -437.544  403.448
35.58 -437.673  403.568
35.59 -437.802  403.687
35.6 -437.931  403.806
35.61 -438.061  403.925
35.62 -438.19  404.045
35.63 -438.319  404.164
35.64 -438.448  404.283
35.65 -438.578  404.403
35.66 -438.707  404.522
35.67 -438.836  404.641
35.68 -438.965  404.76
35.69 -439.095  404.88
35.7 -439.224  404.999
35.71 -439.353  405.118
35.72 -439.482  405.237
35.73 -439.612  405.357
35.74 -439.741  405.476
35.75 -439.87  405.595
35.76 -439.999  405.715
35.77 -440.129  405.834
35.78 -440.258  405.953
35.79 -440.387  406.072
35.8 -440.517  406.192
35.81 -440.646  406.311
35.82 -440.775  406.43
35.83 -440.904  406.55
35.84 -441.034  406.669
35.85 -441.163  406.788
35.86 -441.292  406.907
35.87 -441.421  407.027
35.88 -441.551  407.146
35.89 -441.68  407.265
35.9 -441.809  407.384
35.91 -441.938  407.504
35.92 -442.068  407.623
35.93 -442.197  407.742
35.94 -442.326  407.862
35.95 -442.455  407.981
35.96 -442.585  408.1
35.97 -442.714  408.219
35.98 -442.843  408.339
35.99 -442.972  408.458
36 -443.102  408.577
36.01 -443.231  408.697
36.02 -443.36  408.816
36.03 -443.489  408.935
36.04 -443.619  409.054
36.05 -443.748  409.174
36.06 -443.877  409.293
36.07 -444.007  409.412
36.08 -444.136  409.531
36.09 -444.265  409.651
36.1 -444.394  409.77
36.11 -444.524  409.889
36.12 -444.653  410.009
36.13 -444.782  410.128
36.14 -444.911  410.247
36.15 -445.041  410.366
36.16 -445.17  410.486
36.17 -445.299  410.605
36.18 -445.428  410.724
36.19 -445.558  410.844
36.2 -445.687  410.963
36.21 -445.816  411.082
36.22 -445.945  411.201
36.23 -446.075  411.321
36.24 -446.204  411.44
36.25 -446.333  411.559
36.26 -446.462  411.678
36.27 -446.592  411.798
36.28 -446.721  411.917
36.29 -446.85  412.036
36.3 -446.979  412.156
36.31 -447.109  412.275
36.32 -447.238  412.394
36.33 -447.367  412.513
36.34 -447.496  412.633
36.35 -447.626  412.752
36.36 -447.755  412.871
36.37 -447.884  412.991
36.38 -448.014  413.11
36.39 -448.143  413.229
36.4 -448.272  413.348
36.41 -448.401  413.468
36.42 -448.531  413.587
36.43 -448.66  413.706
36.44 -448.789  413.825
36.45 -448.918  413.945
36.46 -449.048  414.064
36.47 -449.177  414.183
36.48 -449.306  414.303
36.49 -449.435  414.422
36.5 -449.565  414.541
36.51 -449.694  414.66
36.52 -449.823  414.78
36.53 -449.952  414.899
36.54 -450.082  415.018
36.55 -450.211  415.138
36.56 -450.34  415.257
36.57 -450.469  415.376
36.58 -450.599  415.495
36.59 -450.728  415.615
36.6 -450.857  415.734
36.61 -450.986  415.853
36.62 -451.116  415.972
36.63 -451.245  416.092
36.64 -451.374  416.211
36.65 -451.504  416.33
36.66 -451.633  416.45
36.67 -451.762  416.569
36.68 -451.891  416.688
36.69 -452.021  416.807
36.7 -452.15  416.927
36.71 -452.279  417.046
36.72 -452.408  417.165
36.73 -452.538  417.285
36.74 -452.667  417.404
36.75 -452.796  417.523
36.76 -452.925  417.642
36.77 -453.055  417.762
36.78 -453.184  417.881
36.79 -453.313  418
36.8 -453.442  418.119
36.81 -453.572  418.239
36.82 -453.701  418.358
36.83 -453.83  418.477
36.84 -453.959  418.597
36.85 -454.089  418.716
36.86 -454.218  418.835
36.87 -454.347  418.954
36.88 -454.476  419.074
36.89 -454.606  419.193
36.9 -454.735  419.312
36.91 -454.864  419.432
36.92 -454.993  419.551
36.93 -455.123  419.67
36.94 -455.252  419.789
36.95 -455.381  419.909
36.96 -455.511  420.028
36.97 -455.64  420.147
36.98 -455.769  420.266
36.99 -455.898  420.386
37 -456.028  420.505
37.01 -456.157  420.624
37.02 -456.286  420.744
37.03 -456.415  420.863
37.04 -456.545  420.982
37.05 -456.674  421.101
37.06 -456.803  421.221
37.07 -456.932  421.34
37.08 -457.062  421.459
37.09 -457.191  421.578
37.1 -457.32  421.698
37.11 -457.449  421.817
37.12 -457.579  421.936
37.13 -457.708  422.056
37.14 -457.837  422.175
37.15 -457.966  422.294
37.16 -458.096  422.413
37.17 -458.225  422.533
37.18 -458.354  422.652
37.19 -458.483  422.771
37.2 -458.613  422.891
37.21 -458.742  423.01
37.22 -458.871  423.129
37.23 -459  423.248
37.24 -459.13  423.368
37.25 -459.259  423.487
37.26 -459.388  423.606
37.27 -459.518  423.725
37.28 -459.647  423.845
37.29 -459.776  423.964
37.3 -459.905  424.083
37.31 -460.035  424.203
37.32 -460.164  424.322
37.33 -460.293  424.441
37.34 -460.422  424.56
37.35 -460.552  424.68
37.36 -460.681  424.799
37.37 -460.81  424.918
37.38 -460.939  425.038
37.39 -461.069  425.157
37.4 -461.198  425.276
37.41 -461.327  425.395
37.42 -461.456  425.515
37.43 -461.586  425.634
37.44 -461.715  425.753
37.45 -461.844  425.872
37.46 -461.973  425.992
37.47 -462.103  426.111
37.48 -462.232  426.23
37.49 -462.361  426.35
37.5 -462.49  426.469
37.51 -462.62  426.588
37.52 -462.749  426.707
37.53 -462.878  426.827
37.54 -463.008  426.946
37.55 -463.137  427.065
37.56 -463.266  427.185
37.57 -463.395  427.304
37.58 -463.525  427.423
37.59 -463.654  427.542
37.6 -463.783  427.662
37.61 -463.912  427.781
37.62 -464.042  427.9
37.63 -464.171  428.019
37.64 -464.3  428.139
37.65 -464.429  428.258
37.66 -464.559  428.377
37.67 -464.688  428.497
37.68 -464.817  428.616
37.69 -464.946  428.735
37.7 -465.076  428.854
37.71 -465.205  428.974
37.72 -465.334  429.093
37.73 -465.463  429.212
37.74 -465.593  429.332
37.75 -465.722  429.451
37.76 -465.851  429.57
37.77 -465.98  429.689
37.78 -466.11  429.809
37.79 -466.239  429.928
37.8 -466.368  430.047
37.81 -466.497  430.166
37.82 -466.627  430.286
37.83 -466.756  430.405
37.84 -466.885  430.524
37.85 -467.015  430.644
37.86 -467.144  430.763
37.87 -467.273  430.882
37.88 -467.402  431.001
37.89 -467.532  431.121
37.9 -467.661  431.24
37.91 -467.79  431.359
37.92 -467.919  431.479
37.93 -468.049  431.598
37.94 -468.178  431.717
37.95 -468.307  431.836
37.96 -468.436  431.956
37.97 -468.566  432.075
37.98 -468.695  432.194
37.99 -468.824  432.313
38 -468.953  432.433
38.01 -469.083  432.552
38.02 -469.212  432.671
38.03 -469.341  432.791
38.04 -469.47  432.91
38.05 -469.6  433.029
38.06 -469.729  433.148
38.07 -469.858  433.268
38.08 -469.987  433.387
38.09 -470.117  433.506
38.1 -470.246  433.626
38.11 -470.375  433.745
38.12 -470.504  433.864
38.13 -470.634  433.983
38.14 -470.763  434.103
38.15 -470.892  434.222
38.16 -471.022  434.341
38.17 -471.151  434.46
38.18 -471.28  434.58
38.19 -471.409  434.699
38.2 -471.539  434.818
38.21 -471.668  434.938
38.22 -471.797  435.057
38.23 -471.926  435.176
38.24 -472.056  435.295
38.25 -472.185  435.415
38.26 -472.314  435.534
38.27 -472.443  435.653
38.28 -472.573  435.773
38.29 -472.702  435.892
38.3 -472.831  436.011
38.31 -472.96  436.13
38.32 -473.09  436.25
38.33 -473.219  436.369
38.34 -473.348  436.488
38.35 -473.477  436.607
38.36 -473.607  436.727
38.37 -473.736  436.846
38.38 -473.865  436.965
38.39 -473.994  437.085
38.4 -474.124  437.204
38.41 -474.253  437.323
38.42 -474.382  437.442
38.43 -474.512  437.562
38.44 -474.641  437.681
38.45 -474.77  437.8
38.46 -474.899  437.919
38.47 -475.029  438.039
38.48 -475.158  438.158
38.49 -475.287  438.277
38.5 -475.416  438.397
38.51 -475.546  438.516
38.52 -475.675  438.635
38.53 -475.804  438.754
38.54 -475.933  438.874
38.55 -476.063  438.993
38.56 -476.192  439.112
38.57 -476.321  439.232
38.58 -476.45  439.351
38.59 -476.58  439.47
38.6 -476.709  439.589
38.61 -476.838  439.709
38.62 -476.967  439.828
38.63 -477.097  439.947
38.64 -477.226  440.066
38.65 -477.355  440.186
38.66 -477.484  440.305
38.67 -477.614  440.424
38.68 -477.743  440.544
38.69 -477.872  440.663
38.7 -478.001  440.782
38.71 -478.131  440.901
38.72 -478.26  441.021
38.73 -478.389  441.14
38.74 -478.519  441.259
38.75 -478.648  441.379
38.76 -478.777  441.498
38.77 -478.906  441.617
38.78 -479.036  441.736
38.79 -479.165  441.856
38.8 -479.294  441.975
38.81 -479.423  442.094
38.82 -479.553  442.213
38.83 -479.682  442.333
38.84 -479.811  442.452
38.85 -479.94  442.571
38.86 -480.07  442.691
38.87 -480.199  442.81
38.88 -480.328  442.929
38.89 -480.457  443.048
38.9 -480.587  443.168
38.91 -480.716  443.287
38.92 -480.845  443.406
38.93 -480.974  443.526
38.94 -481.104  443.645
38.95 -481.233  443.764
38.96 -481.362  443.883
38.97 -481.491  444.003
38.98 -481.621  444.122
38.99 -481.75  444.241
39 -481.879  444.36
39.01 -482.008  444.48
39.02 -482.138  444.599
39.03 -482.267  444.718
39.04 -482.396  444.838
39.05 -482.526  444.957
39.06 -482.655  445.076
39.07 -482.784  445.195
39.08 -482.913  445.315
39.09 -483.043  445.434
39.1 -483.172  445.553
39.11 -483.301  445.673
39.12 -483.43  445.792
39.13 -483.56  445.911
39.14 -483.689  446.03
39.15 -483.818  446.15
39.16 -483.947  446.269
39.17 -484.077  446.388
39.18 -484.206  446.507
39.19 -484.335  446.627
39.2 -484.464  446.746
39.21 -484.594  446.865
39.22 -484.723  446.985
39.23 -484.852  447.104
39.24 -484.981  447.223
39.25 -485.111  447.342
39.26 -485.24  447.462
39.27 -485.369  447.581
39.28 -485.498  447.7
39.29 -485.628  447.82
39.3 -485.757  447.939
39.31 -485.886  448.058
39.32 -486.015  448.177
39.33 -486.145  448.297
39.34 -486.274  448.416
39.35 -486.403  448.535
39.36 -486.533  448.654
39.37 -486.662  448.774
39.38 -486.791  448.893
39.39 -486.92  449.012
39.4 -487.05  449.132
39.41 -487.179  449.251
39.42 -487.308  449.37
39.43 -487.437  449.489
39.44 -487.567  449.609
39.45 -487.696  449.728
39.46 -487.825  449.847
39.47 -487.954  449.966
39.48 -488.084  450.086
39.49 -488.213  450.205
39.5 -488.342  450.324
39.51 -488.471  450.444
39.52 -488.601  450.563
39.53 -488.73  450.682
39.54 -488.859  450.801
39.55 -488.988  450.921
39.56 -489.118  451.04
39.57 -489.247  451.159
39.58 -489.376  451.279
39.59 -489.505  451.398
39.6 -489.635  451.517
39.61 -489.764  451.636
39.62 -489.893  451.756
39.63 -490.023  451.875
39.64 -490.152  451.994
39.65 -490.281  452.113
39.66 -490.41  452.233
39.67 -490.54  452.352
39.68 -490.669  452.471
39.69 -490.798  452.591
39.7 -490.927  452.71
39.71 -491.057  452.829
39.72 -491.186  452.948
39.73 -491.315  453.068
39.74 -491.444  453.187
39.75 -491.574  453.306
39.76 -491.703  453.426
39.77 -491.832  453.545
39.78 -491.961  453.664
39.79 -492.091  453.783
39.8 -492.22  453.903
39.81 -492.349  454.022
39.82 -492.478  454.141
39.83 -492.608  454.26
39.84 -492.737  454.38
39.85 -492.866  454.499
39.86 -492.995  454.618
39.87 -493.125  454.738
39.88 -493.254  454.857
39.89 -493.383  454.976
39.9 -493.512  455.095
39.91 -493.642  455.215
39.92 -493.771  455.334
39.93 -493.9  455.453
39.94 -494.03  455.573
39.95 -494.159  455.692
39.96 -494.288  455.811
39.97 -494.417  455.93
39.98 -494.547  456.05
39.99 -494.676  456.169
