0 -0.999995  1.99997
0.01 -0.999981  1.99987
0.02 -0.999957  1.99972
0.03 -0.999923  1.9995
0.04 -0.99988  1.99921
0.05 -0.999827  1.99887
0.06 -0.999765  1.99846
0.07 -0.999693  1.99799
0.08 -0.999611  1.99745
0.09 -0.99952  1.99685
0.1 -0.999419  1.99619
0.11 -0.999308  1.99547
0.12 -0.999188  1.99468
0.13 -0.999058  1.99383
0.14 -0.998919  1.99291
0.15 -0.99877  1.99193
0.16 -0.998611  1.99089
0.17 -0.998442  1.98978
0.18 -0.998264  1.98861
0.19 -0.998076  1.98737
0.2 -0.997879  1.98607
0.21 -0.997671  1.98471
0.22 -0.997454  1.98328
0.23 -0.997228  1.98178
0.24 -0.996991  1.98022
0.25 -0.996745  1.9786
0.26 -0.996489  1.97691
0.27 -0.996223  1.97516
0.28 -0.995947  1.97334
0.29 -0.995662  1.97145
0.3 -0.995366  1.9695
0.31 -0.995061  1.96748
0.32 -0.994746  1.9654
0.33 -0.994421  1.96325
0.34 -0.994086  1.96103
0.35 -0.993741  1.95874
0.36 -0.993386  1.95639
0.37 -0.993021  1.95397
0.38 -0.992646  1.95149
0.39 -0.992261  1.94893
0.4 -0.991866  1.94631
0.41 -0.991461  1.94362
0.42 -0.991046  1.94087
0.43 -0.99062  1.93804
0.44 -0.990185  1.93514
0.45 -0.989739  1.93218
0.46 -0.989283  1.92914
0.47 -0.988817  1.92604
0.48 -0.98834  1.92287
0.49 -0.987854  1.91962
0.5 -0.987357  1.91631
0.51 -0.986849  1.91292
0.52 -0.986331  1.90946
0.53 -0.985803  1.90593
0.54 -0.985264  1.90233
0.55 -0.984715  1.89866
0.56 -0.984155  1.89491
0.57 -0.983584  1.89109
0.58 -0.983003  1.8872
0.59 -0.982412  1.88324
0.6 -0.981809  1.8792
0.61 -0.981196  1.87508
0.62 -0.980572  1.87089
0.63 -0.979937  1.86663
0.64 -0.979291  1.86228
0.65 -0.978634  1.85787
0.66 -0.977967  1.85337
0.67 -0.977288  1.8488
0.68 -0.976598  1.84415
0.69 -0.975897  1.83943
0.7 -0.975185  1.83462
0.71 -0.974461  1.82974
0.72 -0.973726  1.82477
0.73 -0.97298  1.81973
0.74 -0.972223  1.81461
0.75 -0.971454  1.8094
0.76 -0.970673  1.80411
0.77 -0.969881  1.79874
0.78 -0.969077  1.79329
0.79 -0.968261  1.78775
0.8 -0.967434  1.78213
0.81 -0.966594  1.77642
0.82 -0.965743  1.77063
0.83 -0.96488  1.76475
0.84 -0.964004  1.75879
0.85 -0.963117  1.75273
0.86 -0.962217  1.74659
0.87 -0.961304  1.74036
0.88 -0.960379  1.73404
0.89 -0.959442  1.72763
0.9 -0.958492  1.72112
0.91 -0.957529  1.71453
0.92 -0.956554  1.70784
0.93 -0.955565  1.70105
0.94 -0.954564  1.69417
0.95 -0.953549  1.6872
0.96 -0.952522  1.68013
0.97 -0.95148  1.67295
0.98 -0.950426  1.66568
0.99 -0.949358  1.65831
1 -0.948276  1.65084
1.01 -0.94718  1.64327
1.02 -0.94607  1.63559
1.03 -0.944946  1.6278
1.04 -0.943808  1.61991
1.05 -0.942656  1.61192
1.06 -0.941489  1.60381
1.07 -0.940307  1.59559
1.08 -0.939111  1.58726
1.09 -0.937899  1.57882
1.1 -0.936673  1.57027
1.11 -0.935431  1.56159
1.12 -0.934173  1.5528
1.13 -0.9329  1.54389
1.14 -0.931611  1.53486
1.15 -0.930306  1.52571
1.16 -0.928985  1.51643
1.17 -0.927647  1.50702
1.18 -0.926292  1.49749
1.19 -0.92492  1.48782
1.2 -0.923531  1.47802
1.21 -0.922125  1.46809
1.22 -0.9207  1.45801
1.23 -0.919258  1.4478
1.24 -0.917798  1.43745
1.25 -0.916318  1.42695
1.26 -0.91482  1.4163
1.27 -0.913303  1.4055
1.28 -0.911766  1.39454
1.29 -0.910209  1.38343
1.3 -0.908632  1.37216
1.31 -0.907033  1.36072
1.32 -0.905414  1.34912
1.33 -0.903773  1.33734
1.34 -0.90211  1.32539
1.35 -0.900425  1.31326
1.36 -0.898716  1.30094
1.37 -0.896983  1.28844
1.38 -0.895227  1.27574
1.39 -0.893445  1.26284
1.4 -0.891638  1.24974
1.41 -0.889804  1.23643
1.42 -0.887944  1.2229
1.43 -0.886055  1.20914
1.44 -0.884138  1.19516
1.45 -0.882191  1.18094
1.46 -0.880213  1.16647
1.47 -0.878204  1.15175
1.48 -0.876162  1.13677
1.49 -0.874085  1.12151
1.5 -0.871972  1.10597
1.51 -0.869822  1.09013
1.52 -0.867633  1.07398
1.53 -0.865404  1.05751
1.54 -0.863131  1.0407
1.55 -0.860813  1.02353
1.56 -0.858447  1.006
1.57 -0.856031  0.988074
1.58 -0.85356  0.969734
1.59 -0.851032  0.950955
1.6 -0.848441  0.93171
1.61 -0.845784  0.911967
1.62 -0.843054  0.891692
1.63 -0.840244  0.870843
1.64 -0.837347  0.849375
1.65 -0.834354  0.827231
1.66 -0.831252  0.804349
1.67 -0.828027  0.780652
1.68 -0.824661  0.756047
1.69 -0.821132  0.730419
1.7 -0.817408  0.703625
1.71 -0.813449  0.675478
1.72 -0.809196  0.645731
1.73 -0.804562  0.614035
1.74 -0.799409  0.579879
1.75 -0.793492  0.542442
1.76 -0.786311  0.500229
1.77 -0.776492  0.449796
1.78 -0.755558  0.376429
1.79 -0.578841  0.217774
1.8 -0.407701  0.0659801
1.81 -0.237184  -0.0852127
1.82 -0.0668923  -0.236171
1.83 0.103307  -0.387008
1.84 0.27348  -0.537772
1.85 0.443671  -0.688489
1.86 0.613918  -0.839168
1.87 0.78426  -0.98981
1.88 0.954733  -1.1404
1.89 1.12538  -1.2909
1.9 1.29621  -1.44128
1.91 1.46725  -1.59146
1.92 1.63843  -1.7414
1.93 1.80971  -1.8911
1.94 1.98103  -2.04056
1.95 2.15235  -2.18984
1.96 2.32365  -2.33897
1.97 2.49492  -2.48797
1.98 2.66616  -2.63688
1.99 2.83738  -2.78571
2 3.00856  -2.93448
2.01 3.17971  -3.0832
2.02 3.35084  -3.23187
2.03 3.52195  -3.38051
2.04 3.69304  -3.52912
2.05 3.86411  -3.67771
2.06 4.03516  -3.82627
2.07 4.2062  -3.97481
2.08 4.37722  -4.12333
2.09 4.54823  -4.27184
2.1 4.71923  -4.42033
2.11 4.89022  -4.56881
2.12 5.0612  -4.71728
2.13 5.23217  -4.86573
2.14 5.40313  -5.01418
2.15 5.57408  -5.16262
2.16 5.74503  -5.31105
2.17 5.91597  -5.45947
2.18 6.0869  -5.60789
2.19 6.25783  -5.7563
2.2 6.42875  -5.9047
2.21 6.59966  -6.0531
2.22 6.77057  -6.20149
2.23 6.94147  -6.34988
2.24 7.11237  -6.49826
2.25 7.28327  -6.64663
2.26 7.45416  -6.79501
2.27 7.62505  -6.94338
2.28 7.79593  -7.09174
2.29 7.96681  -7.24011
2.3 8.13769  -7.38846
2.31 8.30856  -7.53682
2.32 8.47944  -7.68517
2.33 8.6503  -7.83352
2.34 8.82117  -7.98187
2.35 8.99203  -8.13021
2.36 9.16289  -8.27855
2.37 9.33375  -8.42689
2.38 9.5046  -8.57523
2.39 9.67545  -8.72356
2.4 9.8463  -8.8719
2.41 10.0171  -9.02023
2.42 10.188  -9.16855
2.43 10.3588  -9.31688
2.44 10.5297  -9.4652
2.45 10.7005  -9.61353
2.46 10.8714  -9.76185
2.47 11.0422  -9.91017
2.48 11.213  -10.0585
2.49 11.3839  -10.2068
2.5 11.5547  -10.3551
2.51 11.7255  -10.5034
2.52 11.8963  -10.6517
2.53 12.0672  -10.8001
2.54 12.238  -10.9484
2.55 12.4088  -11.0967
2.56 12.5796  -11.245
2.57 12.7505  -11.3933
2.58 12.9213  -11.5416
2.59 13.0921  -11.6899
2.6 13.2629  -11.8382
2.61 13.4337  -11.9865
2.62 13.6046  -12.1348
2.63 13.7754  -12.2831
2.64 13.9462  -12.4314
2.65 14.117  -12.5797
2.66 14.2878  -12.728
2.67 14.4586  -12.8763
2.68 14.6294  -13.0246
2.69 14.8002  -13.1729
2.7 14.971  -13.3212
2.71 15.1418  -13.4694
2.72 15.3126  -13.6177
2.73 15.4835  -13.766
2.74 15.6543  -13.9143
2.75 15.8251  -14.0626
2.76 15.9959  -14.2109
2.77 16.1667  -14.3592
2.78 16.3375  -14.5075
2.79 16.5083  -14.6558
2.8 16.6791  -14.804
2.81 16.8499  -14.9523
2.82 17.0207  -15.1006
2.83 17.1915  -15.2489
2.84 17.3622  -15.3972
2.85 17.533  -15.5455
2.86 17.7038  -15.6937
2.87 17.8746  -15.842
2.88 18.0454  -15.9903
2.89 18.2162  -16.1386
2.9 18.387  -16.2869
2.91 18.5578  -16.4351
2.92 18.7286  -16.5834
2.93 18.8994  -16.7317
2.94 19.0702  -16.88
2.95 19.241  -17.0282
2.96 19.4118  -17.1765
2.97 19.5825  -17.3248
2.98 19.7533  -17.4731
2.99 19.9241  -17.6213
3 20.0949  -17.7696
3.01 20.2657  -17.9179
3.02 20.4365  -18.0662
3.03 20.6073  -18.2144
3.04 20.778  -18.3627
3.05 20.9488  -18.511
3.06 21.1196  -18.6593
3.07 21.2904  -18.8075
3.08 21.4612  -18.9558
3.09 21.632  -19.1041
3.1 21.8027  -19.2523
3.11 21.9735  -19.4006
3.12 22.1443  -19.5489
3.13 22.3151  -19.6972
3.14 22.4859  -19.8454
3.15 22.6566  -19.9937
3.16 22.8274  -20.142
3.17 22.9982  -20.2902
3.18 23.169  -20.4385
3.19 23.3398  -20.5868
3.2 23.5105  -20.735
3.21 23.6813  -20.8833
3.22 23.8521  -21.0316
3.23 24.0229  -21.1798
3.24 24.1937  -21.3281
3.25 24.3644  -21.4764
3.26 24.5352  -21.6246
3.27 24.706  -21.7729
3.28 24.8768  -21.9212
3.29 25.0475  -22.0694
3.3 25.2183  -22.2177
3.31 25.3891  -22.3659
3.32 25.5599  -22.5142
3.33 25.7306  -22.6625
3.34 25.9014  -22.8107
3.35 26.0722  -22.959
3.36 26.2429  -23.1073
3.37 26.4137  -23.2555
3.38 26.5845  -23.4038
3.39 26.7553  -23.552
3.4 26.926  -23.7003
3.41 27.0968  -23.8486
3.42 27.2676  -23.9968
3.43 27.4384  -24.1451
3.44 27.6091  -24.2934
3.45 27.7799  -24.4416
3.46 27.9507  -24.5899
3.47 28.1214  -24.7381
3.48 28.2922  -24.8864
3.49 28.463  -25.0347
3.5 28.6337  -25.1829
3.51 28.8045  -25.3312
3.52 28.9753  -25.4794
3.53 29.1461  -25.6277
3.54 29.3168  -25.7759
3.55 29.4876  -25.9242
3.56 29.6584  -26.0725
3.57 29.8291  -26.2207
3.58 29.9999  -26.369
3.59 30.1707  -26.5172
3.6 30.3414  -26.6655
3.61 30.5122  -26.8138
3.62 30.683  -26.962
3.63 30.8537  -27.1103
3.64 31.0245  -27.2585
3.65 31.1953  -27.4068
3.66 31.366  -27.555
3.67 31.5368  -27.7033
3.68 31.7076  -27.8515
3.69 31.8783  -27.9998
3.7 32.0491  -28.1481
3.71 32.2199  -28.2963
3.72 32.3906  -28.4446
3.73 32.5614  -28.5928
3.74 32.7321  -28.7411
3.75 32.9029  -28.8893
3.76 33.0737  -29.0376
3.77 33.2444  -29.1858
3.78 33.4152  -29.3341
3.79 33.586  -29.4824
3.8 33.7567  -29.6306
3.81 33.9275  -29.7789
3.82 34.0983  -29.9271
3.83 34.269  -30.0754
3.84 34.4398  -30.2236
3.85 34.6105  -30.3719
3.86 34.7813  -30.5201
3.87 34.9521  -30.6684
3.88 35.1228  -30.8166
3.89 35.2936  -30.9649
3.9 35.4644  -31.1131
3.91 35.6351  -31.2614
3.92 35.8059  -31.4096
3.93 35.9766  -31.5579
3.94 36.1474  -31.7061
3.95 36.3182  -31.8544
3.96 36.4889  -32.0026
3.97 36.6597  -32.1509
3.98 36.8304  -32.2992
3.99 37.0012  -32.4474
4 37.172  -32.5957
4.01 37.3427  -32.7439
4.02 37.5135  -32.8922
4.03 37.6842  -33.0404
4.04 37.855  -33.1887
4.05 38.0258  -33.3369
4.06 38.1965  -33.4852
4.07 38.3673  -33.6334
4.08 38.538  -33.7817
4.09 38.7088  -33.9299
4.1 38.8796  -34.0782
4.11 39.0503  -34.2264
4.12 39.2211  -34.3747
4.13 39.3918  -34.5229
4.14 39.5626  -34.6712
4.15 39.7333  -34.8194
4.16 39.9041  -34.9677
4.17 40.0749  -35.1159
4.18 40.2456  -35.2642
4.19 40.4164  -35.4124
4.2 40.5871  -35.5607
4.21 40.7579  -35.7089
4.22 40.9287  -35.8572
4.23 41.0994  -36.0054
4.24 41.2702  -36.1537
4.25 41.4409  -36.3019
4.26 41.6117  -36.4501
4.27 41.7824  -36.5984
4.28 41.9532  -36.7466
4.29 42.1239  -36.8949
4.3 42.2947  -37.0431
4.31 42.4655  -37.1914
4.32 42.6362  -37.3396
4.33 42.807  -37.4879
4.34 42.9777  -37.6361
4.35 43.1485  -37.7844
4.36 43.3192  -37.9326
4.37 43.49  -38.0809
4.38 43.6608  -38.2291
4.39 43.8315  -38.3774
4.4 44.0023  -38.5256
4.41 44.173  -38.6739
4.42 44.3438  -38.8221
4.43 44.5145  -38.9704
4.44 44.6853  -39.1186
4.45 44.856  -39.2669
4.46 45.0268  -39.4151
4.47 45.1976  -39.5633
4.48 45.3683  -39.7116
4.49 45.5391  -39.8598
4.5 45.7098  -40.0081
4.51 45.8806  -40.1563
4.52 46.0513  -40.3046
4.53 46.2221  -40.4528
4.54 46.3928  -40.6011
4.55 46.5636  -40.7493
4.56 46.7343  -40.8976
4.57 46.9051  -41.0458
4.58 47.0758  -41.1941
4.59 47.2466  -41.3423
4.6 47.4174  -41.4905
4.61 47.5881  -41.6388
4.62 47.7589  -41.787
4.63 47.9296  -41.9353
4.64 48.1004  -42.0835
4.65 48.2711  -42.2318
4.66 48.4419  -42.38
4.67 48.6126  -42.5283
4.68 48.7834  -42.6765
4.69 48.9541  -42.8248
4.7 49.1249  -42.973
4.71 49.2956  -43.1212
4.72 49.4664  -43.2695
4.73 49.6371  -43.4177
4.74 49.8079  -43.566
4.75 49.9786  -43.7142
4.76 50.1494  -43.8625
4.77 50.3202  -44.0107
4.78 50.4909  -44.159
4.79 50.6617  -44.3072
4.8 50.8324  -44.4554
4.81 51.0032  -44.6037
4.82 51.1739  -44.7519
4.83 51.3447  -44.9002
4.84 51.5154  -45.0484
4.85 51.6862  -45.1967
4.86 51.8569  -45.3449
4.87 52.0277  -45.4931
4.88 52.1984  -45.6414
4.89 52.3692  -45.7896
4.9 52.5399  -45.9379
4.91 52.7107  -46.0861
4.92 52.8814  -46.2344
4.93 53.0522  -46.3826
4.94 53.2229  -46.5309
4.95 53.3937  -46.6791
4.96 53.5644  -46.8273
4.97 53.7352  -46.9756
4.98 53.9059  -47.1238
4.99 54.0767  -47.2721
5 54.2474  -47.4203
5.01 54.4182  -47.5686
5.02 54.5889  -47.7168
5.03 54.7597  -47.865
5.04 54.9304  -48.0133
5.05 55.1012  -48.1615
5.06 55.2719  -48.3098
5.07 55.4427  -48.458
5.08 55.6134  -48.6063
5.09 55.7842  -48.7545
5.1 55.9549  -48.9027
5.11 56.1257  -49.051
5.12 56.2964  -49.1992
5.13 56.4672  -49.3475
5.14 56.6379  -49.4957
5.15 56.8087  -49.644
5.16 56.9794  -49.7922
5.17 57.1502  -49.9404
5.18 57.3209  -50.0887
5.19 57.4917  -50.2369
5.2 57.6624  -50.3852
5.21 57.8332  -50.5334
5.22 58.0039  -50.6816
5.23 58.1747  -50.8299
5.24 58.3454  -50.9781
5.25 58.5162  -51.1264
5.26 58.6869  -51.2746
5.27 58.8577  -51.4229
5.28 59.0284  -51.5711
5.29 59.1992  -51.7193
5.3 59.3699  -51.8676
5.31 59.5407  -52.0158
5.32 59.7114  -52.1641
5.33 59.8822  -52.3123
5.34 60.0529  -52.4605
5.35 60.2237  -52.6088
5.36 60.3944  -52.757
5.37 60.5652  -52.9053
5.38 60.7359  -53.0535
5.39 60.9067  -53.2018
5.4 61.0774  -53.35
5.41 61.2482  -53.4982
5.42 61.4189  -53.6465
5.43 61.5897  -53.7947
5.44 61.7604  -53.943
5.45 61.9311  -54.0912
5.46 62.1019  -54.2394
5.47 62.2726  -54.3877
5.48 62.4434  -54.5359
5.49 62.6141  -54.6842
5.5 62.7849  -54.8324
5.51 62.9556  -54.9806
5.52 63.1264  -55.1289
5.53 63.2971  -55.2771
5.54 63.4679  -55.4254
5.55 63.6386  -55.5736
5.56 63.8094  -55.7218
5.57 63.9801  -55.8701
5.58 64.1509  -56.0183
5.59 64.3216  -56.1666
5.6 64.4924  -56.3148
5.61 64.6631  -56.463
5.62 64.8339  -56.6113
5.63 65.0046  -56.7595
5.64 65.1754  -56.9078
5.65 65.3461  -57.056
5.66 65.5168  -57.2042
5.67 65.6876  -57.3525
5.68 65.8583  -57.5007
5.69 66.0291  -57.649
5.7 66.1998  -57.7972
5.71 66.3706  -57.9454
5.72 66.5413  -58.0937
5.73 66.7121  -58.2419
5.74 66.8828  -58.3902
5.75 67.0536  -58.5384
5.76 67.2243  -58.6866
5.77 67.3951  -58.8349
5.78 67.5658  -58.9831
5.79 67.7366  -59.1314
5.8 67.9073  -59.2796
5.81 68.078  -59.4278
5.82 68.2488  -59.5761
5.83 68.4195  -59.7243
5.84 68.5903  -59.8726
5.85 68.761  -60.0208
5.86 68.9318  -60.169
5.87 69.1025  -60.3173
5.88 69.2733  -60.4655
5.89 69.444  -60.6138
5.9 69.6148  -60.762
5.91 69.7855  -60.9102
5.92 69.9563  -61.0585
5.93 70.127  -61.2067
5.94 70.2977  -61.3549
5.95 70.4685  -61.5032
5.96 70.6392  -61.6514
5.97 70.81  -61.7997
5.98 70.9807  -61.9479
5.99 71.1515  -62.0961
6 71.3222  -62.2444
6.01 71.493  -62.3926
6.02 71.6637  -62.5409
6.03 71.8345  -62.6891
6.04 72.0052  -62.8373
6.05 72.1759  -62.9856
6.06 72.3467  -63.1338
6.07 72.5174  -63.2821
6.08 72.6882  -63.4303
6.09 72.8589  -63.5785
6.1 73.0297  -63.7268
6.11 73.2004  -63.875
6.12 73.3712  -64.0232
6.13 73.5419  -64.1715
6.14 73.7127  -64.3197
6.15 73.8834  -64.468
6.16 74.0541  -64.6162
6.17 74.2249  -64.7644
6.18 74.3956  -64.9127
6.19 74.5664  -65.0609
6.2 74.7371  -65.2091
6.21 74.9079  -65.3574
6.22 75.0786  -65.5056
6.23 75.2494  -65.6539
6.24 75.4201  -65.8021
6.25 75.5908  -65.9503
6.26 75.7616  -66.0986
6.27 75.9323  -66.2468
6.28 76.1031  -66.3951
6.29 76.2738  -66.5433
6.3 76.4446  -66.6915
6.31 76.6153  -66.8398
6.32 76.7861  -66.988
6.33 76.9568  -67.1362
6.34 77.1275  -67.2845
6.35 77.2983  -67.4327
6.36 77.469  -67.581
6.37 77.6398  -67.7292
6.38 77.8105  -67.8774
6.39 77.9813  -68.0257
6.4 78.152  -68.1739
6.41 78.3228  -68.3221
6.42 78.4935  -68.4704
6.43 78.6642  -68.6186
6.44 78.835  -68.7669
6.45 79.0057  -68.9151
6.46 79.1765  -69.0633
6.47 79.3472  -69.2116
6.48 79.518  -69.3598
6.49 79.6887  -69.508
6.5 79.8595  -69.6563
6.51 80.0302  -69.8045
6.52 80.2009  -69.9528
6.53 80.3717  -70.101
6.54 80.5424  -70.2492
6.55 80.7132  -70.3975
6.56 80.8839  -70.5457
6.57 81.0547  -70.6939
6.58 81.2254  -70.8422
6.59 81.3961  -70.9904
6.6 81.5669  -71.1387
6.61 81.7376  -71.2869
6.62 81.9084  -71.4351
6.63 82.0791  -71.5834
6.64 82.2499  -71.7316
6.65 82.4206  -71.8798
6.66 82.5914  -72.0281
6.67 82.7621  -72.1763
6.68 82.9328  -72.3245
6.69 83.1036  -72.4728
6.7 83.2743  -72.621
6.71 83.4451  -72.7693
6.72 83.6158  -72.9175
6.73 83.7866  -73.0657
6.74 83.9573  -73.214
6.75 84.128  -73.3622
6.76 84.2988  -73.5104
6.77 84.4695  -73.6587
6.78 84.6403  -73.8069
6.79 84.811  -73.9552
6.8 84.9818  -74.1034
6.81 85.1525  -74.2516
6.82 85.3232  -74.3999
6.83 85.494  -74.5481
6.84 85.6647  -74.6963
6.85 85.8355  -74.8446
6.86 86.0062  -74.9928
6.87 86.177  -75.141
6.88 86.3477  -75.2893
6.89 86.5184  -75.4375
6.9 86.6892  -75.5858
6.91 86.8599  -75.734
6.92 87.0307  -75.8822
6.93 87.2014  -76.0305
6.94 87.3722  -76.1787
6.95 87.5429  -76.3269
6.96 87.7136  -76.4752
6.97 87.8844  -76.6234
6.98 88.0551  -76.7716
6.99 88.2259  -76.9199
7 88.3966  -77.0681
7.01 88.5674  -77.2164
7.02 88.7381  -77.3646
7.03 88.9088  -77.5128
7.04 89.0796  -77.6611
7.05 89.2503  -77.8093
7.06 89.4211  -77.9575
7.07 89.5918  -78.1058
7.08 89.7626  -78.254
7.09 89.9333  -78.4022
7.1 90.104  -78.5505
7.11 90.2748  -78.6987
7.12 90.4455  -78.8469
7.13 90.6163  -78.9952
7.14 90.787  -79.1434
7.15 90.9577  -79.2917
7.16 91.1285  -79.4399
7.17 91.2992  -79.5881
7.18 91.47  -79.7364
7.19 91.6407  -79.8846
7.2 91.8115  -80.0328
7.21 91.9822  -80.1811
7.22 92.1529  -80.3293
7.23 92.3237  -80.4775
7.24 92.4944  -80.6258
7.25 92.6652  -80.774
7.26 92.8359  -80.9222
7.27 93.0067  -81.0705
7.28 93.1774  -81.2187
7.29 93.3481  -81.367
7.3 93.5189  -81.5152
7.31 93.6896  -81.6634
7.32 93.8604  -81.8117
7.33 94.0311  -81.9599
7.34 94.2018  -82.1081
7.35 94.3726  -82.2564
7.36 94.5433  -82.4046
7.37 94.7141  -82.5528
7.38 94.8848  -82.7011
7.39 95.0556  -82.8493
7.4 95.2263  -82.9975
7.41 95.397  -83.1458
7.42 95.5678  -83.294
7.43 95.7385  -83.4423
7.44 95.9093  -83.5905
7.45 96.08  -83.7387
7.46 96.2507  -83.887
7.47 96.4215  -84.0352
7.48 96.5922  -84.1834
7.49 96.763  -84.3317
7.5 96.9337  -84.4799
7.51 97.1045  -84.6281
7.52 97.2752  -84.7764
7.53 97.4459  -84.9246
7.54 97.6167  -85.0728
7.55 97.7874  -85.2211
7.56 97.9582  -85.3693
7.57 98.1289  -85.5175
7.58 98.2996  -85.6658
7.59 98.4704  -85.814
7.6 98.6411  -85.9622
7.61 98.8119  -86.1105
7.62 98.9826  -86.2587
7.63 99.1533  -86.407
7.64 99.3241  -86.5552
7.65 99.4948  -86.7034
7.66 99.6656  -86.8517
7.67 99.8363  -86.9999
7.68 100.007  -87.1481
7.69 100.178  -87.2964
7.7 100.349  -87.4446
7.71 100.519  -87.5928
7.72 100.69  -87.7411
7.73 100.861  -87.8893
7.74 101.032  -88.0375
7.75 101.202  -88.1858
7.76 101.373  -88.334
7.77 101.544  -88.4822
7.78 101.714  -88.6305
7.79 101.885  -88.7787
7.8 102.056  -88.9269
7.81 102.227  -89.0752
7.82 102.397  -89.2234
7.83 102.568  -89.3717
7.84 102.739  -89.5199
7.85 102.91  -89.6681
7.86 103.08  -89.8164
7.87 103.251  -89.9646
7.88 103.422  -90.1128
7.89 103.593  -90.2611
7.9 103.763  -90.4093
7.91 103.934  -90.5575
7.92 104.105  -90.7058
7.93 104.276  -90.854
7.94 104.446  -91.0022
7.95 104.617  -91.1505
7.96 104.788  -91.2987
7.97 104.959  -91.4469
7.98 105.129  -91.5952
7.99 105.3  -91.7434
8 105.471  -91.8916
8.01 105.641  -92.0399
8.02 105.812  -92.1881
8.03 105.983  -92.3363
8.04 106.154  -92.4846
8.05 106.324  -92.6328
8.06 106.495  -92.781
8.07 106.666  -92.9293
8.08 106.837  -93.0775
8.09 107.007  -93.2257
8.1 107.178  -93.374
8.11 107.349  -93.5222
8.12 107.52  -93.6705
8.13 107.69  -93.8187
8.14 107.861  -93.9669
8.15 108.032  -94.1152
8.16 108.203  -94.2634
8.17 108.373  -94.4116
8.18 108.544  -94.5599
8.19 108.715  -94.7081
8.2 108.886  -94.8563
8.21 109.056  -95.0046
8.22 109.227  -95.1528
8.23 109.398  -95.301
8.24 109.569  -95.4493
8.25 109.739  -95.5975
8.26 109.91  -95.7457
8.27 110.081  -95.894
8.28 110.251  -96.0422
8.29 110.422  -96.1904
8.3 110.593  -96.3387
8.31 110.764  -96.4869
8.32 110.934  -96.6351
8.33 111.105  -96.7834
8.34 111.276  -96.9316
8.35 111.447  -97.0798
8.36 111.617  -97.2281
8.37 111.788  -97.3763
8.38 111.959  -97.5245
8.39 112.13  -97.6728
8.4 112.3  -97.821
8.41 112.471  -97.9692
8.42 112.642  -98.1175
8.43 112.813  -98.2657
8.44 112.983  -98.4139
8.45 113.154  -98.5622
8.46 113.325  -98.7104
8.47 113.496  -98.8586
8.48 113.666  -99.0069
8.49 113.837  -99.1551
8.5 114.008  -99.3033
8.51 114.179  -99.4516
8.52 114.349  -99.5998
8.53 114.52  -99.748
8.54 114.691  -99.8963
8.55 114.861  -100.045
8.56 115.032  -100.193
8.57 115.203  -100.341
8.58 115.374  -100.489
8.59 115.544  -100.637
8.6 115.715  -100.786
8.61 115.886  -100.934
8.62 116.057  -101.082
8.63 116.227  -101.23
8.64 116.398  -101.379
8.65 116.569  -101.527
8.66 116.74  -101.675
8.67 116.91  -101.823
8.68 117.081  -101.972
8.69 117.252  -102.12
8.7 117.423  -102.268
8.71 117.593  -102.416
8.72 117.764  -102.564
8.73 117.935  -102.713
8.74 118.106  -102.861
8.75 118.276  -103.009
8.76 118.447  -103.157
8.77 118.618  -103.306
8.78 118.788  -103.454
8.79 118.959  -103.602
8.8 119.13  -103.75
8.81 119.301  -103.899
8.82 119.471  -104.047
8.83 119.642  -104.195
8.84 119.813  -104.343
8.85 119.984  -104.492
8.86 120.154  -104.64
8.87 120.325  -104.788
8.88 120.496  -104.936
8.89 120.667  -105.084
8.9 120.837  -105.233
8.91 121.008  -105.381
8.92 121.179  -105.529
8.93 121.35  -105.677
8.94 121.52  -105.826
8.95 121.691  -105.974
8.96 121.862  -106.122
8.97 122.033  -106.27
8.98 122.203  -106.419
8.99 122.374  -106.567
9 122.545  -106.715
9.01 122.715  -106.863
9.02 122.886  -107.011
9.03 123.057  -107.16
9.04 123.228  -107.308
9.05 123.398  -107.456
9.06 123.569  -107.604
9.07 123.74  -107.753
9.08 123.911  -107.901
9.09 124.081  -108.049
9.1 124.252  -108.197
9.11 124.423  -108.346
9.12 124.594  -108.494
9.13 124.764  -108.642
9.14 124.935  -108.79
9.15 125.106  -108.939
9.16 125.277  -109.087
9.17 125.447  -109.235
9.18 125.618  -109.383
9.19 125.789  -109.531
9.2 125.96  -109.68
9.21 126.13  -109.828
9.22 126.301  -109.976
9.23 126.472  -110.124
9.24 126.642  -110.273
9.25 126.813  -110.421
9.26 126.984  -110.569
9.27 127.155  -110.717
9.28 127.325  -110.866
9.29 127.496  -111.014
9.3 127.667  -111.162
9.31 127.838  -111.31
9.32 128.008  -111.458
9.33 128.179  -111.607
9.34 128.35  -111.755
9.35 128.521  -111.903
9.36 128.691  -112.051
9.37 128.862  -112.2
9.38 129.033  -112.348
9.39 129.204  -112.496
9.4 129.374  -112.644
9.41 129.545  -112.793
9.42 129.716  -112.941
9.43 129.886  -113.089
9.44 130.057  -113.237
9.45 130.228  -113.385
9.46 130.399  -113.534
9.47 130.569  -113.682
9.48 130.74  -113.83
9.49 130.911  -113.978
9.5 131.082  -114.127
9.51 131.252  -114.275
9.52 131.423  -114.423
9.53 131.594  -114.571
9.54 131.765  -114.72
9.55 131.935  -114.868
9.56 132.106  -115.016
9.57 132.277  -115.164
9.58 132.448  -115.313
9.59 132.618  -115.461
9.6 132.789  -115.609
9.61 132.96  -115.757
9.62 133.131  -115.905
9.63 133.301  -116.054
9.64 133.472  -116.202
9.65 133.643  -116.35
9.66 133.813  -116.498
9.67 133.984  -116.647
9.68 134.155  -116.795
9.69 134.326  -116.943
9.7 134.496  -117.091
9.71 134.667  -117.24
9.72 134.838  -117.388
9.73 135.009  -117.536
9.74 135.179  -117.684
9.75 135.35  -117.832
9.76 135.521  -117.981
9.77 135.692  -118.129
9.78 135.862  -118.277
9.79 136.033  -118.425
9.8 136.204  -118.574
9.81 136.375  -118.722
9.82 136.545  -118.87
9.83 136.716  -119.018
9.84 136.887  -119.167
9.85 137.058  -119.315
9.86 137.228  -119.463
9.87 137.399  -119.611
9.88 137.57  -119.759
9.89 137.74  -119.908
9.9 137.911  -120.056
9.91 138.082  -120.204
9.92 138.253  -120.352
9.93 138.423  -120.501
9.94 138.594  -120.649
9.95 138.765  -120.797
9.96 138.936  -120.945
9.97 139.106  -121.094
9.98 139.277  -121.242
9.99 139.448  -121.39
10 139.619  -121.538
10.01 139.789  -121.687
10.02 139.96  -121.835
10.03 140.131  -121.983
10.04 140.302  -122.131
10.05 140.472  -122.279
10.06 140.643  -122.428
10.07 140.814  -122.576
10.08 140.984  -122.724
10.09 141.155  -122.872
10.1 141.326  -123.021
10.11 141.497  -123.169
10.12 141.667  -123.317
10.13 141.838  -123.465
10.14 142.009  -123.614
10.15 142.18  -123.762
10.16 142.35  -123.91
10.17 142.521  -124.058
10.18 142.692  -124.206
10.19 142.863  -124.355
10.2 143.033  -124.503
10.21 143.204  -124.651
10.22 143.375  -124.799
10.23 143.546  -124.948
10.24 143.716  -125.096
10.25 143.887  -125.244
10.26 144.058  -125.392
10.27 144.228  -125.541
10.28 144.399  -125.689
10.29 144.57  -125.837
10.3 144.741  -125.985
10.31 144.911  -126.133
10.32 145.082  -126.282
10.33 145.253  -126.43
10.34 145.424  -126.578
10.35 145.594  -126.726
10.36 145.765  -126.875
10.37 145.936  -127.023
10.38 146.107  -127.171
10.39 146.277  -127.319
10.4 146.448  -127.468
10.41 146.619  -127.616
10.42 146.79  -127.764
10.43 146.96  -127.912
10.44 147.131  -128.06
10.45 147.302  -128.209
10.46 147.473  -128.357
10.47 147.643  -128.505
10.48 147.814  -128.653
10.49 147.985  -128.802
10.5 148.155  -128.95
10.51 148.326  -129.098
10.52 148.497  -129.246
10.53 148.668  -129.395
10.54 148.838  -129.543
10.55 149.009  -129.691
10.56 149.18  -129.839
10.57 149.351  -129.988
10.58 149.521  -130.136
10.59 149.692  -130.284
10.6 149.863  -130.432
10.61 150.034  -130.58
10.62 150.204  -130.729
10.63 150.375  -130.877
10.64 150.546  -131.025
10.65 150.717  -131.173
10.66 150.887  -131.322
10.67 151.058  -131.47
10.68 151.229  -131.618
10.69 151.399  -131.766
10.7 151.57  -131.915
10.71 151.741  -132.063
10.72 151.912  -132.211
10.73 152.082  -132.359
10.74 152.253  -132.507
10.75 152.424  -132.656
10.76 152.595  -132.804
10.77 152.765  -132.952
10.78 152.936  -133.1
10.79 153.107  -133.249
10.8 153.278  -133.397
10.81 153.448  -133.545
10.82 153.619  -133.693
10.83 153.79  -133.842
10.84 153.961  -133.99
10.85 154.131  -134.138
10.86 154.302  -134.286
10.87 154.473  -134.434
10.88 154.643  -134.583
10.89 154.814  -134.731
10.9 154.985  -134.879
10.91 155.156  -135.027
10.92 155.326  -135.176
10.93 155.497  -135.324
10.94 155.668  -135.472
10.95 155.839  -135.62
10.96 156.009  -135.769
10.97 156.18  -135.917
10.98 156.351  -136.065
10.99 156.522  -136.213
11 156.692  -136.361
11.01 156.863  -136.51
11.02 157.034  -136.658
11.03 157.205  -136.806
11.04 157.375  -136.954
11.05 157.546  -137.103
11.06 157.717  -137.251
11.07 157.887  -137.399
11.08 158.058  -137.547
11.09 158.229  -137.696
11.1 158.4  -137.844
11.11 158.57  -137.992
11.12 158.741  -138.14
11.13 158.912  -138.288
11.14 159.083  -138.437
11.15 159.253  -138.585
11.16 159.424  -138.733
11.17 159.595  -138.881
11.18 159.766  -139.03
11.19 159.936  -139.178
11.2 160.107  -139.326
11.21 160.278  -139.474
11.22 160.449  -139.623
11.23 160.619  -139.771
11.24 160.79  -139.919
11.25 160.961  -140.067
11.26 161.131  -140.215
11.27 161.302  -140.364
11.28 161.473  -140.512
11.29 161.644  -140.66
11.3 161.814  -140.808
11.31 161.985  -140.957
11.32 162.156  -141.105
11.33 162.327  -141.253
11.34 162.497  -141.401
11.35 162.668  -141.55
11.36 162.839  -141.698
11.37 163.01  -141.846
11.38 163.18  -141.994
11.39 163.351  -142.142
11.4 163.522  -142.291
11.41 163.693  -142.439
11.42 163.863  -142.587
11.43 164.034  -142.735
11.44 164.205  -142.884
11.45 164.375  -143.032
11.46 164.546  -143.18
11.47 164.717  -143.328
11.48 164.888  -143.477
11.49 165.058  -143.625
11.5 165.229  -143.773
11.51 165.4  -143.921
11.52 165.571  -144.069
11.53 165.741  -144.218
11.54 165.912  -144.366
11.55 166.083  -144.514
11.56 166.254  -144.662
11.57 166.424  -144.811
11.58 166.595  -144.959
11.59 166.766  -145.107
11.6 166.937  -145.255
11.61 167.107  -145.404
11.62 167.278  -145.552
11.63 167.449  -145.7
11.64 167.619  -145.848
11.65 167.79  -145.996
11.66 167.961  -146.145
11.67 168.132  -146.293
11.68 168.302  -146.441
11.69 168.473  -146.589
11.7 168.644  -146.738
11.71 168.815  -146.886
11.72 168.985  -147.034
11.73 169.156  -147.182
11.74 169.327  -147.331
11.75 169.498  -147.479
11.76 169.668  -147.627
11.77 169.839  -147.775
11.78 170.01  -147.923
11.79 170.181  -148.072
11.8 170.351  -148.22
11.81 170.522  -148.368
11.82 170.693  -148.516
11.83 170.863  -148.665
11.84 171.034  -148.813
11.85 171.205  -148.961
11.86 171.376  -149.109
11.87 171.546  -149.258
11.88 171.717  -149.406
11.89 171.888  -149.554
11.9 172.059  -149.702
11.91 172.229  -149.851
11.92 172.4  -149.999
11.93 172.571  -150.147
11.94 172.742  -150.295
11.95 172.912  -150.443
11.96 173.083  -150.592
11.97 173.254  -150.74
11.98 173.425  -150.888
11.99 173.595  -151.036
12 173.766  -151.185
12.01 173.937  -151.333
12.02 174.107  -151.481
12.03 174.278  -151.629
12.04 174.449  -151.778
12.05 174.62  -151.926
12.06 174.79  -152.074
12.07 174.961  -152.222
12.08 175.132  -152.37
12.09 175.303  -152.519
12.1 175.473  -152.667
12.11 175.644  -152.815
12.12 175.815  -152.963
12.13 175.986  -153.112
12.14 176.156  -153.26
12.15 176.327  -153.408
12.16 176.498  -153.556
12.17 176.669  -153.705
12.18 176.839  -153.853
12.19 177.01  -154.001
12.2 177.181  -154.149
12.21 177.351  -154.297
12.22 177.522  -154.446
12.23 177.693  -154.594
12.24 177.864  -154.742
12.25 178.034  -154.89
12.26 178.205  -155.039
12.27 178.376  -155.187
12.28 178.547  -155.335
12.29 178.717  -155.483
12.3 178.888  -155.632
12.31 179.059  -155.78
12.32 179.23  -155.928
12.33 179.4  -156.076
12.34 179.571  -156.224
12.35 179.742  -156.373
12.36 179.912  -156.521
12.37 180.083  -156.669
12.38 180.254  -156.817
12.39 180.425  -156.966
12.4 180.595  -157.114
12.41 180.766  -157.262
12.42 180.937  -157.41
12.43 181.108  -157.559
12.44 181.278  -157.707
12.45 181.449  -157.855
12.46 181.62  -158.003
12.47 181.791  -158.151
12.48 181.961  -158.3
12.49 182.132  -158.448
12.5 182.303  -158.596
12.51 182.474  -158.744
12.52 182.644  -158.893
12.53 182.815  -159.041
12.54 182.986  -159.189
12.55 183.156  -159.337
12.56 183.327  -159.486
12.57 183.498  -159.634
12.58 183.669  -159.782
12.59 183.839  -159.93
12.6 184.01  -160.078
12.61 184.181  -160.227
12.62 184.352  -160.375
12.63 184.522  -160.523
12.64 184.693  -160.671
12.65 184.864  -160.82
12.66 185.035  -160.968
12.67 185.205  -161.116
12.68 185.376  -161.264
12.69 185.547  -161.412
12.7 185.718  -161.561
12.71 185.888  -161.709
12.72 186.059  -161.857
12.73 186.23  -162.005
12.74 186.4  -162.154
12.75 186.571  -162.302
12.76 186.742  -162.45
12.77 186.913  -162.598
12.78 187.083  -162.747
12.79 187.254  -162.895
12.8 187.425  -163.043
12.81 187.596  -163.191
12.82 187.766  -163.339
12.83 187.937  -163.488
12.84 188.108  -163.636
12.85 188.279  -163.784
12.86 188.449  -163.932
12.87 188.62  -164.081
12.88 188.791  -164.229
12.89 188.961  -164.377
12.9 189.132  -164.525
12.91 189.303  -164.674
12.92 189.474  -164.822
12.93 189.644  -164.97
12.94 189.815  -165.118
12.95 189.986  -165.266
12.96 190.157  -165.415
12.97 190.327  -165.563
12.98 190.498  -165.711
12.99 190.669  -165.859
13 190.84  -166.008
13.01 191.01  -166.156
13.02 191.181  -166.304
13.03 191.352  -166.452
13.04 191.523  -166.601
13.05 191.693  -166.749
13.06 191.864  -166.897
13.07 192.035  -167.045
13.08 192.205  -167.193
13.09 192.376  -167.342
13.1 192.547  -167.49
13.11 192.718  -167.638
13.12 192.888  -167.786
13.13 193.059  -167.935
13.14 193.23  -168.083
13.15 193.401  -168.231
13.16 193.571  -168.379
13.17 193.742  -168.528
13.18 193.913  -168.676
13.19 194.084  -168.824
13.2 194.254  -168.972
13.21 194.425  -169.12
13.22 194.596  -169.269
13.23 194.767  -169.417
13.24 194.937  -169.565
13.25 195.108  -169.713
13.26 195.279  -169.862
13.27 195.449  -170.01
13.28 195.62  -170.158
13.29 195.791  -170.306
13.3 195.962  -170.455
13.31 196.132  -170.603
13.32 196.303  -170.751
13.33 196.474  -170.899
13.34 196.645  -171.047
13.35 196.815  -171.196
13.36 196.986  -171.344
13.37 197.157  -171.492
13.38 197.328  -171.64
13.39 197.498  -171.789
13.4 197.669  -171.937
13.41 197.84  -172.085
13.42 198.01  -172.233
13.43 198.181  -172.382
13.44 198.352  -172.53
13.45 198.523  -172.678
13.46 198.693  -172.826
13.47 198.864  -172.974
13.48 199.035  -173.123
13.49 199.206  -173.271
13.5 199.376  -173.419
13.51 199.547  -173.567
13.52 199.718  -173.716
13.53 199.889  -173.864
13.54 200.059  -174.012
13.55 200.23  -174.16
13.56 200.401  -174.309
13.57 200.572  -174.457
13.58 200.742  -174.605
13.59 200.913  -174.753
13.6 201.084  -174.901
13.61 201.254  -175.05
13.62 201.425  -175.198
13.63 201.596  -175.346
13.64 201.767  -175.494
13.65 201.937  -175.643
13.66 202.108  -175.791
13.67 202.279  -175.939
13.68 202.45  -176.087
13.69 202.62  -176.236
13.7 202.791  -176.384
13.71 202.962  -176.532
13.72 203.133  -176.68
13.73 203.303  -176.828
13.74 203.474  -176.977
13.75 203.645  -177.125
13.76 203.815  -177.273
13.77 203.986  -177.421
13.78 204.157  -177.57
13.79 204.328  -177.718
13.8 204.498  -177.866
13.81 204.669  -178.014
13.82 204.84  -178.163
13.83 205.011  -178.311
13.84 205.181  -178.459
13.85 205.352  -178.607
13.86 205.523  -178.755
13.87 205.694  -178.904
13.88 205.864  -179.052
13.89 206.035  -179.2
13.9 206.206  -179.348
13.91 206.377  -179.497
13.92 206.547  -179.645
13.93 206.718  -179.793
13.94 206.889  -179.941
13.95 207.059  -180.09
13.96 207.23  -180.238
13.97 207.401  -180.386
13.98 207.572  -180.534
13.99 207.742  -180.682
14 207.913  -180.831
14.01 208.084  -180.979
14.02 208.255  -181.127
14.03 208.425  -181.275
14.04 208.596  -181.424
14.05 208.767  -181.572
14.06 208.938  -181.72
14.07 209.108  -181.868
14.08 209.279  -182.017
14.09 209.45  -182.165
14.1 209.62  -182.313
14.11 209.791  -182.461
14.12 209.962  -182.609
14.13 210.133  -182.758
14.14 210.303  -182.906
14.15 210.474  -183.054
14.16 210.645  -183.202
14.17 210.816  -183.351
14.18 210.986  -183.499
14.19 211.157  -183.647
14.2 211.328  -183.795
14.21 211.499  -183.943
14.22 211.669  -184.092
14.23 211.84  -184.24
14.24 212.011  -184.388
14.25 212.182  -184.536
14.26 212.352  -184.685
14.27 212.523  -184.833
14.28 212.694  -184.981
14.29 212.864  -185.129
14.3 213.035  -185.278
14.31 213.206  -185.426
14.32 213.377  -185.574
14.33 213.547  -185.722
14.34 213.718  -185.87
14.35 213.889  -186.019
14.36 214.06  -186.167
14.37 214.23  -186.315
14.38 214.401  -186.463
14.39 214.572  -186.612
14.4 214.743  -186.76
14.41 214.913  -186.908
14.42 215.084  -187.056
14.43 215.255  -187.205
14.44 215.425  -187.353
14.45 215.596  -187.501
14.46 215.767  -187.649
14.47 215.938  -187.797
14.48 216.108  -187.946
14.49 216.279  -188.094
14.5 216.45  -188.242
14.51 216.621  -188.39
14.52 216.791  -188.539
14.53 216.962  -188.687
14.54 217.133  -188.835
14.55 217.304  -188.983
14.56 217.474  -189.132
14.57 217.645  -189.28
14.58 217.816  -189.428
14.59 217.987  -189.576
14.6 218.157  -189.724
14.61 218.328  -189.873
14.62 218.499  -190.021
14.63 218.669  -190.169
14.64 218.84  -190.317
14.65 219.011  -190.466
14.66 219.182  -190.614
14.67 219.352  -190.762
14.68 219.523  -190.91
14.69 219.694  -191.059
14.7 219.865  -191.207
14.71 220.035  -191.355
14.72 220.206  -191.503
14.73 220.377  -191.651
14.74 220.548  -191.8
14.75 220.718  -191.948
14.76 220.889  -192.096
14.77 221.06  -192.244
14.78 221.23  -192.393
14.79 221.401  -192.541
14.8 221.572  -192.689
14.81 221.743  -192.837
14.82 221.913  -192.986
14.83 222.084  -193.134
14.84 222.255  -193.282
14.85 222.426  -193.43
14.86 222.596  -193.578
14.87 222.767  -193.727
14.88 222.938  -193.875
14.89 223.109  -194.023
14.9 223.279  -194.171
14.91 223.45  -194.32
14.92 223.621  -194.468
14.93 223.792  -194.616
14.94 223.962  -194.764
14.95 224.133  -194.912
14.96 224.304  -195.061
14.97 224.474  -195.209
14.98 224.645  -195.357
14.99 224.816  -195.505
15 224.987  -195.654
15.01 225.157  -195.802
15.02 225.328  -195.95
15.03 225.499  -196.098
15.04 225.67  -196.247
15.05 225.84  -196.395
15.06 226.011  -196.543
15.07 226.182  -196.691
15.08 226.353  -196.839
15.09 226.523  -196.988
15.1 226.694  -197.136
15.11 226.865  -197.284
15.12 227.035  -197.432
15.13 227.206  -197.581
15.14 227.377  -197.729
15.15 227.548  -197.877
15.16 227.718  -198.025
15.17 227.889  -198.174
15.18 228.06  -198.322
15.19 228.231  -198.47
15.2 228.401  -198.618
15.21 228.572  -198.766
15.22 228.743  -198.915
15.23 228.914  -199.063
15.24 229.084  -199.211
15.25 229.255  -199.359
15.26 229.426  -199.508
15.27 229.596  -199.656
15.28 229.767  -199.804
15.29 229.938  -199.952
15.3 230.109  -200.101
15.31 230.279  -200.249
15.32 230.45  -200.397
15.33 230.621  -200.545
15.34 230.792  -200.693
15.35 230.962  -200.842
15.36 231.133  -200.99
15.37 231.304  -201.138
15.38 231.475  -201.286
15.39 231.645  -201.435
15.4 231.816  -201.583
15.41 231.987  -201.731
15.42 232.158  -201.879
15.43 232.328  -202.028
15.44 232.499  -202.176
15.45 232.67  -202.324
15.46 232.84  -202.472
15.47 233.011  -202.62
15.48 233.182  -202.769
15.49 233.353  -202.917
15.5 233.523  -203.065
15.51 233.694  -203.213
15.52 233.865  -203.362
15.53 234.036  -203.51
15.54 234.206  -203.658
15.55 234.377  -203.806
15.56 234.548  -203.955
15.57 234.719  -204.103
15.58 234.889  -204.251
15.59 235.06  -204.399
15.6 235.231  -204.547
15.61 235.401  -204.696
15.62 235.572  -204.844
15.63 235.743  -204.992
15.64 235.914  -205.14
15.65 236.084  -205.289
15.66 236.255  -205.437
15.67 236.426  -205.585
15.68 236.597  -205.733
15.69 236.767  -205.881
15.7 236.938  -206.03
15.71 237.109  -206.178
15.72 237.28  -206.326
15.73 237.45  -206.474
15.74 237.621  -206.623
15.75 237.792  -206.771
15.76 237.962  -206.919
15.77 238.133  -207.067
15.78 238.304  -207.216
15.79 238.475  -207.364
15.8 238.645  -207.512
15.81 238.816  -207.66
15.82 238.987  -207.808
15.83 239.158  -207.957
15.84 239.328  -208.105
15.85 239.499  -208.253
15.86 239.67  -208.401
15.87 239.841  -208.55
15.88 240.011  -208.698
15.89 240.182  -208.846
15.9 240.353  -208.994
15.91 240.524  -209.143
15.92 240.694  -209.291
15.93 240.865  -209.439
15.94 241.036  -209.587
15.95 241.206  -209.735
15.96 241.377  -209.884
15.97 241.548  -210.032
15.98 241.719  -210.18
15.99 241.889  -210.328
16 242.06  -210.477
16.01 242.231  -210.625
16.02 242.402  -210.773
16.03 242.572  -210.921
16.04 242.743  -211.07
16.05 242.914  -211.218
16.06 243.085  -211.366
16.07 243.255  -211.514
16.08 243.426  -211.662
16.09 243.597  -211.811
16.1 243.767  -211.959
16.11 243.938  -212.107
16.12 244.109  -212.255
16.13 244.28  -212.404
16.14 244.45  -212.552
16.15 244.621  -212.7
16.16 244.792  -212.848
16.17 244.963  -212.996
16.18 245.133  -213.145
16.19 245.304  -213.293
16.2 245.475  -213.441
16.21 245.646  -213.589
16.22 245.816  -213.738
16.23 245.987  -213.886
16.24 246.158  -214.034
16.25 246.328  -214.182
16.26 246.499  -214.331
16.27 246.67  -214.479
16.28 246.841  -214.627
16.29 247.011  -214.775
16.3 247.182  -214.923
16.31 247.353  -215.072
16.32 247.524  -215.22
16.33 247.694  -215.368
16.34 247.865  -215.516
16.35 248.036  -215.665
16.36 248.207  -215.813
16.37 248.377  -215.961
16.38 248.548  -216.109
16.39 248.719  -216.258
16.4 248.889  -216.406
16.41 249.06  -216.554
16.42 249.231  -216.702
16.43 249.402  -216.85
16.44 249.572  -216.999
16.45 249.743  -217.147
16.46 249.914  -217.295
16.47 250.085  -217.443
16.48 250.255  -217.592
16.49 250.426  -217.74
16.5 250.597  -217.888
16.51 250.768  -218.036
16.52 250.938  -218.185
16.53 251.109  -218.333
16.54 251.28  -218.481
16.55 251.451  -218.629
16.56 251.621  -218.777
16.57 251.792  -218.926
16.58 251.963  -219.074
16.59 252.133  -219.222
16.6 252.304  -219.37
16.61 252.475  -219.519
16.62 252.646  -219.667
16.63 252.816  -219.815
16.64 252.987  -219.963
16.65 253.158  -220.111
16.66 253.329  -220.26
16.67 253.499  -220.408
16.68 253.67  -220.556
16.69 253.841  -220.704
16.7 254.012  -220.853
16.71 254.182  -221.001
16.72 254.353  -221.149
16.73 254.524  -221.297
16.74 254.694  -221.446
16.75 254.865  -221.594
16.76 255.036  -221.742
16.77 255.207  -221.89
16.78 255.377  -222.038
16.79 255.548  -222.187
16.8 255.719  -222.335
16.81 255.89  -222.483
16.82 256.06  -222.631
16.83 256.231  -222.78
16.84 256.402  -222.928
16.85 256.573  -223.076
16.86 256.743  -223.224
16.87 256.914  -223.373
16.88 257.085  -223.521
16.89 257.255  -223.669
16.9 257.426  -223.817
16.91 257.597  -223.965
16.92 257.768  -224.114
16.93 257.938  -224.262
16.94 258.109  -224.41
16.95 258.28  -224.558
16.96 258.451  -224.707
16.97 258.621  -224.855
16.98 258.792  -225.003
16.99 258.963  -225.151
17 259.134  -225.3
17.01 259.304  -225.448
17.02 259.475  -225.596
17.03 259.646  -225.744
17.04 259.816  -225.892
17.05 259.987  -226.041
17.06 260.158  -226.189
17.07 260.329  -226.337
17.08 260.499  -226.485
17.09 260.67  -226.634
17.1 260.841  -226.782
17.11 261.012  -226.93
17.12 261.182  -227.078
17.13 261.353  -227.226
17.14 261.524  -227.375
17.15 261.695  -227.523
17.16 261.865  -227.671
17.17 262.036  -227.819
17.18 262.207  -227.968
17.19 262.377  -228.116
17.2 262.548  -228.264
17.21 262.719  -228.412
17.22 262.89  -228.561
17.23 263.06  -228.709
17.24 263.231  -228.857
17.25 263.402  -229.005
17.26 263.573  -229.153
17.27 263.743  -229.302
17.28 263.914  -229.45
17.29 264.085  -229.598
17.3 264.256  -229.746
17.31 264.426  -229.895
17.32 264.597  -230.043
17.33 264.768  -230.191
17.34 264.939  -230.339
17.35 265.109  -230.488
17.36 265.28  -230.636
17.37 265.451  -230.784
17.38 265.621  -230.932
17.39 265.792  -231.08
17.4 265.963  -231.229
17.41 266.134  -231.377
17.42 266.304  -231.525
17.43 266.475  -231.673
17.44 266.646  -231.822
17.45 266.817  -231.97
17.46 266.987  -232.118
17.47 267.158  -232.266
17.48 267.329  -232.415
17.49 267.5  -232.563
17.5 267.67  -232.711
17.51 267.841  -232.859
17.52 268.012  -233.007
17.53 268.182  -233.156
17.54 268.353  -233.304
17.55 268.524  -233.452
17.56 268.695  -233.6
17.57 268.865  -233.749
17.58 269.036  -233.897
17.59 269.207  -234.045
17.6 269.378  -234.193
17.61 269.548  -234.341
17.62 269.719  -234.49
17.63 269.89  -234.638
17.64 270.061  -234.786
17.65 270.231  -234.934
17.66 270.402  -235.083
17.67 270.573  -235.231
17.68 270.743  -235.379
17.69 270.914  -235.527
17.7 271.085  -235.676
17.71 271.256  -235.824
17.72 271.426  -235.972
17.73 271.597  -236.12
17.74 271.768  -236.268
17.75 271.939  -236.417
17.76 272.109  -236.565
17.77 272.28  -236.713
17.78 272.451  -236.861
17.79 272.622  -237.01
17.8 272.792  -237.158
17.81 272.963  -237.306
17.82 273.134  -237.454
17.83 273.304  -237.603
17.84 273.475  -237.751
17.85 273.646  -237.899
17.86 273.817  -238.047
17.87 273.987  -238.195
17.88 274.158  -238.344
17.89 274.329  -238.492
17.9 274.5  -238.64
17.91 274.67  -238.788
17.92 274.841  -238.937
17.93 275.012  -239.085
17.94 275.183  -239.233
17.95 275.353  -239.381
17.96 275.524  -239.53
17.97 275.695  -239.678
17.98 275.865  -239.826
17.99 276.036  -239.974
18 276.207  -240.122
18.01 276.378  -240.271
18.02 276.548  -240.419
18.03 276.719  -240.567
18.04 276.89  -240.715
18.05 277.061  -240.864
18.06 277.231  -241.012
18.07 277.402  -241.16
18.08 277.573  -241.308
18.09 277.744  -241.456
18.1 277.914  -241.605
18.11 278.085  -241.753
18.12 278.256  -241.901
18.13 278.426  -242.049
18.14 278.597  -242.198
18.15 278.768  -242.346
18.16 278.939  -242.494
18.17 279.109  -242.642
18.18 279.28  -242.791
18.19 279.451  -242.939
18.2 279.622  -243.087
18.21 279.792  -243.235
18.22 279.963  -243.383
18.23 280.134  -243.532
18.24 280.305  -243.68
18.25 280.475  -243.828
18.26 280.646  -243.976
18.27 280.817  -244.125
18.28 280.988  -244.273
18.29 281.158  -244.421
18.3 281.329  -244.569
18.31 281.5  -244.718
18.32 281.67  -244.866
18.33 281.841  -245.014
18.34 282.012  -245.162
18.35 282.183  -245.31
18.36 282.353  -245.459
18.37 282.524  -245.607
18.38 282.695  -245.755
18.39 282.866  -245.903
18.4 283.036  -246.052
18.41 283.207  -246.2
18.42 283.378  -246.348
18.43 283.549  -246.496
18.44 283.719  -246.644
18.45 283.89  -246.793
18.46 284.061  -246.941
18.47 284.231  -247.089
18.48 284.402  -247.237
18.49 284.573  -247.386
18.5 284.744  -247.534
18.51 284.914  -247.682
18.52 285.085  -247.83
18.53 285.256  -247.979
18.54 285.427  -248.127
18.55 285.597  -248.275
18.56 285.768  -248.423
18.57 285.939  -248.571
18.58 286.11  -248.72
18.59 286.28  -248.868
18.6 286.451  -249.016
18.61 286.622  -249.164
18.62 286.792  -249.313
18.63 286.963  -249.461
18.64 287.134  -249.609
18.65 287.305  -249.757
18.66 287.475  -249.906
18.67 287.646  -250.054
18.68 287.817  -250.202
18.69 287.988  -250.35
18.7 288.158  -250.498
18.71 288.329  -250.647
18.72 288.5  -250.795
18.73 288.671  -250.943
18.74 288.841  -251.091
18.75 289.012  -251.24
18.76 289.183  -251.388
18.77 289.353  -251.536
18.78 289.524  -251.684
18.79 289.695  -251.832
18.8 289.866  -251.981
18.81 290.036  -252.129
18.82 290.207  -252.277
18.83 290.378  -252.425
18.84 290.549  -252.574
18.85 290.719  -252.722
18.86 290.89  -252.87
18.87 291.061  -253.018
18.88 291.232  -253.167
18.89 291.402  -253.315
18.9 291.573  -253.463
18.91 291.744  -253.611
18.92 291.914  -253.759
18.93 292.085  -253.908
18.94 292.256  -254.056
18.95 292.427  -254.204
18.96 292.597  -254.352
18.97 292.768  -254.501
18.98 292.939  -254.649
18.99 293.11  -254.797
19 293.28  -254.945
19.01 293.451  -255.094
19.02 293.622  -255.242
19.03 293.793  -255.39
19.04 293.963  -255.538
19.05 294.134  -255.686
19.06 294.305  -255.835
19.07 294.475  -255.983
19.08 294.646  -256.131
19.09 294.817  -256.279
19.1 294.988  -256.428
19.11 295.158  -256.576
19.12 295.329  -256.724
19.13 295.5  -256.872
19.14 295.671  -257.02
19.15 295.841  -257.169
19.16 296.012  -257.317
19.17 296.183  -257.465
19.18 296.354  -257.613
19.19 296.524  -257.762
19.2 296.695  -257.91
19.21 296.866  -258.058
19.22 297.036  -258.206
19.23 297.207  -258.355
19.24 297.378  -258.503
19.25 297.549  -258.651
19.26 297.719  -258.799
19.27 297.89  -258.947
19.28 298.061  -259.096
19.29 298.232  -259.244
19.3 298.402  -259.392
19.31 298.573  -259.54
19.32 298.744  -259.689
19.33 298.915  -259.837
19.34 299.085  -259.985
19.35 299.256  -260.133
19.36 299.427  -260.282
19.37 299.597  -260.43
19.38 299.768  -260.578
19.39 299.939  -260.726
19.4 300.11  -260.874
19.41 300.28  -261.023
19.42 300.451  -261.171
19.43 300.622  -261.319
19.44 300.793  -261.467
19.45 300.963  -261.616
19.46 301.134  -261.764
19.47 301.305  -261.912
19.48 301.476  -262.06
19.49 301.646  -262.208
19.5 301.817  -262.357
19.51 301.988  -262.505
19.52 302.158  -262.653
19.53 302.329  -262.801
19.54 302.5  -262.95
19.55 302.671  -263.098
19.56 302.841  -263.246
19.57 303.012  -263.394
19.58 303.183  -263.543
19.59 303.354  -263.691
19.6 303.524  -263.839
19.61 303.695  -263.987
19.62 303.866  -264.135
19.63 304.037  -264.284
19.64 304.207  -264.432
19.65 304.378  -264.58
19.66 304.549  -264.728
19.67 304.719  -264.877
19.68 304.89  -265.025
19.69 305.061  -265.173
19.7 305.232  -265.321
19.71 305.402  -265.47
19.72 305.573  -265.618
19.73 305.744  -265.766
19.74 305.915  -265.914
19.75 306.085  -266.062
19.76 306.256  -266.211
19.77 306.427  -266.359
19.78 306.598  -266.507
19.79 306.768  -266.655
19.8 306.939  -266.804
19.81 307.11  -266.952
19.82 307.28  -267.1
19.83 307.451  -267.248
19.84 307.622  -267.396
19.85 307.793  -267.545
19.86 307.963  -267.693
19.87 308.134  -267.841
19.88 308.305  -267.989
19.89 308.476  -268.138
19.9 308.646  -268.286
19.91 308.817  -268.434
19.92 308.988  -268.582
19.93 309.159  -268.731
19.94 309.329  -268.879
19.95 309.5  -269.027
19.96 309.671  -269.175
19.97 309.842  -269.323
19.98 310.012  -269.472
19.99 310.183  -269.62
20 310.354  -269.768
20.01 310.524  -269.916
20.02 310.695  -270.065
20.03 310.866  -270.213
20.04 311.037  -270.361
20.05 311.207  -270.509
20.06 311.378  -270.658
20.07 311.549  -270.806
20.08 311.72  -270.954
20.09 311.89  -271.102
20.1 312.061  -271.25
20.11 312.232  -271.399
20.12 312.403  -271.547
20.13 312.573  -271.695
20.14 312.744  -271.843
20.15 312.915  -271.992
20.16 313.085  -272.14
20.17 313.256  -272.288
20.18 313.427  -272.436
20.19 313.598  -272.584
20.2 313.768  -272.733
20.21 313.939  -272.881
20.22 314.11  -273.029
20.23 314.281  -273.177
20.24 314.451  -273.326
20.25 314.622  -273.474
20.26 314.793  -273.622
20.27 314.964  -273.77
20.28 315.134  -273.919
20.29 315.305  -274.067
20.3 315.476  -274.215
20.31 315.646  -274.363
20.32 315.817  -274.511
20.33 315.988  -274.66
20.34 316.159  -274.808
20.35 316.329  -274.956
20.36 316.5  -275.104
20.37 316.671  -275.253
20.38 316.842  -275.401
20.39 317.012  -275.549
20.4 317.183  -275.697
20.41 317.354  -275.846
20.42 317.525  -275.994
20.43 317.695  -276.142
20.44 317.866  -276.29
20.45 318.037  -276.438
20.46 318.207  -276.587
20.47 318.378  -276.735
20.48 318.549  -276.883
20.49 318.72  -277.031
20.5 318.89  -277.18
20.51 319.061  -277.328
20.52 319.232  -277.476
20.53 319.403  -277.624
20.54 319.573  -277.772
20.55 319.744  -277.921
20.56 319.915  -278.069
20.57 320.086  -278.217
20.58 320.256  -278.365
20.59 320.427  -278.514
20.6 320.598  -278.662
20.61 320.768  -278.81
20.62 320.939  -278.958
20.63 321.11  -279.107
20.64 321.281  -279.255
20.65 321.451  -279.403
20.66 321.622  -279.551
20.67 321.793  -279.699
20.68 321.964  -279.848
20.69 322.134  -279.996
20.7 322.305  -280.144
20.71 322.476  -280.292
20.72 322.647  -280.441
20.73 322.817  -280.589
20.74 322.988  -280.737
20.75 323.159  -280.885
20.76 323.329  -281.034
20.77 323.5  -281.182
20.78 323.671  -281.33
20.79 323.842  -281.478
20.8 324.012  -281.626
20.81 324.183  -281.775
20.82 324.354  -281.923
20.83 324.525  -282.071
20.84 324.695  -282.219
20.85 324.866  -282.368
20.86 325.037  -282.516
20.87 325.208  -282.664
20.88 325.378  -282.812
20.89 325.549  -282.96
20.9 325.72  -283.109
20.91 325.89  -283.257
20.92 326.061  -283.405
20.93 326.232  -283.553
20.94 326.403  -283.702
20.95 326.573  -283.85
20.96 326.744  -283.998
20.97 326.915  -284.146
20.98 327.086  -284.295
20.99 327.256  -284.443
21 327.427  -284.591
21.01 327.598  -284.739
21.02 327.769  -284.887
21.03 327.939  -285.036
21.04 328.11  -285.184
21.05 328.281  -285.332
21.06 328.451  -285.48
21.07 328.622  -285.629
21.08 328.793  -285.777
21.09 328.964  -285.925
21.1 329.134  -286.073
21.11 329.305  -286.222
21.12 329.476  -286.37
21.13 329.647  -286.518
21.14 329.817  -286.666
21.15 329.988  -286.814
21.16 330.159  -286.963
21.17 330.33  -287.111
21.18 330.5  -287.259
21.19 330.671  -287.407
21.2 330.842  -287.556
21.21 331.012  -287.704
21.22 331.183  -287.852
21.23 331.354  -288
21.24 331.525  -288.148
21.25 331.695  -288.297
21.26 331.866  -288.445
21.27 332.037  -288.593
21.28 332.208  -288.741
21.29 332.378  -288.89
21.3 332.549  -289.038
21.31 332.72  -289.186
21.32 332.891  -289.334
21.33 333.061  -289.483
21.34 333.232  -289.631
21.35 333.403  -289.779
21.36 333.573  -289.927
21.37 333.744  -290.075
21.38 333.915  -290.224
21.39 334.086  -290.372
21.4 334.256  -290.52
21.41 334.427  -290.668
21.42 334.598  -290.817
21.43 334.769  -290.965
21.44 334.939  -291.113
21.45 335.11  -291.261
21.46 335.281  -291.409
21.47 335.452  -291.558
21.48 335.622  -291.706
21.49 335.793  -291.854
21.5 335.964  -292.002
21.51 336.134  -292.151
21.52 336.305  -292.299
21.53 336.476  -292.447
21.54 336.647  -292.595
21.55 336.817  -292.744
21.56 336.988  -292.892
21.57 337.159  -293.04
21.58 337.33  -293.188
21.59 337.5  -293.336
21.6 337.671  -293.485
21.61 337.842  -293.633
21.62 338.013  -293.781
21.63 338.183  -293.929
21.64 338.354  -294.078
21.65 338.525  -294.226
21.66 338.695  -294.374
21.67 338.866  -294.522
21.68 339.037  -294.671
21.69 339.208  -294.819
21.7 339.378  -294.967
21.71 339.549  -295.115
21.72 339.72  -295.263
21.73 339.891  -295.412
21.74 340.061  -295.56
21.75 340.232  -295.708
21.76 340.403  -295.856
21.77 340.574  -296.005
21.78 340.744  -296.153
21.79 340.915  -296.301
21.8 341.086  -296.449
21.81 341.256  -296.597
21.82 341.427  -296.746
21.83 341.598  -296.894
21.84 341.769  -297.042
21.85 341.939  -297.19
21.86 342.11  -297.339
21.87 342.281  -297.487
21.88 342.452  -297.635
21.89 342.622  -297.783
21.9 342.793  -297.932
21.91 342.964  -298.08
21.92 343.135  -298.228
21.93 343.305  -298.376
21.94 343.476  -298.524
21.95 343.647  -298.673
21.96 343.817  -298.821
21.97 343.988  -298.969
21.98 344.159  -299.117
21.99 344.33  -299.266
22 344.5  -299.414
22.01 344.671  -299.562
22.02 344.842  -299.71
22.03 345.013  -299.859
22.04 345.183  -300.007
22.05 345.354  -300.155
22.06 345.525  -300.303
22.07 345.695  -300.451
22.08 345.866  -300.6
22.09 346.037  -300.748
22.1 346.208  -300.896
22.11 346.378  -301.044
22.12 346.549  -301.193
22.13 346.72  -301.341
22.14 346.891  -301.489
22.15 347.061  -301.637
22.16 347.232  -301.785
22.17 347.403  -301.934
22.18 347.574  -302.082
22.19 347.744  -302.23
22.2 347.915  -302.378
22.21 348.086  -302.527
22.22 348.256  -302.675
22.23 348.427  -302.823
22.24 348.598  -302.971
22.25 348.769  -303.12
22.26 348.939  -303.268
22.27 349.11  -303.416
22.28 349.281  -303.564
22.29 349.452  -303.712
22.3 349.622  -303.861
22.31 349.793  -304.009
22.32 349.964  -304.157
22.33 350.135  -304.305
22.34 350.305  -304.454
22.35 350.476  -304.602
22.36 350.647  -304.75
22.37 350.817  -304.898
22.38 350.988  -305.046
22.39 351.159  -305.195
22.4 351.33  -305.343
22.41 351.5  -305.491
22.42 351.671  -305.639
22.43 351.842  -305.788
22.44 352.013  -305.936
22.45 352.183  -306.084
22.46 352.354  -306.232
22.47 352.525  -306.381
22.48 352.696  -306.529
22.49 352.866  -306.677
22.5 353.037  -306.825
22.51 353.208  -306.973
22.52 353.378  -307.122
22.53 353.549  -307.27
22.54 353.72  -307.418
22.55 353.891  -307.566
22.56 354.061  -307.715
22.57 354.232  -307.863
22.58 354.403  -308.011
22.59 354.574  -308.159
22.6 354.744  -308.308
22.61 354.915  -308.456
22.62 355.086  -308.604
22.63 355.257  -308.752
22.64 355.427  -308.9
22.65 355.598  -309.049
22.66 355.769  -309.197
22.67 355.939  -309.345
22.68 356.11  -309.493
22.69 356.281  -309.642
22.7 356.452  -309.79
22.71 356.622  -309.938
22.72 356.793  -310.086
22.73 356.964  -310.234
22.74 357.135  -310.383
22.75 357.305  -310.531
22.76 357.476  -310.679
22.77 357.647  -310.827
22.78 357.818  -310.976
22.79 357.988  -311.124
22.8 358.159  -311.272
22.81 358.33  -311.42
22.82 358.5  -311.569
22.83 358.671  -311.717
22.84 358.842  -311.865
22.85 359.013  -312.013
22.86 359.183  -312.161
22.87 359.354  -312.31
22.88 359.525  -312.458
22.89 359.696  -312.606
22.9 359.866  -312.754
22.91 360.037  -312.903
22.92 360.208  -313.051
22.93 360.379  -313.199
22.94 360.549  -313.347
22.95 360.72  -313.495
22.96 360.891  -313.644
22.97 361.061  -313.792
22.98 361.232  -313.94
22.99 361.403  -314.088
23 361.574  -314.237
23.01 361.744  -314.385
23.02 361.915  -314.533
23.03 362.086  -314.681
23.04 362.257  -314.83
23.05 362.427  -314.978
23.06 362.598  -315.126
23.07 362.769  -315.274
23.08 362.94  -315.422
23.09 363.11  -315.571
23.1 363.281  -315.719
23.11 363.452  -315.867
23.12 363.622  -316.015
23.13 363.793  -316.164
23.14 363.964  -316.312
23.15 364.135  -316.46
23.16 364.305  -316.608
23.17 364.476  -316.757
23.18 364.647  -316.905
23.19 364.818  -317.053
23.2 364.988  -317.201
23.21 365.159  -317.349
23.22 365.33  -317.498
23.23 365.501  -317.646
23.24 365.671  -317.794
23.25 365.842  -317.942
23.26 366.013  -318.091
23.27 366.183  -318.239
23.28 366.354  -318.387
23.29 366.525  -318.535
23.3 366.696  -318.683
23.31 366.866  -318.832
23.32 367.037  -318.98
23.33 367.208  -319.128
23.34 367.379  -319.276
23.35 367.549  -319.425
23.36 367.72  -319.573
23.37 367.891  -319.721
23.38 368.062  -319.869
23.39 368.232  -320.018
23.4 368.403  -320.166
23.41 368.574  -320.314
23.42 368.744  -320.462
23.43 368.915  -320.61
23.44 369.086  -320.759
23.45 369.257  -320.907
23.46 369.427  -321.055
23.47 369.598  -321.203
23.48 369.769  -321.352
23.49 369.94  -321.5
23.5 370.11  -321.648
23.51 370.281  -321.796
23.52 370.452  -321.944
23.53 370.623  -322.093
23.54 370.793  -322.241
23.55 370.964  -322.389
23.56 371.135  -322.537
23.57 371.305  -322.686
23.58 371.476  -322.834
23.59 371.647  -322.982
23.6 371.818  -323.13
23.61 371.988  -323.279
23.62 372.159  -323.427
23.63 372.33  -323.575
23.64 372.501  -323.723
23.65 372.671  -323.871
23.66 372.842  -324.02
23.67 373.013  -324.168
23.68 373.184  -324.316
23.69 373.354  -324.464
23.7 373.525  -324.613
23.71 373.696  -324.761
23.72 373.866  -324.909
23.73 374.037  -325.057
23.74 374.208  -325.206
23.75 374.379  -325.354
23.76 374.549  -325.502
23.77 374.72  -325.65
23.78 374.891  -325.798
23.79 375.062  -325.947
23.8 375.232  -326.095
23.81 375.403  -326.243
23.82 375.574  -326.391
23.83 375.745  -326.54
23.84 375.915  -326.688
23.85 376.086  -326.836
23.86 376.257  -326.984
23.87 376.427  -327.132
23.88 376.598  -327.281
23.89 376.769  -327.429
23.9 376.94  -327.577
23.91 377.11  -327.725
23.92 377.281  -327.874
23.93 377.452  -328.022
23.94 377.623  -328.17
23.95 377.793  -328.318
23.96 377.964  -328.467
23.97 378.135  -328.615
23.98 378.306  -328.763
23.99 378.476  -328.911
24 378.647  -329.059
24.01 378.818  -329.208
24.02 378.988  -329.356
24.03 379.159  -329.504
24.04 379.33  -329.652
24.05 379.501  -329.801
24.06 379.671  -329.949
24.07 379.842  -330.097
24.08 380.013  -330.245
24.09 380.184  -330.393
24.1 380.354  -330.542
24.11 380.525  -330.69
24.12 380.696  -330.838
24.13 380.866  -330.986
24.14 381.037  -331.135
24.15 381.208  -331.283
24.16 381.379  -331.431
24.17 381.549  -331.579
24.18 381.72  -331.728
24.19 381.891  -331.876
24.2 382.062  -332.024
24.21 382.232  -332.172
24.22 382.403  -332.32
24.23 382.574  -332.469
24.24 382.745  -332.617
24.25 382.915  -332.765
24.26 383.086  -332.913
24.27 383.257  -333.062
24.28 383.427  -333.21
24.29 383.598  -333.358
24.3 383.769  -333.506
24.31 383.94  -333.655
24.32 384.11  -333.803
24.33 384.281  -333.951
24.34 384.452  -334.099
24.35 384.623  -334.247
24.36 384.793  -334.396
24.37 384.964  -334.544
24.38 385.135  -334.692
24.39 385.306  -334.84
24.4 385.476  -334.989
24.41 385.647  -335.137
24.42 385.818  -335.285
24.43 385.988  -335.433
24.44 386.159  -335.581
24.45 386.33  -335.73
24.46 386.501  -335.878
24.47 386.671  -336.026
24.48 386.842  -336.174
24.49 387.013  -336.323
24.5 387.184  -336.471
24.51 387.354  -336.619
24.52 387.525  -336.767
24.53 387.696  -336.916
24.54 387.867  -337.064
24.55 388.037  -337.212
24.56 388.208  -337.36
24.57 388.379  -337.508
24.58 388.549  -337.657
24.59 388.72  -337.805
24.6 388.891  -337.953
24.61 389.062  -338.101
24.62 389.232  -338.25
24.63 389.403  -338.398
24.64 389.574  -338.546
24.65 389.745  -338.694
24.66 389.915  -338.842
24.67 390.086  -338.991
24.68 390.257  -339.139
24.69 390.428  -339.287
24.7 390.598  -339.435
24.71 390.769  -339.584
24.72 390.94  -339.732
24.73 391.11  -339.88
24.74 391.281  -340.028
24.75 391.452  -340.177
24.76 391.623  -340.325
24.77 391.793  -340.473
24.78 391.964  -340.621
24.79 392.135  -340.769
24.8 392.306  -340.918
24.81 392.476  -341.066
24.82 392.647  -341.214
24.83 392.818  -341.362
24.84 392.989  -341.511
24.85 393.159  -341.659
24.86 393.33  -341.807
24.87 393.501  -341.955
24.88 393.671  -342.103
24.89 393.842  -342.252
24.9 394.013  -342.4
24.91 394.184  -342.548
24.92 394.354  -342.696
24.93 394.525  -342.845
24.94 394.696  -342.993
24.95 394.867  -343.141
24.96 395.037  -343.289
24.97 395.208  -343.438
24.98 395.379  -343.586
24.99 395.55  -343.734
25 395.72  -343.882
25.01 395.891  -344.03
25.02 396.062  -344.179
25.03 396.232  -344.327
25.04 396.403  -344.475
25.05 396.574  -344.623
25.06 396.745  -344.772
25.07 396.915  -344.92
25.08 397.086  -345.068
25.09 397.257  -345.216
25.1 397.428  -345.365
25.11 397.598  -345.513
25.12 397.769  -345.661
25.13 397.94  -345.809
25.14 398.111  -345.957
25.15 398.281  -346.106
25.16 398.452  -346.254
25.17 398.623  -346.402
25.18 398.793  -346.55
25.19 398.964  -346.699
25.2 399.135  -346.847
25.21 399.306  -346.995
25.22 399.476  -347.143
25.23 399.647  -347.291
25.24 399.818  -347.44
25.25 399.989  -347.588
25.26 400.159  -347.736
25.27 400.33  -347.884
25.28 400.501  -348.033
25.29 400.671  -348.181
25.3 400.842  -348.329
25.31 401.013  -348.477
25.32 401.184  -348.626
25.33 401.354  -348.774
25.34 401.525  -348.922
25.35 401.696  -349.07
25.36 401.867  -349.218
25.37 402.037  -349.367
25.38 402.208  -349.515
25.39 402.379  -349.663
25.4 402.55  -349.811
25.41 402.72  -349.96
25.42 402.891  -350.108
25.43 403.062  -350.256
25.44 403.232  -350.404
25.45 403.403  -350.552
25.46 403.574  -350.701
25.47 403.745  -350.849
25.48 403.915  -350.997
25.49 404.086  -351.145
25.5 404.257  -351.294
25.51 404.428  -351.442
25.52 404.598  -351.59
25.53 404.769  -351.738
25.54 404.94  -351.887
25.55 405.111  -352.035
25.56 405.281  -352.183
25.57 405.452  -352.331
25.58 405.623  -352.479
25.59 405.793  -352.628
25.6 405.964  -352.776
25.61 406.135  -352.924
25.62 406.306  -353.072
25.63 406.476  -353.221
25.64 406.647  -353.369
25.65 406.818  -353.517
25.66 406.989  -353.665
25.67 407.159  -353.813
25.68 407.33  -353.962
25.69 407.501  -354.11
25.7 407.672  -354.258
25.71 407.842  -354.406
25.72 408.013  -354.555
25.73 408.184  -354.703
25.74 408.354  -354.851
25.75 408.525  -354.999
25.76 408.696  -355.148
25.77 408.867  -355.296
25.78 409.037  -355.444
25.79 409.208  -355.592
25.8 409.379  -355.74
25.81 409.55  -355.889
25.82 409.72  -356.037
25.83 409.891  -356.185
25.84 410.062  -356.333
25.85 410.233  -356.482
25.86 410.403  -356.63
25.87 410.574  -356.778
25.88 410.745  -356.926
25.89 410.915  -357.075
25.9 411.086  -357.223
25.91 411.257  -357.371
25.92 411.428  -357.519
25.93 411.598  -357.667
25.94 411.769  -357.816
25.95 411.94  -357.964
25.96 412.111  -358.112
25.97 412.281  -358.26
25.98 412.452  -358.409
25.99 412.623  -358.557
26 412.794  -358.705
26.01 412.964  -358.853
26.02 413.135  -359.001
26.03 413.306  -359.15
26.04 413.476  -359.298
26.05 413.647  -359.446
26.06 413.818  -359.594
26.07 413.989  -359.743
26.08 414.159  -359.891
26.09 414.33  -360.039
26.1 414.501  -360.187
26.11 414.672  -360.336
26.12 414.842  -360.484
26.13 415.013  -360.632
26.14 415.184  -360.78
26.15 415.355  -360.928
26.16 415.525  -361.077
26.17 415.696  -361.225
26.18 415.867  -361.373
26.19 416.037  -361.521
26.2 416.208  -361.67
26.21 416.379  -361.818
26.22 416.55  -361.966
26.23 416.72  -362.114
26.24 416.891  -362.262
26.25 417.062  -362.411
26.26 417.233  -362.559
26.27 417.403  -362.707
26.28 417.574  -362.855
26.29 417.745  -363.004
26.3 417.915  -363.152
26.31 418.086  -363.3
26.32 418.257  -363.448
26.33 418.428  -363.597
26.34 418.598  -363.745
26.35 418.769  -363.893
26.36 418.94  -364.041
26.37 419.111  -364.189
26.38 419.281  -364.338
26.39 419.452  -364.486
26.4 419.623  -364.634
26.41 419.794  -364.782
26.42 419.964  -364.931
26.43 420.135  -365.079
26.44 420.306  -365.227
26.45 420.476  -365.375
26.46 420.647  -365.523
26.47 420.818  -365.672
26.48 420.989  -365.82
26.49 421.159  -365.968
26.5 421.33  -366.116
26.51 421.501  -366.265
26.52 421.672  -366.413
26.53 421.842  -366.561
26.54 422.013  -366.709
26.55 422.184  -366.858
26.56 422.355  -367.006
26.57 422.525  -367.154
26.58 422.696  -367.302
26.59 422.867  -367.45
26.6 423.037  -367.599
26.61 423.208  -367.747
26.62 423.379  -367.895
26.63 423.55  -368.043
26.64 423.72  -368.192
26.65 423.891  -368.34
26.66 424.062  -368.488
26.67 424.233  -368.636
26.68 424.403  -368.784
26.69 424.574  -368.933
26.7 424.745  -369.081
26.71 424.916  -369.229
26.72 425.086  -369.377
26.73 425.257  -369.526
26.74 425.428  -369.674
26.75 425.598  -369.822
26.76 425.769  -369.97
26.77 425.94  -370.119
26.78 426.111  -370.267
26.79 426.281  -370.415
26.8 426.452  -370.563
26.81 426.623  -370.711
26.82 426.794  -370.86
26.83 426.964  -371.008
26.84 427.135  -371.156
26.85 427.306  -371.304
26.86 427.477  -371.453
26.87 427.647  -371.601
26.88 427.818  -371.749
26.89 427.989  -371.897
26.9 428.159  -372.046
26.91 428.33  -372.194
26.92 428.501  -372.342
26.93 428.672  -372.49
26.94 428.842  -372.638
26.95 429.013  -372.787
26.96 429.184  -372.935
26.97 429.355  -373.083
26.98 429.525  -373.231
26.99 429.696  -373.38
27 429.867  -373.528
27.01 430.038  -373.676
27.02 430.208  -373.824
27.03 430.379  -373.972
27.04 430.55  -374.121
27.05 430.72  -374.269
27.06 430.891  -374.417
27.07 431.062  -374.565
27.08 431.233  -374.714
27.09 431.403  -374.862
27.1 431.574  -375.01
27.11 431.745  -375.158
27.12 431.916  -375.307
27.13 432.086  -375.455
27.14 432.257  -375.603
27.15 432.428  -375.751
27.16 432.598  -375.899
27.17 432.769  -376.048
27.18 432.94  -376.196
27.19 433.111  -376.344
27.2 433.281  -376.492
27.21 433.452  -376.641
27.22 433.623  -376.789
27.23 433.794  -376.937
27.24 433.964  -377.085
27.25 434.135  -377.233
27.26 434.306  -377.382
27.27 434.477  -377.53
27.28 434.647  -377.678
27.29 434.818  -377.826
27.3 434.989  -377.975
27.31 435.159  -378.123
27.32 435.33  -378.271
27.33 435.501  -378.419
27.34 435.672  -378.568
27.35 435.842  -378.716
27.36 436.013  -378.864
27.37 436.184  -379.012
27.38 436.355  -379.16
27.39 436.525  -379.309
27.4 436.696  -379.457
27.41 436.867  -379.605
27.42 437.038  -379.753
27.43 437.208  -379.902
27.44 437.379  -380.05
27.45 437.55  -380.198
27.46 437.72  -380.346
27.47 437.891  -380.494
27.48 438.062  -380.643
27.49 438.233  -380.791
27.5 438.403  -380.939
27.51 438.574  -381.087
27.52 438.745  -381.236
27.53 438.916  -381.384
27.54 439.086  -381.532
27.55 439.257  -381.68
27.56 439.428  -381.829
27.57 439.599  -381.977
27.58 439.769  -382.125
27.59 439.94  -382.273
27.6 440.111  -382.421
27.61 440.281  -382.57
27.62 440.452  -382.718
27.63 440.623  -382.866
27.64 440.794  -383.014
27.65 440.964  -383.163
27.66 441.135  -383.311
27.67 441.306  -383.459
27.68 441.477  -383.607
27.69 441.647  -383.755
27.7 441.818  -383.904
27.71 441.989  -384.052
27.72 442.16  -384.2
27.73 442.33  -384.348
27.74 442.501  -384.497
27.75 442.672  -384.645
27.76 442.842  -384.793
27.77 443.013  -384.941
27.78 443.184  -385.09
27.79 443.355  -385.238
27.8 443.525  -385.386
27.81 443.696  -385.534
27.82 443.867  -385.682
27.83 444.038  -385.831
27.84 444.208  -385.979
27.85 444.379  -386.127
27.86 444.55  -386.275
27.87 444.72  -386.424
27.88 444.891  -386.572
27.89 445.062  -386.72
27.9 445.233  -386.868
27.91 445.403  -387.016
27.92 445.574  -387.165
27.93 445.745  -387.313
27.94 445.916  -387.461
27.95 446.086  -387.609
27.96 446.257  -387.758
27.97 446.428  -387.906
27.98 446.599  -388.054
27.99 446.769  -388.202
28 446.94  -388.351
28.01 447.111  -388.499
28.02 447.281  -388.647
28.03 447.452  -388.795
28.04 447.623  -388.943
28.05 447.794  -389.092
28.06 447.964  -389.24
28.07 448.135  -389.388
28.08 448.306  -389.536
28.09 448.477  -389.685
28.1 448.647  -389.833
28.11 448.818  -389.981
28.12 448.989  -390.129
28.13 449.16  -390.278
28.14 449.33  -390.426
28.15 449.501  -390.574
28.16 449.672  -390.722
28.17 449.842  -390.87
28.18 450.013  -391.019
28.19 450.184  -391.167
28.2 450.355  -391.315
28.21 450.525  -391.463
28.22 450.696  -391.612
28.23 450.867  -391.76
28.24 451.038  -391.908
28.25 451.208  -392.056
28.26 451.379  -392.204
28.27 451.55  -392.353
28.28 451.721  -392.501
28.29 451.891  -392.649
28.3 452.062  -392.797
28.31 452.233  -392.946
28.32 452.403  -393.094
28.33 452.574  -393.242
28.34 452.745  -393.39
28.35 452.916  -393.539
28.36 453.086  -393.687
28.37 453.257  -393.835
28.38 453.428  -393.983
28.39 453.599  -394.131
28.4 453.769  -394.28
28.41 453.94  -394.428
28.42 454.111  -394.576
28.43 454.282  -394.724
28.44 454.452  -394.873
28.45 454.623  -395.021
28.46 454.794  -395.169
28.47 454.964  -395.317
28.48 455.135  -395.465
28.49 455.306  -395.614
28.5 455.477  -395.762
28.51 455.647  -395.91
28.52 455.818  -396.058
28.53 455.989  -396.207
28.54 456.16  -396.355
28.55 456.33  -396.503
28.56 456.501  -396.651
28.57 456.672  -396.8
28.58 456.842  -396.948
28.59 457.013  -397.096
28.6 457.184  -397.244
28.61 457.355  -397.392
28.62 457.525  -397.541
28.63 457.696  -397.689
28.64 457.867  -397.837
28.65 458.038  -397.985
28.66 458.208  -398.134
28.67 458.379  -398.282
28.68 458.55  -398.43
28.69 458.721  -398.578
28.7 458.891  -398.726
28.71 459.062  -398.875
28.72 459.233  -399.023
28.73 459.403  -399.171
28.74 459.574  -399.319
28.75 459.745  -399.468
28.76 459.916  -399.616
28.77 460.086  -399.764
28.78 460.257  -399.912
28.79 460.428  -400.061
28.8 460.599  -400.209
28.81 460.769  -400.357
28.82 460.94  -400.505
28.83 461.111  -400.653
28.84 461.282  -400.802
28.85 461.452  -400.95
28.86 461.623  -401.098
28.87 461.794  -401.246
28.88 461.964  -401.395
28.89 462.135  -401.543
28.9 462.306  -401.691
28.91 462.477  -401.839
28.92 462.647  -401.987
28.93 462.818  -402.136
28.94 462.989  -402.284
28.95 463.16  -402.432
28.96 463.33  -402.58
28.97 463.501  -402.729
28.98 463.672  -402.877
28.99 463.843  -403.025
29 464.013  -403.173
29.01 464.184  -403.322
29.02 464.355  -403.47
29.03 464.525  -403.618
29.04 464.696  -403.766
29.05 464.867  -403.914
29.06 465.038  -404.063
29.07 465.208  -404.211
29.08 465.379  -404.359
29.09 465.55  -404.507
29.1 465.721  -404.656
29.11 465.891  -404.804
29.12 466.062  -404.952
29.13 466.233  -405.1
29.14 466.404  -405.248
29.15 466.574  -405.397
29.16 466.745  -405.545
29.17 466.916  -405.693
29.18 467.086  -405.841
29.19 467.257  -405.99
29.2 467.428  -406.138
29.21 467.599  -406.286
29.22 467.769  -406.434
29.23 467.94  -406.583
29.24 468.111  -406.731
29.25 468.282  -406.879
29.26 468.452  -407.027
29.27 468.623  -407.175
29.28 468.794  -407.324
29.29 468.964  -407.472
29.3 469.135  -407.62
29.31 469.306  -407.768
29.32 469.477  -407.917
29.33 469.647  -408.065
29.34 469.818  -408.213
29.35 469.989  -408.361
29.36 470.16  -408.509
29.37 470.33  -408.658
29.38 470.501  -408.806
29.39 470.672  -408.954
29.4 470.843  -409.102
29.41 471.013  -409.251
29.42 471.184  -409.399
29.43 471.355  -409.547
29.44 471.525  -409.695
29.45 471.696  -409.844
29.46 471.867  -409.992
29.47 472.038  -410.14
29.48 472.208  -410.288
29.49 472.379  -410.436
29.5 472.55  -410.585
29.51 472.721  -410.733
29.52 472.891  -410.881
29.53 473.062  -411.029
29.54 473.233  -411.178
29.55 473.404  -411.326
29.56 473.574  -411.474
29.57 473.745  -411.622
29.58 473.916  -411.77
29.59 474.086  -411.919
29.6 474.257  -412.067
29.61 474.428  -412.215
29.62 474.599  -412.363
29.63 474.769  -412.512
29.64 474.94  -412.66
29.65 475.111  -412.808
29.66 475.282  -412.956
29.67 475.452  -413.105
29.68 475.623  -413.253
29.69 475.794  -413.401
29.7 475.965  -413.549
29.71 476.135  -413.697
29.72 476.306  -413.846
29.73 476.477  -413.994
29.74 476.647  -414.142
29.75 476.818  -414.29
29.76 476.989  -414.439
29.77 477.16  -414.587
29.78 477.33  -414.735
29.79 477.501  -414.883
29.8 477.672  -415.031
29.81 477.843  -415.18
29.82 478.013  -415.328
29.83 478.184  -415.476
29.84 478.355  -415.624
29.85 478.525  -415.773
29.86 478.696  -415.921
29.87 478.867  -416.069
29.88 479.038  -416.217
29.89 479.208  -416.366
29.9 479.379  -416.514
29.91 479.55  -416.662
29.92 479.721  -416.81
29.93 479.891  -416.958
29.94 480.062  -417.107
29.95 480.233  -417.255
29.96 480.404  -417.403
29.97 480.574  -417.551
29.98 480.745  -417.7
29.99 480.916  -417.848
30 481.086  -417.996
30.01 481.257  -418.144
30.02 481.428  -418.292
30.03 481.599  -418.441
30.04 481.769  -418.589
30.05 481.94  -418.737
30.06 482.111  -418.885
30.07 482.282  -419.034
30.08 482.452  -419.182
30.09 482.623  -419.33
30.1 482.794  -419.478
30.11 482.965  -419.627
30.12 483.135  -419.775
30.13 483.306  -419.923
30.14 483.477  -420.071
30.15 483.647  -420.219
30.16 483.818  -420.368
30.17 483.989  -420.516
30.18 484.16  -420.664
30.19 484.33  -420.812
30.2 484.501  -420.961
30.21 484.672  -421.109
30.22 484.843  -421.257
30.23 485.013  -421.405
30.24 485.184  -421.554
30.25 485.355  -421.702
30.26 485.526  -421.85
30.27 485.696  -421.998
30.28 485.867  -422.146
30.29 486.038  -422.295
30.3 486.208  -422.443
30.31 486.379  -422.591
30.32 486.55  -422.739
30.33 486.721  -422.888
30.34 486.891  -423.036
30.35 487.062  -423.184
30.36 487.233  -423.332
30.37 487.404  -423.48
30.38 487.574  -423.629
30.39 487.745  -423.777
30.4 487.916  -423.925
30.41 488.087  -424.073
30.42 488.257  -424.222
30.43 488.428  -424.37
30.44 488.599  -424.518
30.45 488.769  -424.666
30.46 488.94  -424.815
30.47 489.111  -424.963
30.48 489.282  -425.111
30.49 489.452  -425.259
30.5 489.623  -425.407
30.51 489.794  -425.556
30.52 489.965  -425.704
30.53 490.135  -425.852
30.54 490.306  -426
30.55 490.477  -426.149
30.56 490.647  -426.297
30.57 490.818  -426.445
30.58 490.989  -426.593
30.59 491.16  -426.741
30.6 491.33  -426.89
30.61 491.501  -427.038
30.62 491.672  -427.186
30.63 491.843  -427.334
30.64 492.013  -427.483
30.65 492.184  -427.631
30.66 492.355  -427.779
30.67 492.526  -427.927
30.68 492.696  -428.076
30.69 492.867  -428.224
30.7 493.038  -428.372
30.71 493.208  -428.52
30.72 493.379  -428.668
30.73 493.55  -428.817
30.74 493.721  -428.965
30.75 493.891  -429.113
30.76 494.062  -429.261
30.77 494.233  -429.41
30.78 494.404  -429.558
30.79 494.574  -429.706
30.8 494.745  -429.854
30.81 494.916  -430.002
30.82 495.087  -430.151
30.83 495.257  -430.299
30.84 495.428  -430.447
30.85 495.599  -430.595
30.86 495.769  -430.744
30.87 495.94  -430.892
30.88 496.111  -431.04
30.89 496.282  -431.188
30.9 496.452  -431.337
30.91 496.623  -431.485
30.92 496.794  -431.633
30.93 496.965  -431.781
30.94 497.135  -431.929
30.95 497.306  -432.078
30.96 497.477  -432.226
30.97 497.648  -432.374
30.98 497.818  -432.522
30.99 497.989  -432.671
31 498.16  -432.819
31.01 498.33  -432.967
31.02 498.501  -433.115
31.03 498.672  -433.263
31.04 498.843  -433.412
31.05 499.013  -433.56
31.06 499.184  -433.708
31.07 499.355  -433.856
31.08 499.526  -434.005
31.09 499.696  -434.153
31.1 499.867  -434.301
31.11 500.038  -434.449
31.12 500.208  -434.598
31.13 500.379  -434.746
31.14 500.55  -434.894
31.15 500.721  -435.042
31.16 500.891  -435.19
31.17 501.062  -435.339
31.18 501.233  -435.487
31.19 501.404  -435.635
31.2 501.574  -435.783
31.21 501.745  -435.932
31.22 501.916  -436.08
31.23 502.087  -436.228
31.24 502.257  -436.376
31.25 502.428  -436.524
31.26 502.599  -436.673
31.27 502.769  -436.821
31.28 502.94  -436.969
31.29 503.111  -437.117
31.3 503.282  -437.266
31.31 503.452  -437.414
31.32 503.623  -437.562
31.33 503.794  -437.71
31.34 503.965  -437.859
31.35 504.135  -438.007
31.36 504.306  -438.155
31.37 504.477  -438.303
31.38 504.648  -438.451
31.39 504.818  -438.6
31.4 504.989  -438.748
31.41 505.16  -438.896
31.42 505.33  -439.044
31.43 505.501  -439.193
31.44 505.672  -439.341
31.45 505.843  -439.489
31.46 506.013  -439.637
31.47 506.184  -439.785
31.48 506.355  -439.934
31.49 506.526  -440.082
31.5 506.696  -440.23
31.51 506.867  -440.378
31.52 507.038  -440.527
31.53 507.209  -440.675
31.54 507.379  -440.823
31.55 507.55  -440.971
31.56 507.721  -441.12
31.57 507.891  -441.268
31.58 508.062  -441.416
31.59 508.233  -441.564
31.6 508.404  -441.712
31.61 508.574  -441.861
31.62 508.745  -442.009
31.63 508.916  -442.157
31.64 509.087  -442.305
31.65 509.257  -442.454
31.66 509.428  -442.602
31.67 509.599  -442.75
31.68 509.769  -442.898
31.69 509.94  -443.046
31.7 510.111  -443.195
31.71 510.282  -443.343
31.72 510.452  -443.491
31.73 510.623  -443.639
31.74 510.794  -443.788
31.75 510.965  -443.936
31.76 511.135  -444.084
31.77 511.306  -444.232
31.78 511.477  -444.381
31.79 511.648  -444.529
31.8 511.818  -444.677
31.81 511.989  -444.825
31.82 512.16  -444.973
31.83 512.33  -445.122
31.84 512.501  -445.27
31.85 512.672  -445.418
31.86 512.843  -445.566
31.87 513.013  -445.715
31.88 513.184  -445.863
31.89 513.355  -446.011
31.9 513.526  -446.159
31.91 513.696  -446.307
31.92 513.867  -446.456
31.93 514.038  -446.604
31.94 514.209  -446.752
31.95 514.379  -446.9
31.96 514.55  -447.049
31.97 514.721  -447.197
31.98 514.891  -447.345
31.99 515.062  -447.493
32 515.233  -447.642
32.01 515.404  -447.79
32.02 515.574  -447.938
32.03 515.745  -448.086
32.04 515.916  -448.234
32.05 516.087  -448.383
32.06 516.257  -448.531
32.07 516.428  -448.679
32.08 516.599  -448.827
32.09 516.769  -448.976
32.1 516.94  -449.124
32.11 517.111  -449.272
32.12 517.282  -449.42
32.13 517.452  -449.568
32.14 517.623  -449.717
32.15 517.794  -449.865
32.16 517.965  -450.013
32.17 518.135  -450.161
32.18 518.306  -450.31
32.19 518.477  -450.458
32.2 518.648  -450.606
32.21 518.818  -450.754
32.22 518.989  -450.903
32.23 519.16  -451.051
32.24 519.33  -451.199
32.25 519.501  -451.347
32.26 519.672  -451.495
32.27 519.843  -451.644
32.28 520.013  -451.792
32.29 520.184  -451.94
32.3 520.355  -452.088
32.31 520.526  -452.237
32.32 520.696  -452.385
32.33 520.867  -452.533
32.34 521.038  -452.681
32.35 521.209  -452.829
32.36 521.379  -452.978
32.37 521.55  -453.126
32.38 521.721  -453.274
32.39 521.891  -453.422
32.4 522.062  -453.571
32.41 522.233  -453.719
32.42 522.404  -453.867
32.43 522.574  -454.015
32.44 522.745  -454.164
32.45 522.916  -454.312
32.46 523.087  -454.46
32.47 523.257  -454.608
32.48 523.428  -454.756
32.49 523.599  -454.905
32.5 523.77  -455.053
32.51 523.94  -455.201
32.52 524.111  -455.349
32.53 524.282  -455.498
32.54 524.452  -455.646
32.55 524.623  -455.794
32.56 524.794  -455.942
32.57 524.965  -456.09
32.58 525.135  -456.239
32.59 525.306  -456.387
32.6 525.477  -456.535
32.61 525.648  -456.683
32.62 525.818  -456.832
32.63 525.989  -456.98
32.64 526.16  -457.128
32.65 526.33  -457.276
32.66 526.501  -457.425
32.67 526.672  -457.573
32.68 526.843  -457.721
32.69 527.013  -457.869
32.7 527.184  -458.017
32.71 527.355  -458.166
32.72 527.526  -458.314
32.73 527.696  -458.462
32.74 527.867  -458.61
32.75 528.038  -458.759
32.76 528.209  -458.907
32.77 528.379  -459.055
32.78 528.55  -459.203
32.79 528.721  -459.351
32.8 528.891  -459.5
32.81 529.062  -459.648
32.82 529.233  -459.796
32.83 529.404  -459.944
32.84 529.574  -460.093
32.85 529.745  -460.241
32.86 529.916  -460.389
32.87 530.087  -460.537
32.88 530.257  -460.686
32.89 530.428  -460.834
32.9 530.599  -460.982
32.91 530.77  -461.13
32.92 530.94  -461.278
32.93 531.111  -461.427
32.94 531.282  -461.575
32.95 531.452  -461.723
32.96 531.623  -461.871
32.97 531.794  -462.02
32.98 531.965  -462.168
32.99 532.135  -462.316
33 532.306  -462.464
33.01 532.477  -462.612
33.02 532.648  -462.761
33.03 532.818  -462.909
33.04 532.989  -463.057
33.05 533.16  -463.205
33.06 533.331  -463.354
33.07 533.501  -463.502
33.08 533.672  -463.65
33.09 533.843  -463.798
33.1 534.013  -463.947
33.11 534.184  -464.095
33.12 534.355  -464.243
33.13 534.526  -464.391
33.14 534.696  -464.539
33.15 534.867  -464.688
33.16 535.038  -464.836
33.17 535.209  -464.984
33.18 535.379  -465.132
33.19 535.55  -465.281
33.2 535.721  -465.429
33.21 535.891  -465.577
33.22 536.062  -465.725
33.23 536.233  -465.873
33.24 536.404  -466.022
33.25 536.574  -466.17
33.26 536.745  -466.318
33.27 536.916  -466.466
33.28 537.087  -466.615
33.29 537.257  -466.763
33.3 537.428  -466.911
33.31 537.599  -467.059
33.32 537.77  -467.208
33.33 537.94  -467.356
33.34 538.111  -467.504
33.35 538.282  -467.652
33.36 538.452  -467.8
33.37 538.623  -467.949
33.38 538.794  -468.097
33.39 538.965  -468.245
33.4 539.135  -468.393
33.41 539.306  -468.542
33.42 539.477  -468.69
33.43 539.648  -468.838
33.44 539.818  -468.986
33.45 539.989  -469.134
33.46 540.16  -469.283
33.47 540.331  -469.431
33.48 540.501  -469.579
33.49 540.672  -469.727
33.5 540.843  -469.876
33.51 541.013  -470.024
33.52 541.184  -470.172
33.53 541.355  -470.32
33.54 541.526  -470.469
33.55 541.696  -470.617
33.56 541.867  -470.765
33.57 542.038  -470.913
33.58 542.209  -471.061
33.59 542.379  -471.21
33.6 542.55  -471.358
33.61 542.721  -471.506
33.62 542.891  -471.654
33.63 543.062  -471.803
33.64 543.233  -471.951
33.65 543.404  -472.099
33.66 543.574  -472.247
33.67 543.745  -472.395
33.68 543.916  -472.544
33.69 544.087  -472.692
33.7 544.257  -472.84
33.71 544.428  -472.988
33.72 544.599  -473.137
33.73 544.77  -473.285
33.74 544.94  -473.433
33.75 545.111  -473.581
33.76 545.282  -473.73
33.77 545.452  -473.878
33.78 545.623  -474.026
33.79 545.794  -474.174
33.8 545.965  -474.322
33.81 546.135  -474.471
33.82 546.306  -474.619
33.83 546.477  -474.767
33.84 546.648  -474.915
33.85 546.818  -475.064
33.86 546.989  -475.212
33.87 547.16  -475.36
33.88 547.331  -475.508
33.89 547.501  -475.656
33.9 547.672  -475.805
33.91 547.843  -475.953
33.92 548.013  -476.101
33.93 548.184  -476.249
33.94 548.355  -476.398
33.95 548.526  -476.546
33.96 548.696  -476.694
33.97 548.867  -476.842
33.98 549.038  -476.991
33.99 549.209  -477.139
34 549.379  -477.287
34.01 549.55  -477.435
34.02 549.721  -477.583
34.03 549.892  -477.732
34.04 550.062  -477.88
34.05 550.233  -478.028
34.06 550.404  -478.176
34.07 550.574  -478.325
34.08 550.745  -478.473
34.09 550.916  -478.621
34.1 551.087  -478.769
34.11 551.257  -478.917
34.12 551.428  -479.066
34.13 551.599  -479.214
34.14 551.77  -479.362
34.15 551.94  -479.51
34.16 552.111  -479.659
34.17 552.282  -479.807
34.18 552.452  -479.955
34.19 552.623  -480.103
34.2 552.794  -480.252
34.21 552.965  -480.4
34.22 553.135  -480.548
34.23 553.306  -480.696
34.24 553.477  -480.844
34.25 553.648  -480.993
34.26 553.818  -481.141
34.27 553.989  -481.289
34.28 554.16  -481.437
34.29 554.331  -481.586
34.3 554.501  -481.734
34.31 554.672  -481.882
34.32 554.843  -482.03
34.33 555.013  -482.178
34.34 555.184  -482.327
34.35 555.355  -482.475
34.36 555.526  -482.623
34.37 555.696  -482.771
34.38 555.867  -482.92
34.39 556.038  -483.068
34.4 556.209  -483.216
34.41 556.379  -483.364
34.42 556.55  -483.513
34.43 556.721  -483.661
34.44 556.892  -483.809
34.45 557.062  -483.957
34.46 557.233  -484.105
34.47 557.404  -484.254
34.48 557.574  -484.402
34.49 557.745  -484.55
34.5 557.916  -484.698
34.51 558.087  -484.847
34.52 558.257  -484.995
34.53 558.428  -485.143
34.54 558.599  -485.291
34.55 558.77  -485.439
34.56 558.94  -485.588
34.57 559.111  -485.736
34.58 559.282  -485.884
34.59 559.452  -486.032
34.6 559.623  -486.181
34.61 559.794  -486.329
34.62 559.965  -486.477
34.63 560.135  -486.625
34.64 560.306  -486.774
34.65 560.477  -486.922
34.66 560.648  -487.07
34.67 560.818  -487.218
34.68 560.989  -487.366
34.69 561.16  -487.515
34.7 561.331  -487.663
34.71 561.501  -487.811
34.72 561.672  -487.959
34.73 561.843  -488.108
34.74 562.013  -488.256
34.75 562.184  -488.404
34.76 562.355  -488.552
34.77 562.526  -488.7
34.78 562.696  -488.849
34.79 562.867  -488.997
34.8 563.038  -489.145
34.81 563.209  -489.293
34.82 563.379  -489.442
34.83 563.55  -489.59
34.84 563.721  -489.738
34.85 563.892  -489.886
34.86 564.062  -490.035
34.87 564.233  -490.183
34.88 564.404  -490.331
34.89 564.574  -490.479
34.9 564.745  -490.627
34.91 564.916  -490.776
34.92 565.087  -490.924
34.93 565.257  -491.072
34.94 565.428  -491.22
34.95 565.599  -491.369
34.96 565.77  -491.517
34.97 565.94  -491.665
34.98 566.111  -491.813
34.99 566.282  -491.961
35 566.453  -492.11
35.01 566.623  -492.258
35.02 566.794  -492.406
35.03 566.965  -492.554
35.04 567.135  -492.703
35.05 567.306  -492.851
35.06 567.477  -492.999
35.07 567.648  -493.147
35.08 567.818  -493.295
35.09 567.989  -493.444
35.1 568.16  -493.592
35.11 568.331  -493.74
35.12 568.501  -493.888
35.13 568.672  -494.037
35.14 568.843  -494.185
35.15 569.013  -494.333
35.16 569.184  -494.481
35.17 569.355  -494.63
35.18 569.526  -494.778
35.19 569.696  -494.926
35.2 569.867  -495.074
35.21 570.038  -495.222
35.22 570.209  -495.371
35.23 570.379  -495.519
35.24 570.55  -495.667
35.25 570.721  -495.815
35.26 570.892  -495.964
35.27 571.062  -496.112
35.28 571.233  -496.26
35.29 571.404  -496.408
35.3 571.574  -496.556
35.31 571.745  -496.705
35.32 571.916  -496.853
35.33 572.087  -497.001
35.34 572.257  -497.149
35.35 572.428  -497.298
35.36 572.599  -497.446
35.37 572.77  -497.594
35.38 572.94  -497.742
35.39 573.111  -497.891
35.4 573.282  -498.039
35.41 573.453  -498.187
35.42 573.623  -498.335
35.43 573.794  -498.483
35.44 573.965  -498.632
35.45 574.135  -498.78
35.46 574.306  -498.928
35.47 574.477  -499.076
35.48 574.648  -499.225
35.49 574.818  -499.373
35.5 574.989  -499.521
35.51 575.16  -499.669
35.52 575.331  -499.817
35.53 575.501  -499.966
35.54 575.672  -500.114
35.55 575.843  -500.262
35.56 576.013  -500.41
35.57 576.184  -500.559
35.58 576.355  -500.707
35.59 576.526  -500.855
35.6 576.696  -501.003
35.61 576.867  -501.152
35.62 577.038  -501.3
35.63 577.209  -501.448
35.64 577.379  -501.596
35.65 577.55  -501.744
35.66 577.721  -501.893
35.67 577.892  -502.041
35.68 578.062  -502.189
35.69 578.233  -502.337
35.7 578.404  -502.486
35.71 578.574  -502.634
35.72 578.745  -502.782
35.73 578.916  -502.93
35.74 579.087  -503.078
35.75 579.257  -503.227
35.76 579.428  -503.375
35.77 579.599  -503.523
35.78 579.77  -503.671
35.79 579.94  -503.82
35.8 580.111  -503.968
35.81 580.282  -504.116
35.82 580.453  -504.264
35.83 580.623  -504.413
35.84 580.794  -504.561
35.85 580.965  -504.709
35.86 581.135  -504.857
35.87 581.306  -505.005
35.88 581.477  -505.154
35.89 581.648  -505.302
35.9 581.818  -505.45
35.91 581.989  -505.598
35.92 582.16  -505.747
35.93 582.331  -505.895
35.94 582.501  -506.043
35.95 582.672  -506.191
35.96 582.843  -506.339
35.97 583.013  -506.488
35.98 583.184  -506.636
35.99 583.355  -506.784
36 583.526  -506.932
36.01 583.696  -507.081
36.02 583.867  -507.229
36.03 584.038  -507.377
36.04 584.209  -507.525
36.05 584.379  -507.674
36.06 584.55  -507.822
36.07 584.721  -507.97
36.08 584.892  -508.118
36.09 585.062  -508.266
36.1 585.233  -508.415
36.11 585.404  -508.563
36.12 585.574  -508.711
36.13 585.745  -508.859
36.14 585.916  -509.008
36.15 586.087  -509.156
36.16 586.257  -509.304
36.17 586.428  -509.452
36.18 586.599  -509.6
36.19 586.77  -509.749
36.2 586.94  -509.897
36.21 587.111  -510.045
36.22 587.282  -510.193
36.23 587.453  -510.342
36.24 587.623  -510.49
36.25 587.794  -510.638
36.26 587.965  -510.786
36.27 588.135  -510.935
36.28 588.306  -511.083
36.29 588.477  -511.231
36.3 588.648  -511.379
36.31 588.818  -511.527
36.32 588.989  -511.676
36.33 589.16  -511.824
36.34 589.331  -511.972
36.35 589.501  -512.12
36.36 589.672  -512.269
36.37 589.843  -512.417
36.38 590.013  -512.565
36.39 590.184  -512.713
36.4 590.355  -512.861
36.41 590.526  -513.01
36.42 590.696  -513.158
36.43 590.867  -513.306
36.44 591.038  -513.454
36.45 591.209  -513.603
36.46 591.379  -513.751
36.47 591.55  -513.899
36.48 591.721  -514.047
36.49 591.892  -514.196
36.5 592.062  -514.344
36.51 592.233  -514.492
36.52 592.404  -514.64
36.53 592.574  -514.788
36.54 592.745  -514.937
36.55 592.916  -515.085
36.56 593.087  -515.233
36.57 593.257  -515.381
36.58 593.428  -515.53
36.59 593.599  -515.678
36.6 593.77  -515.826
36.61 593.94  -515.974
36.62 594.111  -516.122
36.63 594.282  -516.271
36.64 594.453  -516.419
36.65 594.623  -516.567
36.66 594.794  -516.715
36.67 594.965  -516.864
36.68 595.135  -517.012
36.69 595.306  -517.16
36.7 595.477  -517.308
36.71 595.648  -517.457
36.72 595.818  -517.605
36.73 595.989  -517.753
36.74 596.16  -517.901
36.75 596.331  -518.049
36.76 596.501  -518.198
36.77 596.672  -518.346
36.78 596.843  -518.494
36.79 597.014  -518.642
36.8 597.184  -518.791
36.81 597.355  -518.939
36.82 597.526  -519.087
36.83 597.696  -519.235
36.84 597.867  -519.383
36.85 598.038  -519.532
36.86 598.209  -519.68
36.87 598.379  -519.828
36.88 598.55  -519.976
36.89 598.721  -520.125
36.9 598.892  -520.273
36.91 599.062  -520.421
36.92 599.233  -520.569
36.93 599.404  -520.718
36.94 599.574  -520.866
36.95 599.745  -521.014
36.96 599.916  -521.162
36.97 600.087  -521.31
36.98 600.257  -521.459
36.99 600.428  -521.607
37 600.599  -521.755
37.01 600.77  -521.903
37.02 600.94  -522.052
37.03 601.111  -522.2
37.04 601.282  -522.348
37.05 601.453  -522.496
37.06 601.623  -522.644
37.07 601.794  -522.793
37.08 601.965  -522.941
37.09 602.135  -523.089
37.1 602.306  -523.237
37.11 602.477  -523.386
37.12 602.648  -523.534
37.13 602.818  -523.682
37.14 602.989  -523.83
37.15 603.16  -523.979
37.16 603.331  -524.127
37.17 603.501  -524.275
37.18 603.672  -524.423
37.19 603.843  -524.571
37.2 604.014  -524.72
37.21 604.184  -524.868
37.22 604.355  -525.016
37.23 604.526  -525.164
37.24 604.696  -525.313
37.25 604.867  -525.461
37.26 605.038  -525.609
37.27 605.209  -525.757
37.28 605.379  -525.905
37.29 605.55  -526.054
37.3 605.721  -526.202
37.31 605.892  -526.35
37.32 606.062  -526.498
37.33 606.233  -526.647
37.34 606.404  -526.795
37.35 606.574  -526.943
37.36 606.745  -527.091
37.37 606.916  -527.24
37.38 607.087  -527.388
37.39 607.257  -527.536
37.4 607.428  -527.684
37.41 607.599  -527.832
37.42 607.77  -527.981
37.43 607.94  -528.129
37.44 608.111  -528.277
37.45 608.282  -528.425
37.46 608.453  -528.574
37.47 608.623  -528.722
37.48 608.794  -528.87
37.49 608.965  -529.018
37.5 609.135  -529.166
37.51 609.306  -529.315
37.52 609.477  -529.463
37.53 609.648  -529.611
37.54 609.818  -529.759
37.55 609.989  -529.908
37.56 610.16  -530.056
37.57 610.331  -530.204
37.58 610.501  -530.352
37.59 610.672  -530.5
37.6 610.843  -530.649
37.61 611.014  -530.797
37.62 611.184  -530.945
37.63 611.355  -531.093
37.64 611.526  -531.242
37.65 611.696  -531.39
37.66 611.867  -531.538
37.67 612.038  -531.686
37.68 612.209  -531.835
37.69 612.379  -531.983
37.7 612.55  -532.131
37.71 612.721  -532.279
37.72 612.892  -532.427
37.73 613.062  -532.576
37.74 613.233  -532.724
37.75 613.404  -532.872
37.76 613.574  -533.02
37.77 613.745  -533.169
37.78 613.916  -533.317
37.79 614.087  -533.465
37.8 614.257  -533.613
37.81 614.428  -533.761
37.82 614.599  -533.91
37.83 614.77  -534.058
37.84 614.94  -534.206
37.85 615.111  -534.354
37.86 615.282  -534.503
37.87 615.453  -534.651
37.88 615.623  -534.799
37.89 615.794  -534.947
37.9 615.965  -535.096
37.91 616.135  -535.244
37.92 616.306  -535.392
37.93 616.477  -535.54
37.94 616.648  -535.688
37.95 616.818  -535.837
37.96 616.989  -535.985
37.97 617.16  -536.133
37.98 617.331  -536.281
37.99 617.501  -536.43
38 617.672  -536.578
38.01 617.843  -536.726
38.02 618.014  -536.874
38.03 618.184  -537.022
38.04 618.355  -537.171
38.05 618.526  -537.319
38.06 618.696  -537.467
38.07 618.867  -537.615
38.08 619.038  -537.764
38.09 619.209  -537.912
38.1 619.379  -538.06
38.11 619.55  -538.208
38.12 619.721  -538.357
38.13 619.892  -538.505
38.14 620.062  -538.653
38.15 620.233  -538.801
38.16 620.404  -538.949
38.17 620.574  -539.098
38.18 620.745  -539.246
38.19 620.916  -539.394
38.2 621.087  -539.542
38.21 621.257  -539.691
38.22 621.428  -539.839
38.23 621.599  -539.987
38.24 621.77  -540.135
38.25 621.94  -540.283
38.26 622.111  -540.432
38.27 622.282  -540.58
38.28 622.453  -540.728
38.29 622.623  -540.876
38.3 622.794  -541.025
38.31 622.965  -541.173
38.32 623.135  -541.321
38.33 623.306  -541.469
38.34 623.477  -541.618
38.35 623.648  -541.766
38.36 623.818  -541.914
38.37 623.989  -542.062
38.38 624.16  -542.21
38.39 624.331  -542.359
38.4 624.501  -542.507
38.41 624.672  -542.655
38.42 624.843  -542.803
38.43 625.014  -542.952
38.44 625.184  -543.1
38.45 625.355  -543.248
38.46 625.526  -543.396
38.47 625.696  -543.544
38.48 625.867  -543.693
38.49 626.038  -543.841
38.5 626.209  -543.989
38.51 626.379  -544.137
38.52 626.55  -544.286
38.53 626.721  -544.434
38.54 626.892  -544.582
38.55 627.062  -544.73
38.56 627.233  -544.879
38.57 627.404  -545.027
38.58 627.574  -545.175
38.59 627.745  -545.323
38.6 627.916  -545.471
38.61 628.087  -545.62
38.62 628.257  -545.768
38.63 628.428  -545.916
38.64 628.599  -546.064
38.65 628.77  -546.213
38.66 628.94  -546.361
38.67 629.111  -546.509
38.68 629.282  -546.657
38.69 629.453  -546.805
38.7 629.623  -546.954
38.71 629.794  -547.102
38.72 629.965  -547.25
38.73 630.135  -547.398
38.74 630.306  -547.547
38.75 630.477  -547.695
38.76 630.648  -547.843
38.77 630.818  -547.991
38.78 630.989  -548.14
38.79 631.16  -548.288
38.8 631.331  -548.436
38.81 631.501  -548.584
38.82 631.672  -548.732
38.83 631.843  -548.881
38.84 632.014  -549.029
38.85 632.184  -549.177
38.86 632.355  -549.325
38.87 632.526  -549.474
38.88 632.696  -549.622
38.89 632.867  -549.77
38.9 633.038  -549.918
38.91 633.209  -550.066
38.92 633.379  -550.215
38.93 633.55  -550.363
38.94 633.721  -550.511
38.95 633.892  -550.659
38.96 634.062  -550.808
38.97 634.233  -550.956
38.98 634.404  -551.104
38.99 634.574  -551.252
39 634.745  -551.401
39.01 634.916  -551.549
39.02 635.087  -551.697
39.03 635.257  -551.845
39.04 635.428  -551.993
39.05 635.599  -552.142
39.06 635.77  -552.29
39.07 635.94  -552.438
39.08 636.111  -552.586
39.09 636.282  -552.735
39.1 636.453  -552.883
39.11 636.623  -553.031
39.12 636.794  -553.179
39.13 636.965  -553.327
39.14 637.135  -553.476
39.15 637.306  -553.624
39.16 637.477  -553.772
39.17 637.648  -553.92
39.18 637.818  -554.069
39.19 637.989  -554.217
39.2 638.16  -554.365
39.21 638.331  -554.513
39.22 638.501  -554.661
39.23 638.672  -554.81
39.24 638.843  -554.958
39.25 639.014  -555.106
39.26 639.184  -555.254
39.27 639.355  -555.403
39.28 639.526  -555.551
39.29 639.696  -555.699
39.3 639.867  -555.847
39.31 640.038  -555.996
39.32 640.209  -556.144
39.33 640.379  -556.292
39.34 640.55  -556.44
39.35 640.721  -556.588
39.36 640.892  -556.737
39.37 641.062  -556.885
39.38 641.233  -557.033
39.39 641.404  -557.181
39.4 641.574  -557.33
39.41 641.745  -557.478
39.42 641.916  -557.626
39.43 642.087  -557.774
39.44 642.257  -557.922
39.45 642.428  -558.071
39.46 642.599  -558.219
39.47 642.77  -558.367
39.48 642.94  -558.515
39.49 643.111  -558.664
39.5 643.282  -558.812
39.51 643.453  -558.96
39.52 643.623  -559.108
39.53 643.794  -559.257
39.54 643.965  -559.405
39.55 644.135  -559.553
39.56 644.306  -559.701
39.57 644.477  -559.849
39.58 644.648  -559.998
39.59 644.818  -560.146
39.6 644.989  -560.294
39.61 645.16  -560.442
39.62 645.331  -560.591
39.63 645.501  -560.739
39.64 645.672  -560.887
39.65 645.843  -561.035
39.66 646.014  -561.183
39.67 646.184  -561.332
39.68 646.355  -561.48
39.69 646.526  -561.628
39.7 646.696  -561.776
39.71 646.867  -561.925
39.72 647.038  -562.073
39.73 647.209  -562.221
39.74 647.379  -562.369
39.75 647.55  -562.518
39.76 647.721  -562.666
39.77 647.892  -562.814
39.78 648.062  -562.962
39.79 648.233  -563.11
39.8 648.404  -563.259
39.81 648.574  -563.407
39.82 648.745  -563.555
39.83 648.916  -563.703
39.84 649.087  -563.852
39.85 649.257  -564
39.86 649.428  -564.148
39.87 649.599  -564.296
39.88 649.77  -564.444
39.89 649.94  -564.593
39.9 650.111  -564.741
39.91 650.282  -564.889
39.92 650.453  -565.037
39.93 650.623  -565.186
39.94 650.794  -565.334
39.95 650.965  -565.482
39.96 651.135  -565.63
39.97 651.306  -565.779
39.98 651.477  -565.927
39.99 651.648  -566.075
