0 -0.99952  1.99686
0.1 -0.998076  1.98742
0.2 -0.995662  1.97162
0.3 -0.992262  1.94934
0.4 -0.987856  1.92043
0.5 -0.982416  1.88468
0.6 -0.975908  1.8418
0.7 -0.968285  1.79143
0.8 -0.959488  1.7331
0.9 -0.949442  1.66623
1 -0.938052  1.59004
1.1 -0.925188  1.5035
1.2 -0.910676  1.40524
1.3 -0.894267  1.29327
1.4 -0.875577  1.16464
1.5 -0.853953  1.01451
1.6 -0.828041  0.833622
1.7 -0.793775  0.598466
1.8 -0.699715  0.135904
1.9 -0.628694  -0.0144865
2 -0.632529  0.156357
2.1 -0.563024  0.961012
2.2 -0.477507  1.62512
2.3 -0.390103  2.27819
2.4 -0.301436  2.92533
2.5 -0.211994  3.56846
2.6 -0.122106  4.20866
2.7 -0.0319766  4.84663
2.8 0.0582698  5.48284
2.9 0.14856  6.11765
3 0.23885  6.75132
3.1 0.329116  7.38404
3.2 0.419344  8.01596
3.3 0.509526  8.64721
3.4 0.599659  9.27788
3.5 0.689742  9.90804
3.6 0.779775  10.5378
3.7 0.869761  11.1671
3.8 0.9597  11.7961
3.9 1.0496  12.4247
4 1.13945  13.0531
4.1 1.22926  13.6813
4.2 1.31904  14.3092
4.3 1.40878  14.9369
4.4 1.49849  15.5644
4.5 1.58816  16.1918
4.6 1.67781  16.8189
4.7 1.76742  17.446
4.8 1.85702  18.0729
4.9 1.94658  18.6996
5 2.03612  19.3263
5.1 2.12564  19.9528
5.2 2.21513  20.5792
5.3 2.30461  21.2056
5.4 2.39406  21.8318
5.5 2.4835  22.4579
5.6 2.57292  23.084
5.7 2.66232  23.71
5.8 2.75171  24.3359
5.9 2.84108  24.9617
6 2.93043  25.5875
6.1 3.01977  26.2132
6.2 3.1091  26.8389
6.3 3.19841  27.4645
6.4 3.28771  28.09
6.5 3.377  28.7155
6.6 3.46627  29.341
6.7 3.55554  29.9664
6.8 3.64479  30.5917
6.9 3.73404  31.217
7 3.82327  31.8423
7.1 3.9125  32.4675
7.2 4.00171  33.0927
7.3 4.09092  33.7178
7.4 4.18011  34.3429
7.5 4.2693  34.968
7.6 4.35848  35.593
7.7 4.44765  36.2181
7.8 4.53682  36.843
7.9 4.62597  37.468
8 4.71512  38.0929
8.1 4.80427  38.7178
8.2 4.8934  39.3427
8.3 4.98253  39.9675
8.4 5.07165  40.5923
8.5 5.16077  41.2171
8.6 5.24988  41.8419
8.7 5.33899  42.4666
8.8 5.42808  43.0913
8.9 5.51718  43.716
9 5.60627  44.3407
9.1 5.69535  44.9654
9.2 5.78443  45.59
9.3 5.8735  46.2146
9.4 5.96257  46.8392
9.5 6.05163  47.4638
9.6 6.14069  48.0884
9.7 6.22974  48.7129
9.8 6.31879  49.3374
9.9 6.40783  49.9619
10 6.49687  50.5864
10.1 6.58591  51.2109
10.2 6.67494  51.8354
10.3 6.76397  52.4598
10.4 6.853  53.0843
10.5 6.94202  53.7087
10.6 7.03104  54.3331
10.7 7.12005  54.9575
10.8 7.20906  55.5818
10.9 7.29807  56.2062
11 7.38707  56.8306
11.1 7.47607  57.4549
11.2 7.56507  58.0792
11.3 7.65406  58.7036
11.4 7.74305  59.3279
11.5 7.83204  59.9522
11.6 7.92102  60.5764
11.7 8.01  61.2007
11.8 8.09898  61.825
11.9 8.18796  62.4492
12 8.27693  63.0735
12.1 8.3659  63.6977
12.2 8.45487  64.3219
12.3 8.54384  64.9461
12.4 8.6328  65.5703
12.5 8.72176  66.1945
12.6 8.81072  66.8187
12.7 8.89967  67.4429
12.8 8.98862  68.067
12.9 9.07757  68.6912
13 9.16652  69.3153
13.1 9.25547  69.9395
13.2 9.34441  70.5636
13.3 9.43335  71.1877
13.4 9.52229  71.8119
13.5 9.61123  72.436
13.6 9.70017  73.0601
13.7 9.7891  73.6842
13.8 9.87803  74.3083
13.9 9.96696  74.9323
14 10.0559  75.5564
14.1 10.1448  76.1805
14.2 10.2337  76.8045
14.3 10.3227  77.4286
14.4 10.4116  78.0526
14.5 10.5005  78.6767
14.6 10.5894  79.3007
14.7 10.6783  79.9247
14.8 10.7672  80.5487
14.9 10.8562  81.1727
15 10.9451  81.7968
15.1 11.034  82.4208
15.2 11.1229  83.0448
15.3 11.2118  83.6687
15.4 11.3007  84.2927
15.5 11.3896  84.9167
15.6 11.4785  85.5407
15.7 11.5674  86.1646
15.8 11.6563  86.7886
15.9 11.7452  87.4126
16 11.8341  88.0365
16.1 11.923  88.6605
16.2 12.0119  89.2844
16.3 12.1007  89.9083
16.4 12.1896  90.5323
16.5 12.2785  91.1562
16.6 12.3674  91.7801
16.7 12.4563  92.404
16.8 12.5452  93.0279
16.9 12.6341  93.6519
17 12.7229  94.2758
17.1 12.8118  94.8997
17.2 12.9007  95.5236
17.3 12.9896  96.1474
17.4 13.0785  96.7713
17.5 13.1673  97.3952
17.6 13.2562  98.0191
17.7 13.3451  98.643
17.8 13.4339  99.2668
17.9 13.5228  99.8907
18 13.6117  100.515
18.1 13.7006  101.138
18.2 13.7894  101.762
18.3 13.8783  102.386
18.4 13.9672  103.01
18.5 14.056  103.634
18.6 14.1449  104.258
18.7 14.2337  104.881
18.8 14.3226  105.505
18.9 14.4115  106.129
19 14.5003  106.753
19.1 14.5892  107.377
19.2 14.678  108.001
19.3 14.7669  108.624
19.4 14.8557  109.248
19.5 14.9446  109.872
19.6 15.0335  110.496
19.7 15.1223  111.12
19.8 15.2112  111.743
19.9 15.3  112.367
20 15.3889  112.991
20.1 15.4777  113.615
20.2 15.5666  114.239
20.3 15.6554  114.862
20.4 15.7442  115.486
20.5 15.8331  116.11
20.6 15.9219  116.734
20.7 16.0108  117.357
20.8 16.0996  117.981
20.9 16.1885  118.605
21 16.2773  119.229
21.1 16.3661  119.853
21.2 16.455  120.476
21.3 16.5438  121.1
21.4 16.6327  121.724
21.5 16.7215  122.348
21.6 16.8103  122.971
21.7 16.8992  123.595
21.8 16.988  124.219
21.9 17.0768  124.843
22 17.1657  125.466
22.1 17.2545  126.09
22.2 17.3433  126.714
22.3 17.4322  127.337
22.4 17.521  127.961
22.5 17.6098  128.585
22.6 17.6987  129.209
22.7 17.7875  129.832
22.8 17.8763  130.456
22.9 17.9652  131.08
23 18.054  131.703
23.1 18.1428  132.327
23.2 18.2316  132.951
23.3 18.3205  133.575
23.4 18.4093  134.198
23.5 18.4981  134.822
23.6 18.5869  135.446
23.7 18.6758  136.069
23.8 18.7646  136.693
23.9 18.8534  137.317
24 18.9422  137.94
24.1 19.031  138.564
24.2 19.1199  139.188
24.3 19.2087  139.812
24.4 19.2975  140.435
24.5 19.3863  141.059
24.6 19.4751  141.683
24.7 19.564  142.306
24.8 19.6528  142.93
24.9 19.7416  143.554
25 19.8304  144.177
25.1 19.9192  144.801
25.2 20.008  145.425
25.3 20.0968  146.048
25.4 20.1857  146.672
25.5 20.2745  147.296
25.6 20.3633  147.919
25.7 20.4521  148.543
25.8 20.5409  149.167
25.9 20.6297  149.79
26 20.7185  150.414
26.1 20.8073  151.037
26.2 20.8961  151.661
26.3 20.985  152.285
26.4 21.0738  152.908
26.5 21.1626  153.532
26.6 21.2514  154.156
26.7 21.3402  154.779
26.8 21.429  155.403
26.9 21.5178  156.027
27 21.6066  156.65
27.1 21.6954  157.274
27.2 21.7842  157.898
27.3 21.873  158.521
27.4 21.9618  159.145
27.5 22.0506  159.768
27.6 22.1394  160.392
27.7 22.2282  161.016
27.8 22.317  161.639
27.9 22.4058  162.263
28 22.4946  162.887
28.1 22.5834  163.51
28.2 22.6722  164.134
28.3 22.761  164.757
28.4 22.8498  165.381
28.5 22.9386  166.005
28.6 23.0274  166.628
28.7 23.1162  167.252
28.8 23.205  167.875
28.9 23.2938  168.499
29 23.3826  169.123
29.1 23.4714  169.746
29.2 23.5602  170.37
29.3 23.649  170.993
29.4 23.7378  171.617
29.5 23.8266  172.241
29.6 23.9154  172.864
29.7 24.0042  173.488
29.8 24.093  174.111
29.9 24.1818  174.735
30 24.2706  175.359
30.1 24.3594  175.982
30.2 24.4481  176.606
30.3 24.5369  177.229
30.4 24.6257  177.853
30.5 24.7145  178.477
30.6 24.8033  179.1
30.7 24.8921  179.724
30.8 24.9809  180.347
30.9 25.0697  180.971
31 25.1585  181.594
31.1 25.2473  182.218
31.2 25.3361  182.842
31.3 25.4248  183.465
31.4 25.5136  184.089
31.5 25.6024  184.712
31.6 25.6912  185.336
31.7 25.78  185.959
31.8 25.8688  186.583
31.9 25.9576  187.207
32 26.0463  187.83
32.1 26.1351  188.454
32.2 26.2239  189.077
32.3 26.3127  189.701
32.4 26.4015  190.324
32.5 26.4903  190.948
32.6 26.5791  191.572
32.7 26.6678  192.195
32.8 26.7566  192.819
32.9 26.8454  193.442
33 26.9342  194.066
33.1 27.023  194.689
33.2 27.1118  195.313
33.3 27.2005  195.936
33.4 27.2893  196.56
33.5 27.3781  197.184
33.6 27.4669  197.807
33.7 27.5557  198.431
33.8 27.6444  199.054
33.9 27.7332  199.678
34 27.822  200.301
34.1 27.9108  200.925
34.2 27.9996  201.548
34.3 28.0883  202.172
34.4 28.1771  202.795
34.5 28.2659  203.419
34.6 28.3547  204.043
34.7 28.4435  204.666
34.8 28.5322  205.29
34.9 28.621  205.913
35 28.7098  206.537
35.1 28.7986  207.16
35.2 28.8874  207.784
35.3 28.9761  208.407
35.4 29.0649  209.031
35.5 29.1537  209.654
35.6 29.2425  210.278
35.7 29.3312  210.901
35.8 29.42  211.525
35.9 29.5088  212.149
36 29.5976  212.772
36.1 29.6863  213.396
36.2 29.7751  214.019
36.3 29.8639  214.643
36.4 29.9527  215.266
36.5 30.0414  215.89
36.6 30.1302  216.513
36.7 30.219  217.137
36.8 30.3077  217.76
36.9 30.3965  218.384
37 30.4853  219.007
37.1 30.5741  219.631
37.2 30.6628  220.254
37.3 30.7516  220.878
37.4 30.8404  221.501
37.5 30.9292  222.125
37.6 31.0179  222.748
37.7 31.1067  223.372
37.8 31.1955  223.995
37.9 31.2842  224.619
38 31.373  225.242
38.1 31.4618  225.866
38.2 31.5505  226.489
38.3 31.6393  227.113
38.4 31.7281  227.736
38.5 31.8169  228.36
38.6 31.9056  228.984
38.7 31.9944  229.607
38.8 32.0832  230.231
38.9 32.1719  230.854
39 32.2607  231.478
39.1 32.3495  232.101
39.2 32.4382  232.725
39.3 32.527  233.348
39.4 32.6158  233.972
39.5 32.7045  234.595
39.6 32.7933  235.219
39.7 32.8821  235.842
39.8 32.9708  236.466
39.9 33.0596  237.089
40 33.1484  237.713
40.1 33.2371  238.336
40.2 33.3259  238.96
40.3 33.4147  239.583
40.4 33.5034  240.207
40.5 33.5922  240.83
40.6 33.681  241.453
40.7 33.7697  242.077
40.8 33.8585  242.7
40.9 33.9472  243.324
41 34.036  243.947
41.1 34.1248  244.571
41.2 34.2135  245.194
41.3 34.3023  245.818
41.4 34.3911  246.441
41.5 34.4798  247.065
41.6 34.5686  247.688
41.7 34.6574  248.312
41.8 34.7461  248.935
41.9 34.8349  249.559
42 34.9236  250.182
42.1 35.0124  250.806
42.2 35.1012  251.429
42.3 35.1899  252.053
42.4 35.2787  252.676
42.5 35.3675  253.3
42.6 35.4562  253.923
42.7 35.545  254.547
42.8 35.6337  255.17
42.9 35.7225  255.794
43 35.8113  256.417
43.1 35.9  257.041
43.2 35.9888  257.664
43.3 36.0775  258.288
43.4 36.1663  258.911
43.5 36.2551  259.535
43.6 36.3438  260.158
43.7 36.4326  260.781
43.8 36.5213  261.405
43.9 36.6101  262.028
44 36.6988  262.652
44.1 36.7876  263.275
44.2 36.8764  263.899
44.3 36.9651  264.522
44.4 37.0539  265.146
44.5 37.1426  265.769
44.6 37.2314  266.393
44.7 37.3202  267.016
44.8 37.4089  267.64
44.9 37.4977  268.263
45 37.5864  268.887
45.1 37.6752  269.51
45.2 37.7639  270.134
45.3 37.8527  270.757
45.4 37.9415  271.38
45.5 38.0302  272.004
45.6 38.119  272.627
45.7 38.2077  273.251
45.8 38.2965  273.874
45.9 38.3852  274.498
46 38.474  275.121
46.1 38.5627  275.745
46.2 38.6515  276.368
46.3 38.7403  276.992
46.4 38.829  277.615
46.5 38.9178  278.239
46.6 39.0065  278.862
46.7 39.0953  279.485
46.8 39.184  280.109
46.9 39.2728  280.732
47 39.3615  281.356
47.1 39.4503  281.979
47.2 39.539  282.603
47.3 39.6278  283.226
47.4 39.7166  283.85
47.5 39.8053  284.473
47.6 39.8941  285.097
47.7 39.9828  285.72
47.8 40.0716  286.343
47.9 40.1603  286.967
48 40.2491  287.59
48.1 40.3378  288.214
48.2 40.4266  288.837
48.3 40.5153  289.461
48.4 40.6041  290.084
48.5 40.6928  290.708
48.6 40.7816  291.331
48.7 40.8703  291.954
48.8 40.9591  292.578
48.9 41.0478  293.201
49 41.1366  293.825
49.1 41.2253  294.448
49.2 41.3141  295.072
49.3 41.4028  295.695
49.4 41.4916  296.319
49.5 41.5803  296.942
49.6 41.6691  297.565
49.7 41.7578  298.189
49.8 41.8466  298.812
49.9 41.9353  299.436
50 42.0241  300.059
50.1 42.1128  300.683
50.2 42.2016  301.306
50.3 42.2903  301.93
50.4 42.3791  302.553
50.5 42.4678  303.176
50.6 42.5566  303.8
50.7 42.6453  304.423
50.8 42.7341  305.047
50.9 42.8228  305.67
51 42.9116  306.294
51.1 43.0003  306.917
51.2 43.0891  307.541
51.3 43.1778  308.164
51.4 43.2666  308.787
51.5 43.3553  309.411
51.6 43.4441  310.034
51.7 43.5328  310.658
51.8 43.6216  311.281
51.9 43.7103  311.905
52 43.7991  312.528
52.1 43.8878  313.151
52.2 43.9766  313.775
52.3 44.0653  314.398
52.4 44.1541  315.022
52.5 44.2428  315.645
52.6 44.3316  316.269
52.7 44.4203  316.892
52.8 44.509  317.515
52.9 44.5978  318.139
53 44.6865  318.762
53.1 44.7753  319.386
53.2 44.864  320.009
53.3 44.9528  320.633
53.4 45.0415  321.256
53.5 45.1303  321.879
53.6 45.219  322.503
53.7 45.3078  323.126
53.8 45.3965  323.75
53.9 45.4853  324.373
54 45.574  324.997
54.1 45.6627  325.62
54.2 45.7515  326.243
54.3 45.8402  326.867
54.4 45.929  327.49
54.5 46.0177  328.114
54.6 46.1065  328.737
54.7 46.1952  329.361
54.8 46.284  329.984
54.9 46.3727  330.607
55 46.4614  331.231
55.1 46.5502  331.854
55.2 46.6389  332.478
55.3 46.7277  333.101
55.4 46.8164  333.725
55.5 46.9052  334.348
55.6 46.9939  334.971
55.7 47.0827  335.595
55.8 47.1714  336.218
55.9 47.2601  336.842
56 47.3489  337.465
56.1 47.4376  338.088
56.2 47.5264  338.712
56.3 47.6151  339.335
56.4 47.7039  339.959
56.5 47.7926  340.582
56.6 47.8813  341.206
56.7 47.9701  341.829
56.8 48.0588  342.452
56.9 48.1476  343.076
57 48.2363  343.699
57.1 48.3251  344.323
57.2 48.4138  344.946
57.3 48.5025  345.569
57.4 48.5913  346.193
57.5 48.68  346.816
57.6 48.7688  347.44
57.7 48.8575  348.063
57.8 48.9462  348.687
57.9 49.035  349.31
58 49.1237  349.933
58.1 49.2125  350.557
58.2 49.3012  351.18
58.3 49.39  351.804
58.4 49.4787  352.427
58.5 49.5674  353.05
58.6 49.6562  353.674
58.7 49.7449  354.297
58.8 49.8337  354.921
58.9 49.9224  355.544
59 50.0111  356.167
59.1 50.0999  356.791
59.2 50.1886  357.414
59.3 50.2774  358.038
59.4 50.3661  358.661
59.5 50.4548  359.285
59.6 50.5436  359.908
59.7 50.6323  360.531
59.8 50.7211  361.155
59.9 50.8098  361.778
60 50.8985  362.402
60.1 50.9873  363.025
60.2 51.076  363.648
60.3 51.1648  364.272
60.4 51.2535  364.895
60.5 51.3422  365.519
60.6 51.431  366.142
60.7 51.5197  366.765
60.8 51.6085  367.389
60.9 51.6972  368.012
61 51.7859  368.636
61.1 51.8747  369.259
61.2 51.9634  369.882
61.3 52.0521  370.506
61.4 52.1409  371.129
61.5 52.2296  371.753
61.6 52.3184  372.376
61.7 52.4071  372.999
61.8 52.4958  373.623
61.9 52.5846  374.246
62 52.6733  374.87
62.1 52.7621  375.493
62.2 52.8508  376.116
62.3 52.9395  376.74
62.4 53.0283  377.363
62.5 53.117  377.987
62.6 53.2057  378.61
62.7 53.2945  379.233
62.8 53.3832  379.857
62.9 53.472  380.48
63 53.5607  381.104
63.1 53.6494  381.727
63.2 53.7382  382.35
63.3 53.8269  382.974
63.4 53.9156  383.597
63.5 54.0044  384.221
63.6 54.0931  384.844
63.7 54.1818  385.467
63.8 54.2706  386.091
63.9 54.3593  386.714
64 54.4481  387.338
64.1 54.5368  387.961
64.2 54.6255  388.584
64.3 54.7143  389.208
64.4 54.803  389.831
64.5 54.8917  390.455
64.6 54.9805  391.078
64.7 55.0692  391.701
64.8 55.1579  392.325
64.9 55.2467  392.948
65 55.3354  393.571
65.1 55.4242  394.195
65.2 55.5129  394.818
65.3 55.6016  395.442
65.4 55.6904  396.065
65.5 55.7791  396.688
65.6 55.8678  397.312
65.7 55.9566  397.935
65.8 56.0453  398.559
65.9 56.134  399.182
66 56.2228  399.805
66.1 56.3115  400.429
66.2 56.4002  401.052
66.3 56.489  401.676
66.4 56.5777  402.299
66.5 56.6664  402.922
66.6 56.7552  403.546
66.7 56.8439  404.169
66.8 56.9326  404.793
66.9 57.0214  405.416
67 57.1101  406.039
67.1 57.1988  406.663
67.2 57.2876  407.286
67.3 57.3763  407.909
67.4 57.465  408.533
67.5 57.5538  409.156
67.6 57.6425  409.78
67.7 57.7313  410.403
67.8 57.82  411.026
67.9 57.9087  411.65
68 57.9975  412.273
68.1 58.0862  412.897
68.2 58.1749  413.52
68.3 58.2637  414.143
68.4 58.3524  414.767
68.5 58.4411  415.39
68.6 58.5299  416.013
68.7 58.6186  416.637
68.8 58.7073  417.26
68.9 58.796  417.884
69 58.8848  418.507
69.1 58.9735  419.13
69.2 59.0622  419.754
69.3 59.151  420.377
69.4 59.2397  421.001
69.5 59.3284  421.624
69.6 59.4172  422.247
69.7 59.5059  422.871
69.8 59.5946  423.494
69.9 59.6834  424.117
70 59.7721  424.741
70.1 59.8608  425.364
70.2 59.9496  425.988
70.3 60.0383  426.611
70.4 60.127  427.234
70.5 60.2158  427.858
70.6 60.3045  428.481
70.7 60.3932  429.104
70.8 60.482  429.728
70.9 60.5707  430.351
71 60.6594  430.975
71.1 60.7482  431.598
71.2 60.8369  432.221
71.3 60.9256  432.845
71.4 61.0144  433.468
71.5 61.1031  434.091
71.6 61.1918  434.715
71.7 61.2805  435.338
71.8 61.3693  435.962
71.9 61.458  436.585
72 61.5467  437.208
72.1 61.6355  437.832
72.2 61.7242  438.455
72.3 61.8129  439.078
72.4 61.9017  439.702
72.5 61.9904  440.325
72.6 62.0791  440.949
72.7 62.1679  441.572
72.8 62.2566  442.195
72.9 62.3453  442.819
73 62.434  443.442
73.1 62.5228  444.065
73.2 62.6115  444.689
73.3 62.7002  445.312
73.4 62.789  445.936
73.5 62.8777  446.559
73.6 62.9664  447.182
73.7 63.0552  447.806
73.8 63.1439  448.429
73.9 63.2326  449.052
74 63.3213  449.676
74.1 63.4101  450.299
74.2 63.4988  450.923
74.3 63.5875  451.546
74.4 63.6763  452.169
74.5 63.765  452.793
74.6 63.8537  453.416
74.7 63.9425  454.039
74.8 64.0312  454.663
74.9 64.1199  455.286
75 64.2086  455.91
75.1 64.2974  456.533
75.2 64.3861  457.156
75.3 64.4748  457.78
75.4 64.5636  458.403
75.5 64.6523  459.026
75.6 64.741  459.65
75.7 64.8297  460.273
75.8 64.9185  460.897
75.9 65.0072  461.52
76 65.0959  462.143
76.1 65.1847  462.767
76.2 65.2734  463.39
76.3 65.3621  464.013
76.4 65.4508  464.637
76.5 65.5396  465.26
76.6 65.6283  465.883
76.7 65.717  466.507
76.8 65.8058  467.13
76.9 65.8945  467.754
77 65.9832  468.377
77.1 66.0719  469
77.2 66.1607  469.624
77.3 66.2494  470.247
77.4 66.3381  470.87
77.5 66.4269  471.494
77.6 66.5156  472.117
77.7 66.6043  472.741
77.8 66.693  473.364
77.9 66.7818  473.987
78 66.8705  474.611
78.1 66.9592  475.234
78.2 67.0479  475.857
78.3 67.1367  476.481
78.4 67.2254  477.104
78.5 67.3141  477.727
78.6 67.4029  478.351
78.7 67.4916  478.974
78.8 67.5803  479.598
78.9 67.669  480.221
79 67.7578  480.844
79.1 67.8465  481.468
79.2 67.9352  482.091
79.3 68.0239  482.714
79.4 68.1127  483.338
79.5 68.2014  483.961
79.6 68.2901  484.584
79.7 68.3789  485.208
79.8 68.4676  485.831
79.9 68.5563  486.455
80 68.645  487.078
80.1 68.7338  487.701
80.2 68.8225  488.325
80.3 68.9112  488.948
80.4 68.9999  489.571
80.5 69.0887  490.195
80.6 69.1774  490.818
80.7 69.2661  491.441
80.8 69.3548  492.065
80.9 69.4436  492.688
81 69.5323  493.311
81.1 69.621  493.935
81.2 69.7098  494.558
81.3 69.7985  495.182
81.4 69.8872  495.805
81.5 69.9759  496.428
81.6 70.0647  497.052
81.7 70.1534  497.675
81.8 70.2421  498.298
81.9 70.3308  498.922
82 70.4196  499.545
82.1 70.5083  500.168
82.2 70.597  500.792
82.3 70.6857  501.415
82.4 70.7745  502.039
82.5 70.8632  502.662
82.6 70.9519  503.285
82.7 71.0406  503.909
82.8 71.1294  504.532
82.9 71.2181  505.155
83 71.3068  505.779
83.1 71.3955  506.402
83.2 71.4843  507.025
83.3 71.573  507.649
83.4 71.6617  508.272
83.5 71.7504  508.895
83.6 71.8392  509.519
83.7 71.9279  510.142
83.8 72.0166  510.766
83.9 72.1053  511.389
84 72.1941  512.012
84.1 72.2828  512.636
84.2 72.3715  513.259
84.3 72.4602  513.882
84.4 72.549  514.506
84.5 72.6377  515.129
84.6 72.7264  515.752
84.7 72.8151  516.376
84.8 72.9039  516.999
84.9 72.9926  517.622
85 73.0813  518.246
85.1 73.17  518.869
85.2 73.2588  519.492
85.3 73.3475  520.116
85.4 73.4362  520.739
85.5 73.5249  521.363
85.6 73.6137  521.986
85.7 73.7024  522.609
85.8 73.7911  523.233
85.9 73.8798  523.856
86 73.9686  524.479
86.1 74.0573  525.103
86.2 74.146  525.726
86.3 74.2347  526.349
86.4 74.3234  526.973
86.5 74.4122  527.596
86.6 74.5009  528.219
86.7 74.5896  528.843
86.8 74.6783  529.466
86.9 74.7671  530.089
87 74.8558  530.713
87.1 74.9445  531.336
87.2 75.0332  531.96
87.3 75.122  532.583
87.4 75.2107  533.206
87.5 75.2994  533.83
87.6 75.3881  534.453
87.7 75.4769  535.076
87.8 75.5656  535.7
87.9 75.6543  536.323
88 75.743  536.946
88.1 75.8317  537.57
88.2 75.9205  538.193
88.3 76.0092  538.816
88.4 76.0979  539.44
88.5 76.1866  540.063
88.6 76.2754  540.686
88.7 76.3641  541.31
88.8 76.4528  541.933
88.9 76.5415  542.556
89 76.6303  543.18
89.1 76.719  543.803
89.2 76.8077  544.427
89.3 76.8964  545.05
89.4 76.9851  545.673
89.5 77.0739  546.297
89.6 77.1626  546.92
89.7 77.2513  547.543
89.8 77.34  548.167
89.9 77.4288  548.79
90 77.5175  549.413
90.1 77.6062  550.037
90.2 77.6949  550.66
90.3 77.7836  551.283
90.4 77.8724  551.907
90.5 77.9611  552.53
90.6 78.0498  553.153
90.7 78.1385  553.777
90.8 78.2273  554.4
90.9 78.316  555.023
91 78.4047  555.647
91.1 78.4934  556.27
91.2 78.5821  556.893
91.3 78.6709  557.517
91.4 78.7596  558.14
91.5 78.8483  558.763
91.6 78.937  559.387
91.7 79.0258  560.01
91.8 79.1145  560.634
91.9 79.2032  561.257
92 79.2919  561.88
92.1 79.3806  562.504
92.2 79.4694  563.127
92.3 79.5581  563.75
92.4 79.6468  564.374
92.5 79.7355  564.997
92.6 79.8242  565.62
92.7 79.913  566.244
92.8 80.0017  566.867
92.9 80.0904  567.49
93 80.1791  568.114
93.1 80.2679  568.737
93.2 80.3566  569.36
93.3 80.4453  569.984
93.4 80.534  570.607
93.5 80.6227  571.23
93.6 80.7115  571.854
93.7 80.8002  572.477
93.8 80.8889  573.1
93.9 80.9776  573.724
94 81.0663  574.347
94.1 81.1551  574.97
94.2 81.2438  575.594
94.3 81.3325  576.217
94.4 81.4212  576.84
94.5 81.51  577.464
94.6 81.5987  578.087
94.7 81.6874  578.71
94.8 81.7761  579.334
94.9 81.8648  579.957
95 81.9536  580.58
95.1 82.0423  581.204
95.2 82.131  581.827
95.3 82.2197  582.451
95.4 82.3084  583.074
95.5 82.3972  583.697
95.6 82.4859  584.321
95.7 82.5746  584.944
95.8 82.6633  585.567
95.9 82.752  586.191
96 82.8408  586.814
96.1 82.9295  587.437
96.2 83.0182  588.061
96.3 83.1069  588.684
96.4 83.1956  589.307
96.5 83.2844  589.931
96.6 83.3731  590.554
96.7 83.4618  591.177
96.8 83.5505  591.801
96.9 83.6392  592.424
97 83.728  593.047
97.1 83.8167  593.671
97.2 83.9054  594.294
97.3 83.9941  594.917
97.4 84.0828  595.541
97.5 84.1716  596.164
97.6 84.2603  596.787
97.7 84.349  597.411
97.8 84.4377  598.034
97.9 84.5264  598.657
98 84.6152  599.281
98.1 84.7039  599.904
98.2 84.7926  600.527
98.3 84.8813  601.151
98.4 84.97  601.774
98.5 85.0588  602.397
98.6 85.1475  603.021
98.7 85.2362  603.644
98.8 85.3249  604.267
98.9 85.4136  604.891
99 85.5024  605.514
99.1 85.5911  606.137
99.2 85.6798  606.761
99.3 85.7685  607.384
99.4 85.8572  608.007
99.5 85.9459  608.631
99.6 86.0347  609.254
99.7 86.1234  609.877
99.8 86.2121  610.501
99.9 86.3008  611.124
100 86.3895  611.747
100.1 86.4783  612.371
100.2 86.567  612.994
100.3 86.6557  613.617
100.4 86.7444  614.241
100.5 86.8331  614.864
100.6 86.9219  615.487
100.7 87.0106  616.111
100.8 87.0993  616.734
100.9 87.188  617.357
101 87.2767  617.981
101.1 87.3655  618.604
101.2 87.4542  619.227
101.3 87.5429  619.851
101.4 87.6316  620.474
101.5 87.7203  621.097
101.6 87.809  621.721
101.7 87.8978  622.344
101.8 87.9865  622.967
101.9 88.0752  623.591
102 88.1639  624.214
102.1 88.2526  624.837
102.2 88.3414  625.461
102.3 88.4301  626.084
102.4 88.5188  626.707
102.5 88.6075  627.331
102.6 88.6962  627.954
102.7 88.7849  628.577
102.8 88.8737  629.201
102.9 88.9624  629.824
103 89.0511  630.447
103.1 89.1398  631.071
103.2 89.2285  631.694
103.3 89.3173  632.317
103.4 89.406  632.941
103.5 89.4947  633.564
103.6 89.5834  634.187
103.7 89.6721  634.811
103.8 89.7608  635.434
103.9 89.8496  636.057
104 89.9383  636.681
104.1 90.027  637.304
104.2 90.1157  637.927
104.3 90.2044  638.551
104.4 90.2932  639.174
104.5 90.3819  639.797
104.6 90.4706  640.421
104.7 90.5593  641.044
104.8 90.648  641.667
104.9 90.7367  642.291
105 90.8255  642.914
105.1 90.9142  643.537
105.2 91.0029  644.161
105.3 91.0916  644.784
105.4 91.1803  645.407
105.5 91.269  646.031
105.6 91.3578  646.654
105.7 91.4465  647.277
105.8 91.5352  647.901
105.9 91.6239  648.524
106 91.7126  649.147
106.1 91.8013  649.771
106.2 91.8901  650.394
106.3 91.9788  651.017
106.4 92.0675  651.641
106.5 92.1562  652.264
106.6 92.2449  652.887
106.7 92.3337  653.511
106.8 92.4224  654.134
106.9 92.5111  654.757
107 92.5998  655.381
107.1 92.6885  656.004
107.2 92.7772  656.627
107.3 92.866  657.251
107.4 92.9547  657.874
107.5 93.0434  658.497
107.6 93.1321  659.121
107.7 93.2208  659.744
107.8 93.3095  660.367
107.9 93.3983  660.991
108 93.487  661.614
108.1 93.5757  662.237
108.2 93.6644  662.861
108.3 93.7531  663.484
108.4 93.8418  664.107
108.5 93.9306  664.731
108.6 94.0193  665.354
108.7 94.108  665.977
108.8 94.1967  666.601
108.9 94.2854  667.224
109 94.3741  667.847
109.1 94.4629  668.471
109.2 94.5516  669.094
109.3 94.6403  669.717
109.4 94.729  670.34
109.5 94.8177  670.964
109.6 94.9064  671.587
109.7 94.9952  672.21
109.8 95.0839  672.834
109.9 95.1726  673.457
110 95.2613  674.08
110.1 95.35  674.704
110.2 95.4387  675.327
110.3 95.5275  675.95
110.4 95.6162  676.574
110.5 95.7049  677.197
110.6 95.7936  677.82
110.7 95.8823  678.444
110.8 95.971  679.067
110.9 96.0597  679.69
111 96.1485  680.314
111.1 96.2372  680.937
111.2 96.3259  681.56
111.3 96.4146  682.184
111.4 96.5033  682.807
111.5 96.592  683.43
111.6 96.6808  684.054
111.7 96.7695  684.677
111.8 96.8582  685.3
111.9 96.9469  685.924
112 97.0356  686.547
112.1 97.1243  687.17
112.2 97.2131  687.794
112.3 97.3018  688.417
112.4 97.3905  689.04
112.5 97.4792  689.664
112.6 97.5679  690.287
112.7 97.6566  690.91
112.8 97.7453  691.534
112.9 97.8341  692.157
113 97.9228  692.78
113.1 98.0115  693.404
113.2 98.1002  694.027
113.3 98.1889  694.65
113.4 98.2776  695.273
113.5 98.3664  695.897
113.6 98.4551  696.52
113.7 98.5438  697.143
113.8 98.6325  697.767
113.9 98.7212  698.39
114 98.8099  699.013
114.1 98.8986  699.637
114.2 98.9874  700.26
114.3 99.0761  700.883
114.4 99.1648  701.507
114.5 99.2535  702.13
114.6 99.3422  702.753
114.7 99.4309  703.377
114.8 99.5197  704
114.9 99.6084  704.623
115 99.6971  705.247
115.1 99.7858  705.87
115.2 99.8745  706.493
115.3 99.9632  707.117
115.4 100.052  707.74
115.5 100.141  708.363
115.6 100.229  708.987
115.7 100.318  709.61
115.8 100.407  710.233
115.9 100.496  710.857
116 100.584  711.48
116.1 100.673  712.103
116.2 100.762  712.727
116.3 100.85  713.35
116.4 100.939  713.973
116.5 101.028  714.596
116.6 101.117  715.22
116.7 101.205  715.843
116.8 101.294  716.466
116.9 101.383  717.09
117 101.471  717.713
117.1 101.56  718.336
117.2 101.649  718.96
117.3 101.738  719.583
117.4 101.826  720.206
117.5 101.915  720.83
117.6 102.004  721.453
117.7 102.092  722.076
117.8 102.181  722.7
117.9 102.27  723.323
118 102.359  723.946
118.1 102.447  724.57
118.2 102.536  725.193
118.3 102.625  725.816
118.4 102.713  726.44
118.5 102.802  727.063
118.6 102.891  727.686
118.7 102.98  728.31
118.8 103.068  728.933
118.9 103.157  729.556
119 103.246  730.179
119.1 103.334  730.803
119.2 103.423  731.426
119.3 103.512  732.049
119.4 103.601  732.673
119.5 103.689  733.296
119.6 103.778  733.919
119.7 103.867  734.543
119.8 103.955  735.166
119.9 104.044  735.789
120 104.133  736.413
120.1 104.222  737.036
120.2 104.31  737.659
120.3 104.399  738.283
120.4 104.488  738.906
120.5 104.576  739.529
120.6 104.665  740.153
120.7 104.754  740.776
120.8 104.843  741.399
120.9 104.931  742.023
121 105.02  742.646
121.1 105.109  743.269
121.2 105.197  743.892
121.3 105.286  744.516
121.4 105.375  745.139
121.5 105.464  745.762
121.6 105.552  746.386
121.7 105.641  747.009
121.8 105.73  747.632
121.9 105.818  748.256
122 105.907  748.879
122.1 105.996  749.502
122.2 106.085  750.126
122.3 106.173  750.749
122.4 106.262  751.372
122.5 106.351  751.996
122.6 106.439  752.619
122.7 106.528  753.242
122.8 106.617  753.866
122.9 106.706  754.489
123 106.794  755.112
123.1 106.883  755.735
123.2 106.972  756.359
123.3 107.06  756.982
123.4 107.149  757.605
123.5 107.238  758.229
123.6 107.326  758.852
123.7 107.415  759.475
123.8 107.504  760.099
123.9 107.593  760.722
124 107.681  761.345
124.1 107.77  761.969
124.2 107.859  762.592
124.3 107.947  763.215
124.4 108.036  763.839
124.5 108.125  764.462
124.6 108.214  765.085
124.7 108.302  765.709
124.8 108.391  766.332
124.9 108.48  766.955
125 108.568  767.578
125.1 108.657  768.202
125.2 108.746  768.825
125.3 108.835  769.448
125.4 108.923  770.072
125.5 109.012  770.695
125.6 109.101  771.318
125.7 109.189  771.942
125.8 109.278  772.565
125.9 109.367  773.188
126 109.456  773.812
126.1 109.544  774.435
126.2 109.633  775.058
126.3 109.722  775.682
126.4 109.81  776.305
126.5 109.899  776.928
126.6 109.988  777.551
126.7 110.077  778.175
126.8 110.165  778.798
126.9 110.254  779.421
127 110.343  780.045
127.1 110.431  780.668
127.2 110.52  781.291
127.3 110.609  781.915
127.4 110.698  782.538
127.5 110.786  783.161
127.6 110.875  783.785
127.7 110.964  784.408
127.8 111.052  785.031
127.9 111.141  785.655
128 111.23  786.278
128.1 111.319  786.901
128.2 111.407  787.525
128.3 111.496  788.148
128.4 111.585  788.771
128.5 111.673  789.394
128.6 111.762  790.018
128.7 111.851  790.641
128.8 111.94  791.264
128.9 112.028  791.888
129 112.117  792.511
129.1 112.206  793.134
129.2 112.294  793.758
129.3 112.383  794.381
129.4 112.472  795.004
129.5 112.561  795.628
129.6 112.649  796.251
129.7 112.738  796.874
129.8 112.827  797.498
129.9 112.915  798.121
130 113.004  798.744
130.1 113.093  799.367
130.2 113.182  799.991
130.3 113.27  800.614
130.4 113.359  801.237
130.5 113.448  801.861
130.6 113.536  802.484
130.7 113.625  803.107
130.8 113.714  803.731
130.9 113.803  804.354
131 113.891  804.977
131.1 113.98  805.601
131.2 114.069  806.224
131.3 114.157  806.847
131.4 114.246  807.47
131.5 114.335  808.094
131.6 114.423  808.717
131.7 114.512  809.34
131.8 114.601  809.964
131.9 114.69  810.587
132 114.778  811.21
132.1 114.867  811.834
132.2 114.956  812.457
132.3 115.044  813.08
132.4 115.133  813.704
132.5 115.222  814.327
132.6 115.311  814.95
132.7 115.399  815.574
132.8 115.488  816.197
132.9 115.577  816.82
133 115.665  817.443
133.1 115.754  818.067
133.2 115.843  818.69
133.3 115.932  819.313
133.4 116.02  819.937
133.5 116.109  820.56
133.6 116.198  821.183
133.7 116.286  821.807
133.8 116.375  822.43
133.9 116.464  823.053
134 116.553  823.677
134.1 116.641  824.3
134.2 116.73  824.923
134.3 116.819  825.546
134.4 116.907  826.17
134.5 116.996  826.793
134.6 117.085  827.416
134.7 117.174  828.04
134.8 117.262  828.663
134.9 117.351  829.286
135 117.44  829.91
135.1 117.528  830.533
135.2 117.617  831.156
135.3 117.706  831.78
135.4 117.795  832.403
135.5 117.883  833.026
135.6 117.972  833.649
135.7 118.061  834.273
135.8 118.149  834.896
135.9 118.238  835.519
136 118.327  836.143
136.1 118.416  836.766
136.2 118.504  837.389
136.3 118.593  838.013
136.4 118.682  838.636
136.5 118.77  839.259
136.6 118.859  839.883
136.7 118.948  840.506
136.8 119.036  841.129
136.9 119.125  841.752
137 119.214  842.376
137.1 119.303  842.999
137.2 119.391  843.622
137.3 119.48  844.246
137.4 119.569  844.869
137.5 119.657  845.492
137.6 119.746  846.116
137.7 119.835  846.739
137.8 119.924  847.362
137.9 120.012  847.986
138 120.101  848.609
138.1 120.19  849.232
138.2 120.278  849.855
138.3 120.367  850.479
138.4 120.456  851.102
138.5 120.545  851.725
138.6 120.633  852.349
138.7 120.722  852.972
138.8 120.811  853.595
138.9 120.899  854.219
139 120.988  854.842
139.1 121.077  855.465
139.2 121.166  856.089
139.3 121.254  856.712
139.4 121.343  857.335
139.5 121.432  857.958
139.6 121.52  858.582
139.7 121.609  859.205
139.8 121.698  859.828
139.9 121.787  860.452
140 121.875  861.075
140.1 121.964  861.698
140.2 122.053  862.322
140.3 122.141  862.945
140.4 122.23  863.568
140.5 122.319  864.192
140.6 122.407  864.815
140.7 122.496  865.438
140.8 122.585  866.061
140.9 122.674  866.685
141 122.762  867.308
141.1 122.851  867.931
141.2 122.94  868.555
141.3 123.028  869.178
141.4 123.117  869.801
141.5 123.206  870.425
141.6 123.295  871.048
141.7 123.383  871.671
141.8 123.472  872.294
141.9 123.561  872.918
142 123.649  873.541
142.1 123.738  874.164
142.2 123.827  874.788
142.3 123.916  875.411
142.4 124.004  876.034
142.5 124.093  876.658
142.6 124.182  877.281
142.7 124.27  877.904
142.8 124.359  878.528
142.9 124.448  879.151
143 124.537  879.774
143.1 124.625  880.397
143.2 124.714  881.021
143.3 124.803  881.644
143.4 124.891  882.267
143.5 124.98  882.891
143.6 125.069  883.514
143.7 125.157  884.137
143.8 125.246  884.761
143.9 125.335  885.384
144 125.424  886.007
144.1 125.512  886.63
144.2 125.601  887.254
144.3 125.69  887.877
144.4 125.778  888.5
144.5 125.867  889.124
144.6 125.956  889.747
144.7 126.045  890.37
144.8 126.133  890.994
144.9 126.222  891.617
145 126.311  892.24
145.1 126.399  892.864
145.2 126.488  893.487
145.3 126.577  894.11
145.4 126.666  894.733
145.5 126.754  895.357
145.6 126.843  895.98
145.7 126.932  896.603
145.8 127.02  897.227
145.9 127.109  897.85
146 127.198  898.473
146.1 127.287  899.097
146.2 127.375  899.72
146.3 127.464  900.343
146.4 127.553  900.966
146.5 127.641  901.59
146.6 127.73  902.213
146.7 127.819  902.836
146.8 127.907  903.46
146.9 127.996  904.083
147 128.085  904.706
147.1 128.174  905.33
147.2 128.262  905.953
147.3 128.351  906.576
147.4 128.44  907.199
147.5 128.528  907.823
147.6 128.617  908.446
147.7 128.706  909.069
147.8 128.795  909.693
147.9 128.883  910.316
148 128.972  910.939
148.1 129.061  911.563
148.2 129.149  912.186
148.3 129.238  912.809
148.4 129.327  913.433
148.5 129.416  914.056
148.6 129.504  914.679
148.7 129.593  915.302
148.8 129.682  915.926
148.9 129.77  916.549
149 129.859  917.172
149.1 129.948  917.796
149.2 130.037  918.419
149.3 130.125  919.042
149.4 130.214  919.666
149.5 130.303  920.289
149.6 130.391  920.912
149.7 130.48  921.535
149.8 130.569  922.159
149.9 130.657  922.782
150 130.746  923.405
150.1 130.835  924.029
150.2 130.924  924.652
150.3 131.012  925.275
150.4 131.101  925.899
150.5 131.19  926.522
150.6 131.278  927.145
150.7 131.367  927.768
150.8 131.456  928.392
150.9 131.545  929.015
151 131.633  929.638
151.1 131.722  930.262
151.2 131.811  930.885
151.3 131.899  931.508
151.4 131.988  932.132
151.5 132.077  932.755
151.6 132.166  933.378
151.7 132.254  934.001
151.8 132.343  934.625
151.9 132.432  935.248
152 132.52  935.871
152.1 132.609  936.495
152.2 132.698  937.118
152.3 132.786  937.741
152.4 132.875  938.365
152.5 132.964  938.988
152.6 133.053  939.611
152.7 133.141  940.234
152.8 133.23  940.858
152.9 133.319  941.481
153 133.407  942.104
153.1 133.496  942.728
153.2 133.585  943.351
153.3 133.674  943.974
153.4 133.762  944.598
153.5 133.851  945.221
153.6 133.94  945.844
153.7 134.028  946.467
153.8 134.117  947.091
153.9 134.206  947.714
154 134.295  948.337
154.1 134.383  948.961
154.2 134.472  949.584
154.3 134.561  950.207
154.4 134.649  950.831
154.5 134.738  951.454
154.6 134.827  952.077
154.7 134.915  952.7
154.8 135.004  953.324
154.9 135.093  953.947
155 135.182  954.57
155.1 135.27  955.194
155.2 135.359  955.817
155.3 135.448  956.44
155.4 135.536  957.064
155.5 135.625  957.687
155.6 135.714  958.31
155.7 135.803  958.933
155.8 135.891  959.557
155.9 135.98  960.18
156 136.069  960.803
156.1 136.157  961.427
156.2 136.246  962.05
156.3 136.335  962.673
156.4 136.424  963.296
156.5 136.512  963.92
156.6 136.601  964.543
156.7 136.69  965.166
156.8 136.778  965.79
156.9 136.867  966.413
157 136.956  967.036
157.1 137.044  967.66
157.2 137.133  968.283
157.3 137.222  968.906
157.4 137.311  969.529
157.5 137.399  970.153
157.6 137.488  970.776
157.7 137.577  971.399
157.8 137.665  972.023
157.9 137.754  972.646
158 137.843  973.269
158.1 137.932  973.893
158.2 138.02  974.516
158.3 138.109  975.139
158.4 138.198  975.762
158.5 138.286  976.386
158.6 138.375  977.009
158.7 138.464  977.632
158.8 138.553  978.256
158.9 138.641  978.879
159 138.73  979.502
159.1 138.819  980.126
159.2 138.907  980.749
159.3 138.996  981.372
159.4 139.085  981.995
159.5 139.173  982.619
159.6 139.262  983.242
159.7 139.351  983.865
159.8 139.44  984.489
159.9 139.528  985.112
160 139.617  985.735
160.1 139.706  986.359
160.2 139.794  986.982
160.3 139.883  987.605
160.4 139.972  988.228
160.5 140.061  988.852
160.6 140.149  989.475
160.7 140.238  990.098
160.8 140.327  990.722
160.9 140.415  991.345
161 140.504  991.968
161.1 140.593  992.591
161.2 140.681  993.215
161.3 140.77  993.838
161.4 140.859  994.461
161.5 140.948  995.085
161.6 141.036  995.708
161.7 141.125  996.331
161.8 141.214  996.955
161.9 141.302  997.578
162 141.391  998.201
162.1 141.48  998.824
162.2 141.569  999.448
162.3 141.657  1000.07
162.4 141.746  1000.69
162.5 141.835  1001.32
162.6 141.923  1001.94
162.7 142.012  1002.56
162.8 142.101  1003.19
162.9 142.19  1003.81
163 142.278  1004.43
163.1 142.367  1005.06
163.2 142.456  1005.68
163.3 142.544  1006.3
163.4 142.633  1006.93
163.5 142.722  1007.55
163.6 142.81  1008.17
163.7 142.899  1008.8
163.8 142.988  1009.42
163.9 143.077  1010.04
164 143.165  1010.67
164.1 143.254  1011.29
164.2 143.343  1011.91
164.3 143.431  1012.54
164.4 143.52  1013.16
164.5 143.609  1013.78
164.6 143.698  1014.41
164.7 143.786  1015.03
164.8 143.875  1015.65
164.9 143.964  1016.28
165 144.052  1016.9
165.1 144.141  1017.52
165.2 144.23  1018.15
165.3 144.318  1018.77
165.4 144.407  1019.39
165.5 144.496  1020.02
165.6 144.585  1020.64
165.7 144.673  1021.26
165.8 144.762  1021.89
165.9 144.851  1022.51
166 144.939  1023.13
166.1 145.028  1023.76
166.2 145.117  1024.38
166.3 145.206  1025
166.4 145.294  1025.63
166.5 145.383  1026.25
166.6 145.472  1026.87
166.7 145.56  1027.5
166.8 145.649  1028.12
166.9 145.738  1028.74
167 145.827  1029.37
167.1 145.915  1029.99
167.2 146.004  1030.61
167.3 146.093  1031.24
167.4 146.181  1031.86
167.5 146.27  1032.48
167.6 146.359  1033.11
167.7 146.447  1033.73
167.8 146.536  1034.35
167.9 146.625  1034.98
168 146.714  1035.6
168.1 146.802  1036.22
168.2 146.891  1036.85
168.3 146.98  1037.47
168.4 147.068  1038.09
168.5 147.157  1038.72
168.6 147.246  1039.34
168.7 147.335  1039.96
168.8 147.423  1040.59
168.9 147.512  1041.21
169 147.601  1041.83
169.1 147.689  1042.46
169.2 147.778  1043.08
169.3 147.867  1043.7
169.4 147.955  1044.32
169.5 148.044  1044.95
169.6 148.133  1045.57
169.7 148.222  1046.19
169.8 148.31  1046.82
169.9 148.399  1047.44
170 148.488  1048.06
170.1 148.576  1048.69
170.2 148.665  1049.31
170.3 148.754  1049.93
170.4 148.843  1050.56
170.5 148.931  1051.18
170.6 149.02  1051.8
170.7 149.109  1052.43
170.8 149.197  1053.05
170.9 149.286  1053.67
171 149.375  1054.3
171.1 149.463  1054.92
171.2 149.552  1055.54
171.3 149.641  1056.17
171.4 149.73  1056.79
171.5 149.818  1057.41
171.6 149.907  1058.04
171.7 149.996  1058.66
171.8 150.084  1059.28
171.9 150.173  1059.91
172 150.262  1060.53
172.1 150.351  1061.15
172.2 150.439  1061.78
172.3 150.528  1062.4
172.4 150.617  1063.02
172.5 150.705  1063.65
172.6 150.794  1064.27
172.7 150.883  1064.89
172.8 150.971  1065.52
172.9 151.06  1066.14
173 151.149  1066.76
173.1 151.238  1067.39
173.2 151.326  1068.01
173.3 151.415  1068.63
173.4 151.504  1069.26
173.5 151.592  1069.88
173.6 151.681  1070.5
173.7 151.77  1071.13
173.8 151.859  1071.75
173.9 151.947  1072.37
174 152.036  1073
174.1 152.125  1073.62
174.2 152.213  1074.24
174.3 152.302  1074.87
174.4 152.391  1075.49
174.5 152.479  1076.11
174.6 152.568  1076.74
174.7 152.657  1077.36
174.8 152.746  1077.98
174.9 152.834  1078.61
175 152.923  1079.23
175.1 153.012  1079.85
175.2 153.1  1080.48
175.3 153.189  1081.1
175.4 153.278  1081.72
175.5 153.367  1082.35
175.6 153.455  1082.97
175.7 153.544  1083.59
175.8 153.633  1084.22
175.9 153.721  1084.84
176 153.81  1085.46
176.1 153.899  1086.09
176.2 153.987  1086.71
176.3 154.076  1087.33
176.4 154.165  1087.96
176.5 154.254  1088.58
176.6 154.342  1089.2
176.7 154.431  1089.83
176.8 154.52  1090.45
176.9 154.608  1091.07
177 154.697  1091.7
177.1 154.786  1092.32
177.2 154.875  1092.94
177.3 154.963  1093.56
177.4 155.052  1094.19
177.5 155.141  1094.81
177.6 155.229  1095.43
177.7 155.318  1096.06
177.8 155.407  1096.68
177.9 155.495  1097.3
178 155.584  1097.93
178.1 155.673  1098.55
178.2 155.762  1099.17
178.3 155.85  1099.8
178.4 155.939  1100.42
178.5 156.028  1101.04
178.6 156.116  1101.67
178.7 156.205  1102.29
178.8 156.294  1102.91
178.9 156.383  1103.54
179 156.471  1104.16
179.1 156.56  1104.78
179.2 156.649  1105.41
179.3 156.737  1106.03
179.4 156.826  1106.65
179.5 156.915  1107.28
179.6 157.003  1107.9
179.7 157.092  1108.52
179.8 157.181  1109.15
179.9 157.27  1109.77
180 157.358  1110.39
180.1 157.447  1111.02
180.2 157.536  1111.64
180.3 157.624  1112.26
180.4 157.713  1112.89
180.5 157.802  1113.51
180.6 157.891  1114.13
180.7 157.979  1114.76
180.8 158.068  1115.38
180.9 158.157  1116
181 158.245  1116.63
181.1 158.334  1117.25
181.2 158.423  1117.87
181.3 158.511  1118.5
181.4 158.6  1119.12
181.5 158.689  1119.74
181.6 158.778  1120.37
181.7 158.866  1120.99
181.8 158.955  1121.61
181.9 159.044  1122.24
182 159.132  1122.86
182.1 159.221  1123.48
182.2 159.31  1124.11
182.3 159.399  1124.73
182.4 159.487  1125.35
182.5 159.576  1125.98
182.6 159.665  1126.6
182.7 159.753  1127.22
182.8 159.842  1127.85
182.9 159.931  1128.47
183 160.019  1129.09
183.1 160.108  1129.72
183.2 160.197  1130.34
183.3 160.286  1130.96
183.4 160.374  1131.59
183.5 160.463  1132.21
183.6 160.552  1132.83
183.7 160.64  1133.46
183.8 160.729  1134.08
183.9 160.818  1134.7
184 160.907  1135.33
184.1 160.995  1135.95
184.2 161.084  1136.57
184.3 161.173  1137.2
184.4 161.261  1137.82
184.5 161.35  1138.44
184.6 161.439  1139.07
184.7 161.527  1139.69
184.8 161.616  1140.31
184.9 161.705  1140.93
185 161.794  1141.56
185.1 161.882  1142.18
185.2 161.971  1142.8
185.3 162.06  1143.43
185.4 162.148  1144.05
185.5 162.237  1144.67
185.6 162.326  1145.3
185.7 162.415  1145.92
185.8 162.503  1146.54
185.9 162.592  1147.17
186 162.681  1147.79
186.1 162.769  1148.41
186.2 162.858  1149.04
186.3 162.947  1149.66
186.4 163.035  1150.28
186.5 163.124  1150.91
186.6 163.213  1151.53
186.7 163.302  1152.15
186.8 163.39  1152.78
186.9 163.479  1153.4
187 163.568  1154.02
187.1 163.656  1154.65
187.2 163.745  1155.27
187.3 163.834  1155.89
187.4 163.922  1156.52
187.5 164.011  1157.14
187.6 164.1  1157.76
187.7 164.189  1158.39
187.8 164.277  1159.01
187.9 164.366  1159.63
188 164.455  1160.26
188.1 164.543  1160.88
188.2 164.632  1161.5
188.3 164.721  1162.13
188.4 164.81  1162.75
188.5 164.898  1163.37
188.6 164.987  1164
188.7 165.076  1164.62
188.8 165.164  1165.24
188.9 165.253  1165.87
189 165.342  1166.49
189.1 165.43  1167.11
189.2 165.519  1167.74
189.3 165.608  1168.36
189.4 165.697  1168.98
189.5 165.785  1169.61
189.6 165.874  1170.23
189.7 165.963  1170.85
189.8 166.051  1171.48
189.9 166.14  1172.1
190 166.229  1172.72
190.1 166.318  1173.35
190.2 166.406  1173.97
190.3 166.495  1174.59
190.4 166.584  1175.22
190.5 166.672  1175.84
190.6 166.761  1176.46
190.7 166.85  1177.09
190.8 166.938  1177.71
190.9 167.027  1178.33
191 167.116  1178.96
191.1 167.205  1179.58
191.2 167.293  1180.2
191.3 167.382  1180.83
191.4 167.471  1181.45
191.5 167.559  1182.07
191.6 167.648  1182.7
191.7 167.737  1183.32
191.8 167.826  1183.94
191.9 167.914  1184.57
192 168.003  1185.19
192.1 168.092  1185.81
192.2 168.18  1186.43
192.3 168.269  1187.06
192.4 168.358  1187.68
192.5 168.446  1188.3
192.6 168.535  1188.93
192.7 168.624  1189.55
192.8 168.713  1190.17
192.9 168.801  1190.8
193 168.89  1191.42
193.1 168.979  1192.04
193.2 169.067  1192.67
193.3 169.156  1193.29
193.4 169.245  1193.91
193.5 169.333  1194.54
193.6 169.422  1195.16
193.7 169.511  1195.78
193.8 169.6  1196.41
193.9 169.688  1197.03
194 169.777  1197.65
194.1 169.866  1198.28
194.2 169.954  1198.9
194.3 170.043  1199.52
194.4 170.132  1200.15
194.5 170.221  1200.77
194.6 170.309  1201.39
194.7 170.398  1202.02
194.8 170.487  1202.64
194.9 170.575  1203.26
195 170.664  1203.89
195.1 170.753  1204.51
195.2 170.841  1205.13
195.3 170.93  1205.76
195.4 171.019  1206.38
195.5 171.108  1207
195.6 171.196  1207.63
195.7 171.285  1208.25
195.8 171.374  1208.87
195.9 171.462  1209.5
196 171.551  1210.12
196.1 171.64  1210.74
196.2 171.728  1211.37
196.3 171.817  1211.99
196.4 171.906  1212.61
196.5 171.995  1213.24
196.6 172.083  1213.86
196.7 172.172  1214.48
196.8 172.261  1215.11
196.9 172.349  1215.73
197 172.438  1216.35
197.1 172.527  1216.98
197.2 172.616  1217.6
197.3 172.704  1218.22
197.4 172.793  1218.85
197.5 172.882  1219.47
197.6 172.97  1220.09
197.7 173.059  1220.72
197.8 173.148  1221.34
197.9 173.236  1221.96
198 173.325  1222.59
198.1 173.414  1223.21
198.2 173.503  1223.83
198.3 173.591  1224.46
198.4 173.68  1225.08
198.5 173.769  1225.7
198.6 173.857  1226.33
198.7 173.946  1226.95
198.8 174.035  1227.57
198.9 174.124  1228.19
199 174.212  1228.82
199.1 174.301  1229.44
199.2 174.39  1230.06
199.3 174.478  1230.69
199.4 174.567  1231.31
199.5 174.656  1231.93
199.6 174.744  1232.56
199.7 174.833  1233.18
199.8 174.922  1233.8
199.9 175.011  1234.43
200 175.099  1235.05
200.1 175.188  1235.67
200.2 175.277  1236.3
200.3 175.365  1236.92
200.4 175.454  1237.54
200.5 175.543  1238.17
200.6 175.631  1238.79
200.7 175.72  1239.41
200.8 175.809  1240.04
200.9 175.898  1240.66
201 175.986  1241.28
201.1 176.075  1241.91
201.2 176.164  1242.53
201.3 176.252  1243.15
201.4 176.341  1243.78
201.5 176.43  1244.4
201.6 176.519  1245.02
201.7 176.607  1245.65
201.8 176.696  1246.27
201.9 176.785  1246.89
202 176.873  1247.52
202.1 176.962  1248.14
202.2 177.051  1248.76
202.3 177.139  1249.39
202.4 177.228  1250.01
202.5 177.317  1250.63
202.6 177.406  1251.26
202.7 177.494  1251.88
202.8 177.583  1252.5
202.9 177.672  1253.13
203 177.76  1253.75
203.1 177.849  1254.37
203.2 177.938  1255
203.3 178.026  1255.62
203.4 178.115  1256.24
203.5 178.204  1256.87
203.6 178.293  1257.49
203.7 178.381  1258.11
203.8 178.47  1258.74
203.9 178.559  1259.36
204 178.647  1259.98
204.1 178.736  1260.61
204.2 178.825  1261.23
204.3 178.914  1261.85
204.4 179.002  1262.48
204.5 179.091  1263.1
204.6 179.18  1263.72
204.7 179.268  1264.35
204.8 179.357  1264.97
204.9 179.446  1265.59
205 179.534  1266.22
205.1 179.623  1266.84
205.2 179.712  1267.46
205.3 179.801  1268.09
205.4 179.889  1268.71
205.5 179.978  1269.33
205.6 180.067  1269.95
205.7 180.155  1270.58
205.8 180.244  1271.2
205.9 180.333  1271.82
206 180.421  1272.45
206.1 180.51  1273.07
206.2 180.599  1273.69
206.3 180.688  1274.32
206.4 180.776  1274.94
206.5 180.865  1275.56
206.6 180.954  1276.19
206.7 181.042  1276.81
206.8 181.131  1277.43
206.9 181.22  1278.06
207 181.309  1278.68
207.1 181.397  1279.3
207.2 181.486  1279.93
207.3 181.575  1280.55
207.4 181.663  1281.17
207.5 181.752  1281.8
207.6 181.841  1282.42
207.7 181.929  1283.04
207.8 182.018  1283.67
207.9 182.107  1284.29
208 182.196  1284.91
208.1 182.284  1285.54
208.2 182.373  1286.16
208.3 182.462  1286.78
208.4 182.55  1287.41
208.5 182.639  1288.03
208.6 182.728  1288.65
208.7 182.816  1289.28
208.8 182.905  1289.9
208.9 182.994  1290.52
209 183.083  1291.15
209.1 183.171  1291.77
209.2 183.26  1292.39
209.3 183.349  1293.02
209.4 183.437  1293.64
209.5 183.526  1294.26
209.6 183.615  1294.89
209.7 183.703  1295.51
209.8 183.792  1296.13
209.9 183.881  1296.76
210 183.97  1297.38
210.1 184.058  1298
210.2 184.147  1298.63
210.3 184.236  1299.25
210.4 184.324  1299.87
210.5 184.413  1300.5
210.6 184.502  1301.12
210.7 184.591  1301.74
210.8 184.679  1302.37
210.9 184.768  1302.99
211 184.857  1303.61
211.1 184.945  1304.24
211.2 185.034  1304.86
211.3 185.123  1305.48
211.4 185.211  1306.11
211.5 185.3  1306.73
211.6 185.389  1307.35
211.7 185.478  1307.98
211.8 185.566  1308.6
211.9 185.655  1309.22
212 185.744  1309.85
212.1 185.832  1310.47
212.2 185.921  1311.09
212.3 186.01  1311.71
212.4 186.098  1312.34
212.5 186.187  1312.96
212.6 186.276  1313.58
212.7 186.365  1314.21
212.8 186.453  1314.83
212.9 186.542  1315.45
213 186.631  1316.08
213.1 186.719  1316.7
213.2 186.808  1317.32
213.3 186.897  1317.95
213.4 186.986  1318.57
213.5 187.074  1319.19
213.6 187.163  1319.82
213.7 187.252  1320.44
213.8 187.34  1321.06
213.9 187.429  1321.69
214 187.518  1322.31
214.1 187.606  1322.93
214.2 187.695  1323.56
214.3 187.784  1324.18
214.4 187.873  1324.8
214.5 187.961  1325.43
214.6 188.05  1326.05
214.7 188.139  1326.67
214.8 188.227  1327.3
214.9 188.316  1327.92
215 188.405  1328.54
215.1 188.493  1329.17
215.2 188.582  1329.79
215.3 188.671  1330.41
215.4 188.76  1331.04
215.5 188.848  1331.66
215.6 188.937  1332.28
215.7 189.026  1332.91
215.8 189.114  1333.53
215.9 189.203  1334.15
216 189.292  1334.78
216.1 189.38  1335.4
216.2 189.469  1336.02
216.3 189.558  1336.65
216.4 189.647  1337.27
216.5 189.735  1337.89
216.6 189.824  1338.52
216.7 189.913  1339.14
216.8 190.001  1339.76
216.9 190.09  1340.39
217 190.179  1341.01
217.1 190.268  1341.63
217.2 190.356  1342.26
217.3 190.445  1342.88
217.4 190.534  1343.5
217.5 190.622  1344.13
217.6 190.711  1344.75
217.7 190.8  1345.37
217.8 190.888  1346
217.9 190.977  1346.62
218 191.066  1347.24
218.1 191.155  1347.87
218.2 191.243  1348.49
218.3 191.332  1349.11
218.4 191.421  1349.73
218.5 191.509  1350.36
218.6 191.598  1350.98
218.7 191.687  1351.6
218.8 191.775  1352.23
218.9 191.864  1352.85
219 191.953  1353.47
219.1 192.042  1354.1
219.2 192.13  1354.72
219.3 192.219  1355.34
219.4 192.308  1355.97
219.5 192.396  1356.59
219.6 192.485  1357.21
219.7 192.574  1357.84
219.8 192.662  1358.46
219.9 192.751  1359.08
220 192.84  1359.71
220.1 192.929  1360.33
220.2 193.017  1360.95
220.3 193.106  1361.58
220.4 193.195  1362.2
220.5 193.283  1362.82
220.6 193.372  1363.45
220.7 193.461  1364.07
220.8 193.55  1364.69
220.9 193.638  1365.32
221 193.727  1365.94
221.1 193.816  1366.56
221.2 193.904  1367.19
221.3 193.993  1367.81
221.4 194.082  1368.43
221.5 194.17  1369.06
221.6 194.259  1369.68
221.7 194.348  1370.3
221.8 194.437  1370.93
221.9 194.525  1371.55
222 194.614  1372.17
222.1 194.703  1372.8
222.2 194.791  1373.42
222.3 194.88  1374.04
222.4 194.969  1374.67
222.5 195.057  1375.29
222.6 195.146  1375.91
222.7 195.235  1376.54
222.8 195.324  1377.16
222.9 195.412  1377.78
223 195.501  1378.41
223.1 195.59  1379.03
223.2 195.678  1379.65
223.3 195.767  1380.28
223.4 195.856  1380.9
223.5 195.944  1381.52
223.6 196.033  1382.15
223.7 196.122  1382.77
223.8 196.211  1383.39
223.9 196.299  1384.02
224 196.388  1384.64
224.1 196.477  1385.26
224.2 196.565  1385.89
224.3 196.654  1386.51
224.4 196.743  1387.13
224.5 196.831  1387.75
224.6 196.92  1388.38
224.7 197.009  1389
224.8 197.098  1389.62
224.9 197.186  1390.25
225 197.275  1390.87
225.1 197.364  1391.49
225.2 197.452  1392.12
225.3 197.541  1392.74
225.4 197.63  1393.36
225.5 197.719  1393.99
225.6 197.807  1394.61
225.7 197.896  1395.23
225.8 197.985  1395.86
225.9 198.073  1396.48
226 198.162  1397.1
226.1 198.251  1397.73
226.2 198.339  1398.35
226.3 198.428  1398.97
226.4 198.517  1399.6
226.5 198.606  1400.22
226.6 198.694  1400.84
226.7 198.783  1401.47
226.8 198.872  1402.09
226.9 198.96  1402.71
227 199.049  1403.34
227.1 199.138  1403.96
227.2 199.226  1404.58
227.3 199.315  1405.21
227.4 199.404  1405.83
227.5 199.493  1406.45
227.6 199.581  1407.08
227.7 199.67  1407.7
227.8 199.759  1408.32
227.9 199.847  1408.95
228 199.936  1409.57
228.1 200.025  1410.19
228.2 200.113  1410.82
228.3 200.202  1411.44
228.4 200.291  1412.06
228.5 200.38  1412.69
228.6 200.468  1413.31
228.7 200.557  1413.93
228.8 200.646  1414.56
228.9 200.734  1415.18
229 200.823  1415.8
229.1 200.912  1416.43
229.2 201  1417.05
229.3 201.089  1417.67
229.4 201.178  1418.3
229.5 201.267  1418.92
229.6 201.355  1419.54
229.7 201.444  1420.17
229.8 201.533  1420.79
229.9 201.621  1421.41
230 201.71  1422.04
230.1 201.799  1422.66
230.2 201.888  1423.28
230.3 201.976  1423.91
230.4 202.065  1424.53
230.5 202.154  1425.15
230.6 202.242  1425.77
230.7 202.331  1426.4
230.8 202.42  1427.02
230.9 202.508  1427.64
231 202.597  1428.27
231.1 202.686  1428.89
231.2 202.775  1429.51
231.3 202.863  1430.14
231.4 202.952  1430.76
231.5 203.041  1431.38
231.6 203.129  1432.01
231.7 203.218  1432.63
231.8 203.307  1433.25
231.9 203.395  1433.88
232 203.484  1434.5
232.1 203.573  1435.12
232.2 203.662  1435.75
232.3 203.75  1436.37
232.4 203.839  1436.99
232.5 203.928  1437.62
232.6 204.016  1438.24
232.7 204.105  1438.86
232.8 204.194  1439.49
232.9 204.282  1440.11
233 204.371  1440.73
233.1 204.46  1441.36
233.2 204.549  1441.98
233.3 204.637  1442.6
233.4 204.726  1443.23
233.5 204.815  1443.85
233.6 204.903  1444.47
233.7 204.992  1445.1
233.8 205.081  1445.72
233.9 205.169  1446.34
234 205.258  1446.97
234.1 205.347  1447.59
234.2 205.436  1448.21
234.3 205.524  1448.84
234.4 205.613  1449.46
234.5 205.702  1450.08
234.6 205.79  1450.71
234.7 205.879  1451.33
234.8 205.968  1451.95
234.9 206.056  1452.58
235 206.145  1453.2
235.1 206.234  1453.82
235.2 206.323  1454.45
235.3 206.411  1455.07
235.4 206.5  1455.69
235.5 206.589  1456.32
235.6 206.677  1456.94
235.7 206.766  1457.56
235.8 206.855  1458.19
235.9 206.944  1458.81
236 207.032  1459.43
236.1 207.121  1460.06
236.2 207.21  1460.68
236.3 207.298  1461.3
236.4 207.387  1461.92
236.5 207.476  1462.55
236.6 207.564  1463.17
236.7 207.653  1463.79
236.8 207.742  1464.42
236.9 207.831  1465.04
237 207.919  1465.66
237.1 208.008  1466.29
237.2 208.097  1466.91
237.3 208.185  1467.53
237.4 208.274  1468.16
237.5 208.363  1468.78
237.6 208.451  1469.4
237.7 208.54  1470.03
237.8 208.629  1470.65
237.9 208.718  1471.27
238 208.806  1471.9
238.1 208.895  1472.52
238.2 208.984  1473.14
238.3 209.072  1473.77
238.4 209.161  1474.39
238.5 209.25  1475.01
238.6 209.338  1475.64
238.7 209.427  1476.26
238.8 209.516  1476.88
238.9 209.605  1477.51
239 209.693  1478.13
239.1 209.782  1478.75
239.2 209.871  1479.38
239.3 209.959  1480
239.4 210.048  1480.62
239.5 210.137  1481.25
239.6 210.225  1481.87
239.7 210.314  1482.49
239.8 210.403  1483.12
239.9 210.492  1483.74
240 210.58  1484.36
240.1 210.669  1484.99
240.2 210.758  1485.61
240.3 210.846  1486.23
240.4 210.935  1486.86
240.5 211.024  1487.48
240.6 211.112  1488.1
240.7 211.201  1488.73
240.8 211.29  1489.35
240.9 211.379  1489.97
241 211.467  1490.6
241.1 211.556  1491.22
241.2 211.645  1491.84
241.3 211.733  1492.47
241.4 211.822  1493.09
241.5 211.911  1493.71
241.6 211.999  1494.34
241.7 212.088  1494.96
241.8 212.177  1495.58
241.9 212.266  1496.21
242 212.354  1496.83
242.1 212.443  1497.45
242.2 212.532  1498.07
242.3 212.62  1498.7
242.4 212.709  1499.32
242.5 212.798  1499.94
242.6 212.887  1500.57
242.7 212.975  1501.19
242.8 213.064  1501.81
242.9 213.153  1502.44
243 213.241  1503.06
243.1 213.33  1503.68
243.2 213.419  1504.31
243.3 213.507  1504.93
243.4 213.596  1505.55
243.5 213.685  1506.18
243.6 213.774  1506.8
243.7 213.862  1507.42
243.8 213.951  1508.05
243.9 214.04  1508.67
244 214.128  1509.29
244.1 214.217  1509.92
244.2 214.306  1510.54
244.3 214.394  1511.16
244.4 214.483  1511.79
244.5 214.572  1512.41
244.6 214.661  1513.03
244.7 214.749  1513.66
244.8 214.838  1514.28
244.9 214.927  1514.9
245 215.015  1515.53
245.1 215.104  1516.15
245.2 215.193  1516.77
245.3 215.281  1517.4
245.4 215.37  1518.02
245.5 215.459  1518.64
245.6 215.548  1519.27
245.7 215.636  1519.89
245.8 215.725  1520.51
245.9 215.814  1521.14
246 215.902  1521.76
246.1 215.991  1522.38
246.2 216.08  1523.01
246.3 216.168  1523.63
246.4 216.257  1524.25
246.5 216.346  1524.88
246.6 216.435  1525.5
246.7 216.523  1526.12
246.8 216.612  1526.75
246.9 216.701  1527.37
247 216.789  1527.99
247.1 216.878  1528.62
247.2 216.967  1529.24
247.3 217.055  1529.86
247.4 217.144  1530.49
247.5 217.233  1531.11
247.6 217.322  1531.73
247.7 217.41  1532.36
247.8 217.499  1532.98
247.9 217.588  1533.6
248 217.676  1534.22
248.1 217.765  1534.85
248.2 217.854  1535.47
248.3 217.942  1536.09
248.4 218.031  1536.72
248.5 218.12  1537.34
248.6 218.209  1537.96
248.7 218.297  1538.59
248.8 218.386  1539.21
248.9 218.475  1539.83
249 218.563  1540.46
249.1 218.652  1541.08
249.2 218.741  1541.7
249.3 218.829  1542.33
249.4 218.918  1542.95
249.5 219.007  1543.57
249.6 219.096  1544.2
249.7 219.184  1544.82
249.8 219.273  1545.44
249.9 219.362  1546.07
250 219.45  1546.69
250.1 219.539  1547.31
250.2 219.628  1547.94
250.3 219.716  1548.56
250.4 219.805  1549.18
250.5 219.894  1549.81
250.6 219.983  1550.43
250.7 220.071  1551.05
250.8 220.16  1551.68
250.9 220.249  1552.3
251 220.337  1552.92
251.1 220.426  1553.55
251.2 220.515  1554.17
251.3 220.603  1554.79
251.4 220.692  1555.42
251.5 220.781  1556.04
251.6 220.87  1556.66
251.7 220.958  1557.29
251.8 221.047  1557.91
251.9 221.136  1558.53
252 221.224  1559.16
252.1 221.313  1559.78
252.2 221.402  1560.4
252.3 221.491  1561.03
252.4 221.579  1561.65
252.5 221.668  1562.27
252.6 221.757  1562.9
252.7 221.845  1563.52
252.8 221.934  1564.14
252.9 222.023  1564.77
253 222.111  1565.39
253.1 222.2  1566.01
253.2 222.289  1566.64
253.3 222.378  1567.26
253.4 222.466  1567.88
253.5 222.555  1568.5
253.6 222.644  1569.13
253.7 222.732  1569.75
253.8 222.821  1570.37
253.9 222.91  1571
254 222.998  1571.62
254.1 223.087  1572.24
254.2 223.176  1572.87
254.3 223.265  1573.49
254.4 223.353  1574.11
254.5 223.442  1574.74
254.6 223.531  1575.36
254.7 223.619  1575.98
254.8 223.708  1576.61
254.9 223.797  1577.23
255 223.885  1577.85
255.1 223.974  1578.48
255.2 224.063  1579.1
255.3 224.152  1579.72
255.4 224.24  1580.35
255.5 224.329  1580.97
255.6 224.418  1581.59
255.7 224.506  1582.22
255.8 224.595  1582.84
255.9 224.684  1583.46
256 224.772  1584.09
256.1 224.861  1584.71
256.2 224.95  1585.33
256.3 225.039  1585.96
256.4 225.127  1586.58
256.5 225.216  1587.2
256.6 225.305  1587.83
256.7 225.393  1588.45
256.8 225.482  1589.07
256.9 225.571  1589.7
257 225.659  1590.32
257.1 225.748  1590.94
257.2 225.837  1591.57
257.3 225.926  1592.19
257.4 226.014  1592.81
257.5 226.103  1593.44
257.6 226.192  1594.06
257.7 226.28  1594.68
257.8 226.369  1595.31
257.9 226.458  1595.93
258 226.546  1596.55
258.1 226.635  1597.18
258.2 226.724  1597.8
258.3 226.813  1598.42
258.4 226.901  1599.05
258.5 226.99  1599.67
258.6 227.079  1600.29
258.7 227.167  1600.92
258.8 227.256  1601.54
258.9 227.345  1602.16
259 227.433  1602.78
259.1 227.522  1603.41
259.2 227.611  1604.03
259.3 227.7  1604.65
259.4 227.788  1605.28
259.5 227.877  1605.9
259.6 227.966  1606.52
259.7 228.054  1607.15
259.8 228.143  1607.77
259.9 228.232  1608.39
260 228.32  1609.02
260.1 228.409  1609.64
260.2 228.498  1610.26
260.3 228.587  1610.89
260.4 228.675  1611.51
260.5 228.764  1612.13
260.6 228.853  1612.76
260.7 228.941  1613.38
260.8 229.03  1614
260.9 229.119  1614.63
261 229.207  1615.25
261.1 229.296  1615.87
261.2 229.385  1616.5
261.3 229.474  1617.12
261.4 229.562  1617.74
261.5 229.651  1618.37
261.6 229.74  1618.99
261.7 229.828  1619.61
261.8 229.917  1620.24
261.9 230.006  1620.86
262 230.094  1621.48
262.1 230.183  1622.11
262.2 230.272  1622.73
262.3 230.361  1623.35
262.4 230.449  1623.98
262.5 230.538  1624.6
262.6 230.627  1625.22
262.7 230.715  1625.85
262.8 230.804  1626.47
262.9 230.893  1627.09
263 230.981  1627.72
263.1 231.07  1628.34
263.2 231.159  1628.96
263.3 231.248  1629.59
263.4 231.336  1630.21
263.5 231.425  1630.83
263.6 231.514  1631.46
263.7 231.602  1632.08
263.8 231.691  1632.7
263.9 231.78  1633.33
264 231.868  1633.95
264.1 231.957  1634.57
264.2 232.046  1635.2
264.3 232.135  1635.82
264.4 232.223  1636.44
264.5 232.312  1637.06
264.6 232.401  1637.69
264.7 232.489  1638.31
264.8 232.578  1638.93
264.9 232.667  1639.56
265 232.755  1640.18
265.1 232.844  1640.8
265.2 232.933  1641.43
265.3 233.022  1642.05
265.4 233.11  1642.67
265.5 233.199  1643.3
265.6 233.288  1643.92
265.7 233.376  1644.54
265.8 233.465  1645.17
265.9 233.554  1645.79
266 233.642  1646.41
266.1 233.731  1647.04
266.2 233.82  1647.66
266.3 233.909  1648.28
266.4 233.997  1648.91
266.5 234.086  1649.53
266.6 234.175  1650.15
266.7 234.263  1650.78
266.8 234.352  1651.4
266.9 234.441  1652.02
267 234.529  1652.65
267.1 234.618  1653.27
267.2 234.707  1653.89
267.3 234.796  1654.52
267.4 234.884  1655.14
267.5 234.973  1655.76
267.6 235.062  1656.39
267.7 235.15  1657.01
267.8 235.239  1657.63
267.9 235.328  1658.26
268 235.416  1658.88
268.1 235.505  1659.5
268.2 235.594  1660.13
268.3 235.683  1660.75
268.4 235.771  1661.37
268.5 235.86  1662
268.6 235.949  1662.62
268.7 236.037  1663.24
268.8 236.126  1663.87
268.9 236.215  1664.49
269 236.303  1665.11
269.1 236.392  1665.74
269.2 236.481  1666.36
269.3 236.57  1666.98
269.4 236.658  1667.61
269.5 236.747  1668.23
269.6 236.836  1668.85
269.7 236.924  1669.47
269.8 237.013  1670.1
269.9 237.102  1670.72
270 237.19  1671.34
270.1 237.279  1671.97
270.2 237.368  1672.59
270.3 237.457  1673.21
270.4 237.545  1673.84
270.5 237.634  1674.46
270.6 237.723  1675.08
270.7 237.811  1675.71
270.8 237.9  1676.33
270.9 237.989  1676.95
271 238.077  1677.58
271.1 238.166  1678.2
271.2 238.255  1678.82
271.3 238.344  1679.45
271.4 238.432  1680.07
271.5 238.521  1680.69
271.6 238.61  1681.32
271.7 238.698  1681.94
271.8 238.787  1682.56
271.9 238.876  1683.19
272 238.964  1683.81
272.1 239.053  1684.43
272.2 239.142  1685.06
272.3 239.231  1685.68
272.4 239.319  1686.3
272.5 239.408  1686.93
272.6 239.497  1687.55
272.7 239.585  1688.17
272.8 239.674  1688.8
272.9 239.763  1689.42
273 239.851  1690.04
273.1 239.94  1690.67
273.2 240.029  1691.29
273.3 240.118  1691.91
273.4 240.206  1692.54
273.5 240.295  1693.16
273.6 240.384  1693.78
273.7 240.472  1694.41
273.8 240.561  1695.03
273.9 240.65  1695.65
274 240.738  1696.28
274.1 240.827  1696.9
274.2 240.916  1697.52
274.3 241.005  1698.15
274.4 241.093  1698.77
274.5 241.182  1699.39
274.6 241.271  1700.02
274.7 241.359  1700.64
274.8 241.448  1701.26
274.9 241.537  1701.88
275 241.625  1702.51
275.1 241.714  1703.13
275.2 241.803  1703.75
275.3 241.892  1704.38
275.4 241.98  1705
275.5 242.069  1705.62
275.6 242.158  1706.25
275.7 242.246  1706.87
275.8 242.335  1707.49
275.9 242.424  1708.12
276 242.512  1708.74
276.1 242.601  1709.36
276.2 242.69  1709.99
276.3 242.779  1710.61
276.4 242.867  1711.23
276.5 242.956  1711.86
276.6 243.045  1712.48
276.7 243.133  1713.1
276.8 243.222  1713.73
276.9 243.311  1714.35
277 243.399  1714.97
277.1 243.488  1715.6
277.2 243.577  1716.22
277.3 243.666  1716.84
277.4 243.754  1717.47
277.5 243.843  1718.09
277.6 243.932  1718.71
277.7 244.02  1719.34
277.8 244.109  1719.96
277.9 244.198  1720.58
278 244.286  1721.21
278.1 244.375  1721.83
278.2 244.464  1722.45
278.3 244.553  1723.08
278.4 244.641  1723.7
278.5 244.73  1724.32
278.6 244.819  1724.95
278.7 244.907  1725.57
278.8 244.996  1726.19
278.9 245.085  1726.82
279 245.173  1727.44
279.1 245.262  1728.06
279.2 245.351  1728.69
279.3 245.44  1729.31
279.4 245.528  1729.93
279.5 245.617  1730.56
279.6 245.706  1731.18
279.7 245.794  1731.8
279.8 245.883  1732.43
279.9 245.972  1733.05
280 246.06  1733.67
280.1 246.149  1734.3
280.2 246.238  1734.92
280.3 246.327  1735.54
280.4 246.415  1736.16
280.5 246.504  1736.79
280.6 246.593  1737.41
280.7 246.681  1738.03
280.8 246.77  1738.66
280.9 246.859  1739.28
281 246.947  1739.9
281.1 247.036  1740.53
281.2 247.125  1741.15
281.3 247.214  1741.77
281.4 247.302  1742.4
281.5 247.391  1743.02
281.6 247.48  1743.64
281.7 247.568  1744.27
281.8 247.657  1744.89
281.9 247.746  1745.51
282 247.834  1746.14
282.1 247.923  1746.76
282.2 248.012  1747.38
282.3 248.101  1748.01
282.4 248.189  1748.63
282.5 248.278  1749.25
282.6 248.367  1749.88
282.7 248.455  1750.5
282.8 248.544  1751.12
282.9 248.633  1751.75
283 248.721  1752.37
283.1 248.81  1752.99
283.2 248.899  1753.62
283.3 248.988  1754.24
283.4 249.076  1754.86
283.5 249.165  1755.49
283.6 249.254  1756.11
283.7 249.342  1756.73
283.8 249.431  1757.36
283.9 249.52  1757.98
284 249.608  1758.6
284.1 249.697  1759.23
284.2 249.786  1759.85
284.3 249.875  1760.47
284.4 249.963  1761.1
284.5 250.052  1761.72
284.6 250.141  1762.34
284.7 250.229  1762.97
284.8 250.318  1763.59
284.9 250.407  1764.21
285 250.495  1764.84
285.1 250.584  1765.46
285.2 250.673  1766.08
285.3 250.762  1766.7
285.4 250.85  1767.33
285.5 250.939  1767.95
285.6 251.028  1768.57
285.7 251.116  1769.2
285.8 251.205  1769.82
285.9 251.294  1770.44
286 251.382  1771.07
286.1 251.471  1771.69
286.2 251.56  1772.31
286.3 251.649  1772.94
286.4 251.737  1773.56
286.5 251.826  1774.18
286.6 251.915  1774.81
286.7 252.003  1775.43
286.8 252.092  1776.05
286.9 252.181  1776.68
287 252.269  1777.3
287.1 252.358  1777.92
287.2 252.447  1778.55
287.3 252.536  1779.17
287.4 252.624  1779.79
287.5 252.713  1780.42
287.6 252.802  1781.04
287.7 252.89  1781.66
287.8 252.979  1782.29
287.9 253.068  1782.91
288 253.156  1783.53
288.1 253.245  1784.16
288.2 253.334  1784.78
288.3 253.423  1785.4
288.4 253.511  1786.03
288.5 253.6  1786.65
288.6 253.689  1787.27
288.7 253.777  1787.9
288.8 253.866  1788.52
288.9 253.955  1789.14
289 254.043  1789.77
289.1 254.132  1790.39
289.2 254.221  1791.01
289.3 254.309  1791.64
289.4 254.398  1792.26
289.5 254.487  1792.88
289.6 254.576  1793.51
289.7 254.664  1794.13
289.8 254.753  1794.75
289.9 254.842  1795.38
290 254.93  1796
290.1 255.019  1796.62
290.2 255.108  1797.25
290.3 255.196  1797.87
290.4 255.285  1798.49
290.5 255.374  1799.11
290.6 255.463  1799.74
290.7 255.551  1800.36
290.8 255.64  1800.98
290.9 255.729  1801.61
291 255.817  1802.23
291.1 255.906  1802.85
291.2 255.995  1803.48
291.3 256.083  1804.1
291.4 256.172  1804.72
291.5 256.261  1805.35
291.6 256.35  1805.97
291.7 256.438  1806.59
291.8 256.527  1807.22
291.9 256.616  1807.84
292 256.704  1808.46
292.1 256.793  1809.09
292.2 256.882  1809.71
292.3 256.97  1810.33
292.4 257.059  1810.96
292.5 257.148  1811.58
292.6 257.237  1812.2
292.7 257.325  1812.83
292.8 257.414  1813.45
292.9 257.503  1814.07
293 257.591  1814.7
293.1 257.68  1815.32
293.2 257.769  1815.94
293.3 257.857  1816.57
293.4 257.946  1817.19
293.5 258.035  1817.81
293.6 258.124  1818.44
293.7 258.212  1819.06
293.8 258.301  1819.68
293.9 258.39  1820.31
294 258.478  1820.93
294.1 258.567  1821.55
294.2 258.656  1822.18
294.3 258.744  1822.8
294.4 258.833  1823.42
294.5 258.922  1824.05
294.6 259.011  1824.67
294.7 259.099  1825.29
294.8 259.188  1825.92
294.9 259.277  1826.54
295 259.365  1827.16
295.1 259.454  1827.79
295.2 259.543  1828.41
295.3 259.631  1829.03
295.4 259.72  1829.66
295.5 259.809  1830.28
295.6 259.898  1830.9
295.7 259.986  1831.52
295.8 260.075  1832.15
295.9 260.164  1832.77
296 260.252  1833.39
296.1 260.341  1834.02
296.2 260.43  1834.64
296.3 260.518  1835.26
296.4 260.607  1835.89
296.5 260.696  1836.51
296.6 260.785  1837.13
296.7 260.873  1837.76
296.8 260.962  1838.38
296.9 261.051  1839
297 261.139  1839.63
297.1 261.228  1840.25
297.2 261.317  1840.87
297.3 261.405  1841.5
297.4 261.494  1842.12
297.5 261.583  1842.74
297.6 261.672  1843.37
297.7 261.76  1843.99
297.8 261.849  1844.61
297.9 261.938  1845.24
298 262.026  1845.86
298.1 262.115  1846.48
298.2 262.204  1847.11
298.3 262.292  1847.73
298.4 262.381  1848.35
298.5 262.47  1848.98
298.6 262.559  1849.6
298.7 262.647  1850.22
298.8 262.736  1850.85
298.9 262.825  1851.47
299 262.913  1852.09
299.1 263.002  1852.72
299.2 263.091  1853.34
299.3 263.179  1853.96
299.4 263.268  1854.59
299.5 263.357  1855.21
299.6 263.446  1855.83
299.7 263.534  1856.46
299.8 263.623  1857.08
299.9 263.712  1857.7
300 263.8  1858.33
300.1 263.889  1858.95
300.2 263.978  1859.57
300.3 264.066  1860.2
300.4 264.155  1860.82
300.5 264.244  1861.44
300.6 264.332  1862.06
300.7 264.421  1862.69
300.8 264.51  1863.31
300.9 264.599  1863.93
301 264.687  1864.56
301.1 264.776  1865.18
301.2 264.865  1865.8
301.3 264.953  1866.43
301.4 265.042  1867.05
301.5 265.131  1867.67
301.6 265.219  1868.3
301.7 265.308  1868.92
301.8 265.397  1869.54
301.9 265.486  1870.17
302 265.574  1870.79
302.1 265.663  1871.41
302.2 265.752  1872.04
302.3 265.84  1872.66
302.4 265.929  1873.28
302.5 266.018  1873.91
302.6 266.106  1874.53
302.7 266.195  1875.15
302.8 266.284  1875.78
302.9 266.373  1876.4
303 266.461  1877.02
303.1 266.55  1877.65
303.2 266.639  1878.27
303.3 266.727  1878.89
303.4 266.816  1879.52
303.5 266.905  1880.14
303.6 266.993  1880.76
303.7 267.082  1881.39
303.8 267.171  1882.01
303.9 267.26  1882.63
304 267.348  1883.26
304.1 267.437  1883.88
304.2 267.526  1884.5
304.3 267.614  1885.13
304.4 267.703  1885.75
304.5 267.792  1886.37
304.6 267.88  1887
304.7 267.969  1887.62
304.8 268.058  1888.24
304.9 268.147  1888.87
305 268.235  1889.49
305.1 268.324  1890.11
305.2 268.413  1890.74
305.3 268.501  1891.36
305.4 268.59  1891.98
305.5 268.679  1892.61
305.6 268.767  1893.23
305.7 268.856  1893.85
305.8 268.945  1894.47
305.9 269.034  1895.1
306 269.122  1895.72
306.1 269.211  1896.34
306.2 269.3  1896.97
306.3 269.388  1897.59
306.4 269.477  1898.21
306.5 269.566  1898.84
306.6 269.654  1899.46
306.7 269.743  1900.08
306.8 269.832  1900.71
306.9 269.921  1901.33
307 270.009  1901.95
307.1 270.098  1902.58
307.2 270.187  1903.2
307.3 270.275  1903.82
307.4 270.364  1904.45
307.5 270.453  1905.07
307.6 270.541  1905.69
307.7 270.63  1906.32
307.8 270.719  1906.94
307.9 270.808  1907.56
308 270.896  1908.19
308.1 270.985  1908.81
308.2 271.074  1909.43
308.3 271.162  1910.06
308.4 271.251  1910.68
308.5 271.34  1911.3
308.6 271.428  1911.93
308.7 271.517  1912.55
308.8 271.606  1913.17
308.9 271.694  1913.8
309 271.783  1914.42
309.1 271.872  1915.04
309.2 271.961  1915.67
309.3 272.049  1916.29
309.4 272.138  1916.91
309.5 272.227  1917.54
309.6 272.315  1918.16
309.7 272.404  1918.78
309.8 272.493  1919.41
309.9 272.581  1920.03
310 272.67  1920.65
310.1 272.759  1921.28
310.2 272.848  1921.9
310.3 272.936  1922.52
310.4 273.025  1923.15
310.5 273.114  1923.77
310.6 273.202  1924.39
310.7 273.291  1925.01
310.8 273.38  1925.64
310.9 273.468  1926.26
311 273.557  1926.88
311.1 273.646  1927.51
311.2 273.735  1928.13
311.3 273.823  1928.75
311.4 273.912  1929.38
311.5 274.001  1930
311.6 274.089  1930.62
311.7 274.178  1931.25
311.8 274.267  1931.87
311.9 274.355  1932.49
312 274.444  1933.12
312.1 274.533  1933.74
312.2 274.622  1934.36
312.3 274.71  1934.99
312.4 274.799  1935.61
312.5 274.888  1936.23
312.6 274.976  1936.86
312.7 275.065  1937.48
312.8 275.154  1938.1
312.9 275.242  1938.73
313 275.331  1939.35
313.1 275.42  1939.97
313.2 275.509  1940.6
313.3 275.597  1941.22
313.4 275.686  1941.84
313.5 275.775  1942.47
313.6 275.863  1943.09
313.7 275.952  1943.71
313.8 276.041  1944.34
313.9 276.129  1944.96
314 276.218  1945.58
314.1 276.307  1946.21
314.2 276.396  1946.83
314.3 276.484  1947.45
314.4 276.573  1948.08
314.5 276.662  1948.7
314.6 276.75  1949.32
314.7 276.839  1949.95
314.8 276.928  1950.57
314.9 277.016  1951.19
315 277.105  1951.82
315.1 277.194  1952.44
315.2 277.282  1953.06
315.3 277.371  1953.69
315.4 277.46  1954.31
315.5 277.549  1954.93
315.6 277.637  1955.55
315.7 277.726  1956.18
315.8 277.815  1956.8
315.9 277.903  1957.42
316 277.992  1958.05
316.1 278.081  1958.67
316.2 278.169  1959.29
316.3 278.258  1959.92
316.4 278.347  1960.54
316.5 278.436  1961.16
316.6 278.524  1961.79
316.7 278.613  1962.41
316.8 278.702  1963.03
316.9 278.79  1963.66
317 278.879  1964.28
317.1 278.968  1964.9
317.2 279.056  1965.53
317.3 279.145  1966.15
317.4 279.234  1966.77
317.5 279.323  1967.4
317.6 279.411  1968.02
317.7 279.5  1968.64
317.8 279.589  1969.27
317.9 279.677  1969.89
318 279.766  1970.51
318.1 279.855  1971.14
318.2 279.943  1971.76
318.3 280.032  1972.38
318.4 280.121  1973.01
318.5 280.21  1973.63
318.6 280.298  1974.25
318.7 280.387  1974.88
318.8 280.476  1975.5
318.9 280.564  1976.12
319 280.653  1976.75
319.1 280.742  1977.37
319.2 280.83  1977.99
319.3 280.919  1978.62
319.4 281.008  1979.24
319.5 281.097  1979.86
319.6 281.185  1980.49
319.7 281.274  1981.11
319.8 281.363  1981.73
319.9 281.451  1982.36
320 281.54  1982.98
320.1 281.629  1983.6
320.2 281.717  1984.23
320.3 281.806  1984.85
320.4 281.895  1985.47
320.5 281.984  1986.09
320.6 282.072  1986.72
320.7 282.161  1987.34
320.8 282.25  1987.96
320.9 282.338  1988.59
321 282.427  1989.21
321.1 282.516  1989.83
321.2 282.604  1990.46
321.3 282.693  1991.08
321.4 282.782  1991.7
321.5 282.87  1992.33
321.6 282.959  1992.95
321.7 283.048  1993.57
321.8 283.137  1994.2
321.9 283.225  1994.82
322 283.314  1995.44
322.1 283.403  1996.07
322.2 283.491  1996.69
322.3 283.58  1997.31
322.4 283.669  1997.94
322.5 283.757  1998.56
322.6 283.846  1999.18
322.7 283.935  1999.81
322.8 284.024  2000.43
322.9 284.112  2001.05
323 284.201  2001.68
323.1 284.29  2002.3
323.2 284.378  2002.92
323.3 284.467  2003.55
323.4 284.556  2004.17
323.5 284.644  2004.79
323.6 284.733  2005.42
323.7 284.822  2006.04
323.8 284.911  2006.66
323.9 284.999  2007.29
324 285.088  2007.91
324.1 285.177  2008.53
324.2 285.265  2009.16
324.3 285.354  2009.78
324.4 285.443  2010.4
324.5 285.531  2011.03
324.6 285.62  2011.65
324.7 285.709  2012.27
324.8 285.798  2012.9
324.9 285.886  2013.52
325 285.975  2014.14
325.1 286.064  2014.77
325.2 286.152  2015.39
325.3 286.241  2016.01
325.4 286.33  2016.63
325.5 286.418  2017.26
325.6 286.507  2017.88
325.7 286.596  2018.5
325.8 286.685  2019.13
325.9 286.773  2019.75
326 286.862  2020.37
326.1 286.951  2021
326.2 287.039  2021.62
326.3 287.128  2022.24
326.4 287.217  2022.87
326.5 287.305  2023.49
326.6 287.394  2024.11
326.7 287.483  2024.74
326.8 287.571  2025.36
326.9 287.66  2025.98
327 287.749  2026.61
327.1 287.838  2027.23
327.2 287.926  2027.85
327.3 288.015  2028.48
327.4 288.104  2029.1
327.5 288.192  2029.72
327.6 288.281  2030.35
327.7 288.37  2030.97
327.8 288.458  2031.59
327.9 288.547  2032.22
328 288.636  2032.84
328.1 288.725  2033.46
328.2 288.813  2034.09
328.3 288.902  2034.71
328.4 288.991  2035.33
328.5 289.079  2035.96
328.6 289.168  2036.58
328.7 289.257  2037.2
328.8 289.345  2037.83
328.9 289.434  2038.45
329 289.523  2039.07
329.1 289.612  2039.7
329.2 289.7  2040.32
329.3 289.789  2040.94
329.4 289.878  2041.57
329.5 289.966  2042.19
329.6 290.055  2042.81
329.7 290.144  2043.44
329.8 290.232  2044.06
329.9 290.321  2044.68
330 290.41  2045.3
330.1 290.499  2045.93
330.2 290.587  2046.55
330.3 290.676  2047.17
330.4 290.765  2047.8
330.5 290.853  2048.42
330.6 290.942  2049.04
330.7 291.031  2049.67
330.8 291.119  2050.29
330.9 291.208  2050.91
331 291.297  2051.54
331.1 291.386  2052.16
331.2 291.474  2052.78
331.3 291.563  2053.41
331.4 291.652  2054.03
331.5 291.74  2054.65
331.6 291.829  2055.28
331.7 291.918  2055.9
331.8 292.006  2056.52
331.9 292.095  2057.15
332 292.184  2057.77
332.1 292.272  2058.39
332.2 292.361  2059.02
332.3 292.45  2059.64
332.4 292.539  2060.26
332.5 292.627  2060.89
332.6 292.716  2061.51
332.7 292.805  2062.13
332.8 292.893  2062.76
332.9 292.982  2063.38
333 293.071  2064
333.1 293.159  2064.63
333.2 293.248  2065.25
333.3 293.337  2065.87
333.4 293.426  2066.5
333.5 293.514  2067.12
333.6 293.603  2067.74
333.7 293.692  2068.37
333.8 293.78  2068.99
333.9 293.869  2069.61
334 293.958  2070.24
334.1 294.046  2070.86
334.2 294.135  2071.48
334.3 294.224  2072.11
334.4 294.313  2072.73
334.5 294.401  2073.35
334.6 294.49  2073.98
334.7 294.579  2074.6
334.8 294.667  2075.22
334.9 294.756  2075.84
335 294.845  2076.47
335.1 294.933  2077.09
335.2 295.022  2077.71
335.3 295.111  2078.34
335.4 295.2  2078.96
335.5 295.288  2079.58
335.6 295.377  2080.21
335.7 295.466  2080.83
335.8 295.554  2081.45
335.9 295.643  2082.08
336 295.732  2082.7
336.1 295.82  2083.32
336.2 295.909  2083.95
336.3 295.998  2084.57
336.4 296.086  2085.19
336.5 296.175  2085.82
336.6 296.264  2086.44
336.7 296.353  2087.06
336.8 296.441  2087.69
336.9 296.53  2088.31
337 296.619  2088.93
337.1 296.707  2089.56
337.2 296.796  2090.18
337.3 296.885  2090.8
337.4 296.973  2091.43
337.5 297.062  2092.05
337.6 297.151  2092.67
337.7 297.24  2093.3
337.8 297.328  2093.92
337.9 297.417  2094.54
338 297.506  2095.17
338.1 297.594  2095.79
338.2 297.683  2096.41
338.3 297.772  2097.04
338.4 297.86  2097.66
338.5 297.949  2098.28
338.6 298.038  2098.91
338.7 298.127  2099.53
338.8 298.215  2100.15
338.9 298.304  2100.78
339 298.393  2101.4
339.1 298.481  2102.02
339.2 298.57  2102.65
339.3 298.659  2103.27
339.4 298.747  2103.89
339.5 298.836  2104.51
339.6 298.925  2105.14
339.7 299.014  2105.76
339.8 299.102  2106.38
339.9 299.191  2107.01
340 299.28  2107.63
340.1 299.368  2108.25
340.2 299.457  2108.88
340.3 299.546  2109.5
340.4 299.634  2110.12
340.5 299.723  2110.75
340.6 299.812  2111.37
340.7 299.9  2111.99
340.8 299.989  2112.62
340.9 300.078  2113.24
341 300.167  2113.86
341.1 300.255  2114.49
341.2 300.344  2115.11
341.3 300.433  2115.73
341.4 300.521  2116.36
341.5 300.61  2116.98
341.6 300.699  2117.6
341.7 300.787  2118.23
341.8 300.876  2118.85
341.9 300.965  2119.47
342 301.054  2120.1
342.1 301.142  2120.72
342.2 301.231  2121.34
342.3 301.32  2121.97
342.4 301.408  2122.59
342.5 301.497  2123.21
342.6 301.586  2123.84
342.7 301.674  2124.46
342.8 301.763  2125.08
342.9 301.852  2125.71
343 301.941  2126.33
343.1 302.029  2126.95
343.2 302.118  2127.58
343.3 302.207  2128.2
343.4 302.295  2128.82
343.5 302.384  2129.45
343.6 302.473  2130.07
343.7 302.561  2130.69
343.8 302.65  2131.32
343.9 302.739  2131.94
344 302.828  2132.56
344.1 302.916  2133.19
344.2 303.005  2133.81
344.3 303.094  2134.43
344.4 303.182  2135.05
344.5 303.271  2135.68
344.6 303.36  2136.3
344.7 303.448  2136.92
344.8 303.537  2137.55
344.9 303.626  2138.17
345 303.714  2138.79
345.1 303.803  2139.42
345.2 303.892  2140.04
345.3 303.981  2140.66
345.4 304.069  2141.29
345.5 304.158  2141.91
345.6 304.247  2142.53
345.7 304.335  2143.16
345.8 304.424  2143.78
345.9 304.513  2144.4
346 304.601  2145.03
346.1 304.69  2145.65
346.2 304.779  2146.27
346.3 304.868  2146.9
346.4 304.956  2147.52
346.5 305.045  2148.14
346.6 305.134  2148.77
346.7 305.222  2149.39
346.8 305.311  2150.01
346.9 305.4  2150.64
347 305.488  2151.26
347.1 305.577  2151.88
347.2 305.666  2152.51
347.3 305.755  2153.13
347.4 305.843  2153.75
347.5 305.932  2154.38
347.6 306.021  2155
347.7 306.109  2155.62
347.8 306.198  2156.25
347.9 306.287  2156.87
348 306.375  2157.49
348.1 306.464  2158.12
348.2 306.553  2158.74
348.3 306.642  2159.36
348.4 306.73  2159.99
348.5 306.819  2160.61
348.6 306.908  2161.23
348.7 306.996  2161.86
348.8 307.085  2162.48
348.9 307.174  2163.1
349 307.262  2163.72
349.1 307.351  2164.35
349.2 307.44  2164.97
349.3 307.528  2165.59
349.4 307.617  2166.22
349.5 307.706  2166.84
349.6 307.795  2167.46
349.7 307.883  2168.09
349.8 307.972  2168.71
349.9 308.061  2169.33
350 308.149  2169.96
350.1 308.238  2170.58
350.2 308.327  2171.2
350.3 308.415  2171.83
350.4 308.504  2172.45
350.5 308.593  2173.07
350.6 308.682  2173.7
350.7 308.77  2174.32
350.8 308.859  2174.94
350.9 308.948  2175.57
351 309.036  2176.19
351.1 309.125  2176.81
351.2 309.214  2177.44
351.3 309.302  2178.06
351.4 309.391  2178.68
351.5 309.48  2179.31
351.6 309.569  2179.93
351.7 309.657  2180.55
351.8 309.746  2181.18
351.9 309.835  2181.8
352 309.923  2182.42
352.1 310.012  2183.05
352.2 310.101  2183.67
352.3 310.189  2184.29
352.4 310.278  2184.92
352.5 310.367  2185.54
352.6 310.456  2186.16
352.7 310.544  2186.79
352.8 310.633  2187.41
352.9 310.722  2188.03
353 310.81  2188.66
353.1 310.899  2189.28
353.2 310.988  2189.9
353.3 311.076  2190.53
353.4 311.165  2191.15
353.5 311.254  2191.77
353.6 311.342  2192.39
353.7 311.431  2193.02
353.8 311.52  2193.64
353.9 311.609  2194.26
354 311.697  2194.89
354.1 311.786  2195.51
354.2 311.875  2196.13
354.3 311.963  2196.76
354.4 312.052  2197.38
354.5 312.141  2198
354.6 312.229  2198.63
354.7 312.318  2199.25
354.8 312.407  2199.87
354.9 312.496  2200.5
355 312.584  2201.12
355.1 312.673  2201.74
355.2 312.762  2202.37
355.3 312.85  2202.99
355.4 312.939  2203.61
355.5 313.028  2204.24
355.6 313.116  2204.86
355.7 313.205  2205.48
355.8 313.294  2206.11
355.9 313.383  2206.73
356 313.471  2207.35
356.1 313.56  2207.98
356.2 313.649  2208.6
356.3 313.737  2209.22
356.4 313.826  2209.85
356.5 313.915  2210.47
356.6 314.003  2211.09
356.7 314.092  2211.72
356.8 314.181  2212.34
356.9 314.269  2212.96
357 314.358  2213.59
357.1 314.447  2214.21
357.2 314.536  2214.83
357.3 314.624  2215.46
357.4 314.713  2216.08
357.5 314.802  2216.7
357.6 314.89  2217.33
357.7 314.979  2217.95
357.8 315.068  2218.57
357.9 315.156  2219.2
358 315.245  2219.82
358.1 315.334  2220.44
358.2 315.423  2221.06
358.3 315.511  2221.69
358.4 315.6  2222.31
358.5 315.689  2222.93
358.6 315.777  2223.56
358.7 315.866  2224.18
358.8 315.955  2224.8
358.9 316.043  2225.43
359 316.132  2226.05
359.1 316.221  2226.67
359.2 316.31  2227.3
359.3 316.398  2227.92
359.4 316.487  2228.54
359.5 316.576  2229.17
359.6 316.664  2229.79
359.7 316.753  2230.41
359.8 316.842  2231.04
359.9 316.93  2231.66
360 317.019  2232.28
360.1 317.108  2232.91
360.2 317.197  2233.53
360.3 317.285  2234.15
360.4 317.374  2234.78
360.5 317.463  2235.4
360.6 317.551  2236.02
360.7 317.64  2236.65
360.8 317.729  2237.27
360.9 317.817  2237.89
361 317.906  2238.52
361.1 317.995  2239.14
361.2 318.083  2239.76
361.3 318.172  2240.39
361.4 318.261  2241.01
361.5 318.35  2241.63
361.6 318.438  2242.26
361.7 318.527  2242.88
361.8 318.616  2243.5
361.9 318.704  2244.13
362 318.793  2244.75
362.1 318.882  2245.37
362.2 318.97  2246
362.3 319.059  2246.62
362.4 319.148  2247.24
362.5 319.237  2247.87
362.6 319.325  2248.49
362.7 319.414  2249.11
362.8 319.503  2249.74
362.9 319.591  2250.36
363 319.68  2250.98
363.1 319.769  2251.6
363.2 319.857  2252.23
363.3 319.946  2252.85
363.4 320.035  2253.47
363.5 320.124  2254.1
363.6 320.212  2254.72
363.7 320.301  2255.34
363.8 320.39  2255.97
363.9 320.478  2256.59
364 320.567  2257.21
364.1 320.656  2257.84
364.2 320.744  2258.46
364.3 320.833  2259.08
364.4 320.922  2259.71
364.5 321.01  2260.33
364.6 321.099  2260.95
364.7 321.188  2261.58
364.8 321.277  2262.2
364.9 321.365  2262.82
365 321.454  2263.45
365.1 321.543  2264.07
365.2 321.631  2264.69
365.3 321.72  2265.32
365.4 321.809  2265.94
365.5 321.897  2266.56
365.6 321.986  2267.19
365.7 322.075  2267.81
365.8 322.164  2268.43
365.9 322.252  2269.06
366 322.341  2269.68
366.1 322.43  2270.3
366.2 322.518  2270.93
366.3 322.607  2271.55
366.4 322.696  2272.17
366.5 322.784  2272.8
366.6 322.873  2273.42
366.7 322.962  2274.04
366.8 323.051  2274.67
366.9 323.139  2275.29
367 323.228  2275.91
367.1 323.317  2276.54
367.2 323.405  2277.16
367.3 323.494  2277.78
367.4 323.583  2278.41
367.5 323.671  2279.03
367.6 323.76  2279.65
367.7 323.849  2280.27
367.8 323.937  2280.9
367.9 324.026  2281.52
368 324.115  2282.14
368.1 324.204  2282.77
368.2 324.292  2283.39
368.3 324.381  2284.01
368.4 324.47  2284.64
368.5 324.558  2285.26
368.6 324.647  2285.88
368.7 324.736  2286.51
368.8 324.824  2287.13
368.9 324.913  2287.75
369 325.002  2288.38
369.1 325.091  2289
369.2 325.179  2289.62
369.3 325.268  2290.25
369.4 325.357  2290.87
369.5 325.445  2291.49
369.6 325.534  2292.12
369.7 325.623  2292.74
369.8 325.711  2293.36
369.9 325.8  2293.99
370 325.889  2294.61
370.1 325.978  2295.23
370.2 326.066  2295.86
370.3 326.155  2296.48
370.4 326.244  2297.1
370.5 326.332  2297.73
370.6 326.421  2298.35
370.7 326.51  2298.97
370.8 326.598  2299.6
370.9 326.687  2300.22
371 326.776  2300.84
371.1 326.864  2301.47
371.2 326.953  2302.09
371.3 327.042  2302.71
371.4 327.131  2303.34
371.5 327.219  2303.96
371.6 327.308  2304.58
371.7 327.397  2305.21
371.8 327.485  2305.83
371.9 327.574  2306.45
372 327.663  2307.07
372.1 327.751  2307.7
372.2 327.84  2308.32
372.3 327.929  2308.94
372.4 328.018  2309.57
372.5 328.106  2310.19
372.6 328.195  2310.81
372.7 328.284  2311.44
372.8 328.372  2312.06
372.9 328.461  2312.68
373 328.55  2313.31
373.1 328.638  2313.93
373.2 328.727  2314.55
373.3 328.816  2315.18
373.4 328.905  2315.8
373.5 328.993  2316.42
373.6 329.082  2317.05
373.7 329.171  2317.67
373.8 329.259  2318.29
373.9 329.348  2318.92
374 329.437  2319.54
374.1 329.525  2320.16
374.2 329.614  2320.79
374.3 329.703  2321.41
374.4 329.791  2322.03
374.5 329.88  2322.66
374.6 329.969  2323.28
374.7 330.058  2323.9
374.8 330.146  2324.53
374.9 330.235  2325.15
375 330.324  2325.77
375.1 330.412  2326.4
375.2 330.501  2327.02
375.3 330.59  2327.64
375.4 330.678  2328.27
375.5 330.767  2328.89
375.6 330.856  2329.51
375.7 330.945  2330.14
375.8 331.033  2330.76
375.9 331.122  2331.38
376 331.211  2332.01
376.1 331.299  2332.63
376.2 331.388  2333.25
376.3 331.477  2333.88
376.4 331.565  2334.5
376.5 331.654  2335.12
376.6 331.743  2335.74
376.7 331.832  2336.37
376.8 331.92  2336.99
376.9 332.009  2337.61
377 332.098  2338.24
377.1 332.186  2338.86
377.2 332.275  2339.48
377.3 332.364  2340.11
377.4 332.452  2340.73
377.5 332.541  2341.35
377.6 332.63  2341.98
377.7 332.718  2342.6
377.8 332.807  2343.22
377.9 332.896  2343.85
378 332.985  2344.47
378.1 333.073  2345.09
378.2 333.162  2345.72
378.3 333.251  2346.34
378.4 333.339  2346.96
378.5 333.428  2347.59
378.6 333.517  2348.21
378.7 333.605  2348.83
378.8 333.694  2349.46
378.9 333.783  2350.08
379 333.872  2350.7
379.1 333.96  2351.33
379.2 334.049  2351.95
379.3 334.138  2352.57
379.4 334.226  2353.2
379.5 334.315  2353.82
379.6 334.404  2354.44
379.7 334.492  2355.07
379.8 334.581  2355.69
379.9 334.67  2356.31
380 334.759  2356.94
380.1 334.847  2357.56
380.2 334.936  2358.18
380.3 335.025  2358.81
380.4 335.113  2359.43
380.5 335.202  2360.05
380.6 335.291  2360.68
380.7 335.379  2361.3
380.8 335.468  2361.92
380.9 335.557  2362.55
381 335.645  2363.17
381.1 335.734  2363.79
381.2 335.823  2364.41
381.3 335.912  2365.04
381.4 336  2365.66
381.5 336.089  2366.28
381.6 336.178  2366.91
381.7 336.266  2367.53
381.8 336.355  2368.15
381.9 336.444  2368.78
382 336.532  2369.4
382.1 336.621  2370.02
382.2 336.71  2370.65
382.3 336.799  2371.27
382.4 336.887  2371.89
382.5 336.976  2372.52
382.6 337.065  2373.14
382.7 337.153  2373.76
382.8 337.242  2374.39
382.9 337.331  2375.01
383 337.419  2375.63
383.1 337.508  2376.26
383.2 337.597  2376.88
383.3 337.686  2377.5
383.4 337.774  2378.13
383.5 337.863  2378.75
383.6 337.952  2379.37
383.7 338.04  2380
383.8 338.129  2380.62
383.9 338.218  2381.24
384 338.306  2381.87
384.1 338.395  2382.49
384.2 338.484  2383.11
384.3 338.572  2383.74
384.4 338.661  2384.36
384.5 338.75  2384.98
384.6 338.839  2385.61
384.7 338.927  2386.23
384.8 339.016  2386.85
384.9 339.105  2387.48
385 339.193  2388.1
385.1 339.282  2388.72
385.2 339.371  2389.35
385.3 339.459  2389.97
385.4 339.548  2390.59
385.5 339.637  2391.22
385.6 339.726  2391.84
385.7 339.814  2392.46
385.8 339.903  2393.08
385.9 339.992  2393.71
386 340.08  2394.33
386.1 340.169  2394.95
386.2 340.258  2395.58
386.3 340.346  2396.2
386.4 340.435  2396.82
386.5 340.524  2397.45
386.6 340.612  2398.07
386.7 340.701  2398.69
386.8 340.79  2399.32
386.9 340.879  2399.94
387 340.967  2400.56
387.1 341.056  2401.19
387.2 341.145  2401.81
387.3 341.233  2402.43
387.4 341.322  2403.06
387.5 341.411  2403.68
387.6 341.499  2404.3
387.7 341.588  2404.93
387.8 341.677  2405.55
387.9 341.766  2406.17
388 341.854  2406.8
388.1 341.943  2407.42
388.2 342.032  2408.04
388.3 342.12  2408.67
388.4 342.209  2409.29
388.5 342.298  2409.91
388.6 342.386  2410.54
388.7 342.475  2411.16
388.8 342.564  2411.78
388.9 342.653  2412.41
389 342.741  2413.03
389.1 342.83  2413.65
389.2 342.919  2414.28
389.3 343.007  2414.9
389.4 343.096  2415.52
389.5 343.185  2416.15
389.6 343.273  2416.77
389.7 343.362  2417.39
389.8 343.451  2418.02
389.9 343.539  2418.64
390 343.628  2419.26
390.1 343.717  2419.89
390.2 343.806  2420.51
390.3 343.894  2421.13
390.4 343.983  2421.75
390.5 344.072  2422.38
390.6 344.16  2423
390.7 344.249  2423.62
390.8 344.338  2424.25
390.9 344.426  2424.87
391 344.515  2425.49
391.1 344.604  2426.12
391.2 344.693  2426.74
391.3 344.781  2427.36
391.4 344.87  2427.99
391.5 344.959  2428.61
391.6 345.047  2429.23
391.7 345.136  2429.86
391.8 345.225  2430.48
391.9 345.313  2431.1
392 345.402  2431.73
392.1 345.491  2432.35
392.2 345.58  2432.97
392.3 345.668  2433.6
392.4 345.757  2434.22
392.5 345.846  2434.84
392.6 345.934  2435.47
392.7 346.023  2436.09
392.8 346.112  2436.71
392.9 346.2  2437.34
393 346.289  2437.96
393.1 346.378  2438.58
393.2 346.466  2439.21
393.3 346.555  2439.83
393.4 346.644  2440.45
393.5 346.733  2441.08
393.6 346.821  2441.7
393.7 346.91  2442.32
393.8 346.999  2442.95
393.9 347.087  2443.57
394 347.176  2444.19
394.1 347.265  2444.82
394.2 347.353  2445.44
394.3 347.442  2446.06
394.4 347.531  2446.69
394.5 347.62  2447.31
394.6 347.708  2447.93
394.7 347.797  2448.55
394.8 347.886  2449.18
394.9 347.974  2449.8
395 348.063  2450.42
395.1 348.152  2451.05
395.2 348.24  2451.67
395.3 348.329  2452.29
395.4 348.418  2452.92
395.5 348.506  2453.54
395.6 348.595  2454.16
395.7 348.684  2454.79
395.8 348.773  2455.41
395.9 348.861  2456.03
396 348.95  2456.66
396.1 349.039  2457.28
396.2 349.127  2457.9
396.3 349.216  2458.53
396.4 349.305  2459.15
396.5 349.393  2459.77
396.6 349.482  2460.4
396.7 349.571  2461.02
396.8 349.66  2461.64
396.9 349.748  2462.27
397 349.837  2462.89
397.1 349.926  2463.51
397.2 350.014  2464.14
397.3 350.103  2464.76
397.4 350.192  2465.38
397.5 350.28  2466.01
397.6 350.369  2466.63
397.7 350.458  2467.25
397.8 350.547  2467.88
397.9 350.635  2468.5
398 350.724  2469.12
398.1 350.813  2469.75
398.2 350.901  2470.37
398.3 350.99  2470.99
398.4 351.079  2471.62
398.5 351.167  2472.24
398.6 351.256  2472.86
398.7 351.345  2473.49
398.8 351.433  2474.11
398.9 351.522  2474.73
399 351.611  2475.36
399.1 351.7  2475.98
399.2 351.788  2476.6
399.3 351.877  2477.22
399.4 351.966  2477.85
399.5 352.054  2478.47
399.6 352.143  2479.09
399.7 352.232  2479.72
399.8 352.32  2480.34
399.9 352.409  2480.96
