0	0.729876	0.000354954	1	0
1	0.729876	0.000354954	1	0
2	0.729876	0.000354954	1	0
3	0.729876	0.000354954	2	0
4	0.812101	0.000354005	1	0
5	0.833828	0.000351444	5	0
6	0.837503	0.000349904	2	0
7	0.837503	0.000349904	2	0
8	0.951733	0.00035575	2	0
9	0.951733	0.00035575	2	0
10	0.951733	0.00035575	0	0
11	0.951733	0.00035575	2	0
12	0.951733	0.00035575	2	0
13	0.951733	0.00035575	2	0
14	0.951733	0.00035575	2	0
15	0.970351	0.00035468	2	0
16	0.970351	0.00035468	2	0
17	0.970351	0.00035468	2	0
18	0.970351	0.00035468	2	0
19	0.975625	0.000354717	2	0
20	0.975625	0.000354717	2	0
21	0.975625	0.000354717	2	0
22	0.975625	0.000354717	2	0
23	0.976108	0.000354753	2	0
24	0.976108	0.000354753	1	0
25	0.976108	0.000354753	2	0
26	0.976108	0.000354753	1	0
27	0.976108	0.000354753	1	0
28	0.976108	0.000354753	2	0
29	0.976108	0.000354753	2	0
30	0.981223	0.000354662	2	0
31	0.98159	0.000354659	3	0
32	0.98379	0.000354666	2	0
33	0.986544	0.000354591	1	0
34	0.986544	0.000354591	1	0
35	0.986584	0.000354593	1	0
36	0.986584	0.000354593	1	0
37	0.986709	0.000354614	1	0
38	0.986709	0.000354614	1	0
39	0.986709	0.000354614	1	0
40	0.988208	0.000354576	1	0
41	0.988208	0.000354576	1	0
42	0.988208	0.000354576	1	0
43	0.988208	0.000354576	2	0
44	0.988358	0.000354597	1	0
45	0.988474	0.000354586	2	0
46	0.988474	0.000354586	1	0
47	0.991097	0.000354027	6	0
48	0.991365	0.000354049	6	0
49	0.991365	0.000354049	6	0
50	0.991477	0.000354032	7	0
51	0.991487	0.000354064	6	0
52	0.991487	0.000354064	2	0
53	0.991533	0.000354051	7	0
54	0.991533	0.000354051	1	0
55	0.991551	0.000354055	7	0
56	0.991598	0.00035406	7	0
57	0.991598	0.00035406	1	0
58	0.991675	0.000354045	7	0
59	0.991675	0.000354045	7	0
60	0.991675	0.000354045	7	0
61	0.992158	0.000354091	8	0
62	0.992158	0.000354091	2	0
63	0.992158	0.000354091	8	0
64	0.992202	0.000354084	7	0
65	0.992202	0.000354084	7	0
66	0.992202	0.000354084	7	0
67	0.992202	0.000354084	7	0
68	0.992227	0.000354085	7	0
69	0.992227	0.000354085	7	0
70	0.992237	0.00035409	7	0
71	0.992237	0.00035409	8	0
72	0.992245	0.000354092	8	0
73	0.992245	0.000354092	8	0
74	0.992245	0.000354092	8	0
75	0.992245	0.000354092	8	0
76	0.992265	0.000354086	7	0
77	0.992292	0.000354082	7	0
78	0.99235	0.000354096	8	0
79	0.99235	0.000354096	8	0
80	0.99235	0.000354096	8	0
81	0.99235	0.000354096	8	0
82	0.99235	0.000354096	8	0
83	0.99235	0.000354096	8	0
84	0.992541	0.00035408	7	0
85	0.992541	0.00035408	7	0
86	0.992541	0.00035408	7	0
87	0.992541	0.00035408	7	0
88	0.992541	0.00035408	7	0
89	0.992541	0.00035408	7	0
90	0.992541	0.00035408	7	0
91	0.992831	0.000354782	4	0
92	0.992831	0.000354782	4	0
93	0.992831	0.000354782	4	0
94	0.993059	0.00035476	4	0
95	0.993059	0.00035476	7	0
96	0.993059	0.00035476	4	0
97	0.993059	0.00035476	4	0
98	0.99451	0.00035436	4	0
99	0.99451	0.00035436	3	0
100	0.99451	0.00035436	3	0
