0	0.632822	0.000350795	0	0
1	0.683855	0.000349785	1	0
2	0.697644	0.000353592	3	0
3	0.697644	0.000353592	3	0
4	0.770595	0.000352811	2	0
5	0.770657	0.000352813	2	0
6	0.79207	0.000350867	1	0
7	0.79207	0.000350867	1	0
8	0.941326	0.000354504	2	0
9	0.941326	0.000354504	2	0
10	0.941969	0.000355137	2	0
11	0.941969	0.000355137	2	0
12	0.941969	0.000355137	2	0
13	0.948492	0.000354466	1	0
14	0.948492	0.000354466	1	0
15	0.948492	0.000354466	2	0
16	0.964033	0.000354875	2	0
17	0.964769	0.000355651	2	0
18	0.964769	0.000355651	2	0
19	0.986052	0.000354403	2	0
20	0.986052	0.000354403	1	0
21	0.986052	0.000354403	2	0
22	0.986052	0.000354403	2	0
23	0.986052	0.000354403	1	0
24	0.986052	0.000354403	2	0
25	0.986052	0.000354403	2	0
26	0.986052	0.000354403	1	0
27	0.986052	0.000354403	1	0
28	0.986052	0.000354403	0	0
29	0.986052	0.000354403	2	0
30	0.986052	0.000354403	2	0
31	0.986052	0.000354403	3	0
32	0.990266	0.000355305	3	0
33	0.990266	0.000355305	3	0
34	0.990266	0.000355305	3	0
35	0.990266	0.000355305	3	0
36	0.990266	0.000355305	3	0
37	0.990664	0.000355298	3	0
38	0.990664	0.000355298	3	0
39	0.990664	0.000355298	3	0
40	0.990664	0.000355298	3	0
41	0.990664	0.000355298	3	0
42	0.991088	0.000355217	2	0
43	0.991088	0.000355217	2	0
44	0.991088	0.000355217	2	0
45	0.991149	0.000355052	2	0
46	0.991707	0.000355201	2	0
47	0.992252	0.000355331	2	0
48	0.992252	0.000355331	2	0
49	0.992252	0.000355331	2	0
50	0.992252	0.000355331	2	0
51	0.994897	0.000354737	1	0
52	0.994897	0.000354737	3	0
53	0.994897	0.000354737	1	0
54	0.994897	0.000354737	1	0
55	0.995402	0.000355114	6	0
56	0.996794	0.000355016	4	0
57	0.996794	0.000355016	4	0
58	0.996794	0.000355016	4	0
59	0.996794	0.000355016	1	0
60	0.996794	0.000355016	1	0
61	0.996794	0.000355016	2	0
62	0.996794	0.000355016	4	0
63	0.996794	0.000355016	4	0
64	0.996794	0.000355016	4	0
65	0.996794	0.000355016	1	0
66	0.996794	0.000355016	4	0
67	0.996856	0.00035481	2	0
68	0.996856	0.00035481	2	0
69	0.996856	0.00035481	2	0
70	0.996885	0.000354929	3	0
71	0.996885	0.000354929	3	0
72	0.997011	0.000354881	4	0
73	0.997327	0.000354884	3	0
74	0.997327	0.000354884	4	0
75	0.997327	0.000354884	3	0
76	0.997327	0.000354884	3	0
77	0.997327	0.000354884	3	0
78	0.997327	0.000354884	3	0
79	0.997395	0.000354795	3	0
80	0.997395	0.000354795	3	0
81	0.997395	0.000354795	3	0
82	0.997395	0.000354795	3	0
83	0.997395	0.000354795	3	0
84	0.997395	0.000354795	3	0
85	0.997395	0.000354795	3	0
86	0.997395	0.000354795	3	0
87	0.997429	0.000354766	3	0
88	0.997429	0.000354766	3	0
89	0.997429	0.000354766	3	0
90	0.997429	0.000354766	3	0
91	0.997429	0.000354766	3	0
92	0.997429	0.000354766	3	0
93	0.997429	0.000354766	3	0
94	0.997429	0.000354766	3	0
95	0.997429	0.000354766	3	0
96	0.997469	0.000354733	4	0
97	0.997469	0.000354733	4	0
98	0.997493	0.000354667	9	0
99	0.997493	0.000354667	9	0
100	0.997493	0.000354667	9	0
