0	0.74175	0.000348117	6	0
1	0.771529	0.00034987	4	0
2	0.860623	0.000353162	1	0
3	0.949127	0.000353314	0	0
4	0.949127	0.000353314	0	0
5	0.949127	0.000353314	0	0
6	0.949127	0.000353314	0	0
7	0.949127	0.000353314	0	0
8	0.949596	0.000353334	0	0
9	0.950738	0.000354171	3	0
10	0.952815	0.000354178	2	0
11	0.952815	0.000354178	2	0
12	0.952815	0.000354178	2	0
13	0.96993	0.000353252	2	0
14	0.96993	0.000353252	2	0
15	0.96993	0.000353252	2	0
16	0.96993	0.000353252	2	0
17	0.973485	0.00035415	4	0
18	0.974035	0.000353516	2	0
19	0.982419	0.000354175	1	0
20	0.982419	0.000354175	1	0
21	0.982419	0.000354175	1	0
22	0.982419	0.000354175	1	0
23	0.982419	0.000354175	1	0
24	0.982419	0.000354175	1	0
25	0.984136	0.000353801	2	0
26	0.984136	0.000353801	2	0
27	0.985735	0.000353845	2	0
28	0.995631	0.000354951	3	0
29	0.995631	0.000354951	3	0
30	0.995631	0.000354951	3	0
31	0.9958	0.000355211	2	0
32	0.9958	0.000355211	2	0
33	0.9958	0.000355211	2	0
34	0.9958	0.000355211	2	0
35	0.997498	0.000354568	4	0
36	0.997498	0.000354568	3	0
37	0.997498	0.000354568	4	0
38	0.997498	0.000354568	4	0
39	0.997498	0.000354568	4	0
40	0.997498	0.000354568	4	0
41	0.997498	0.000354568	4	0
42	0.99755	0.000354456	3	0
43	0.99755	0.000354456	3	0
44	0.99755	0.000354456	3	0
45	0.99755	0.000354456	3	0
46	0.997634	0.000354491	2	0
47	0.997768	0.000354546	4	0
48	0.997768	0.000354546	4	0
49	0.997768	0.000354546	4	0
50	0.997768	0.000354546	4	0
51	0.997768	0.000354546	4	0
52	0.997772	0.000354653	3	0
53	0.997908	0.000354727	4	0
54	0.998103	0.000354455	4	0
55	0.998103	0.000354455	4	0
56	0.998103	0.000354455	4	0
57	0.998103	0.000354455	4	0
58	0.998103	0.000354455	4	0
59	0.998122	0.000354452	5	0
60	0.998135	0.000354618	5	0
61	0.998135	0.000354618	3	0
62	0.998135	0.000354618	5	0
63	0.998135	0.000354618	5	0
64	0.998135	0.000354618	5	0
65	0.998135	0.000354618	5	0
66	0.998135	0.000354618	5	0
67	0.998178	0.000354631	3	0
68	0.998178	0.000354631	3	0
69	0.998178	0.000354631	3	0
70	0.998182	0.00035463	3	0
71	0.998182	0.00035463	3	0
72	0.998182	0.00035463	3	0
73	0.998182	0.00035463	3	0
74	0.998182	0.00035463	3	0
75	0.998183	0.000354629	3	0
76	0.998183	0.000354629	3	0
77	0.998183	0.000354629	3	0
78	0.998183	0.000354629	3	0
79	0.998187	0.000354628	3	0
80	0.998187	0.000354628	3	0
81	0.998187	0.000354628	3	0
82	0.998192	0.000354663	3	0
83	0.998192	0.000354663	3	0
84	0.998433	0.000354373	3	0
85	0.998433	0.000354373	3	0
86	0.998433	0.000354373	3	0
87	0.998433	0.000354373	3	0
88	0.998433	0.000354373	3	0
89	0.998433	0.000354373	3	0
90	0.998433	0.000354373	3	0
91	0.998433	0.000354373	3	0
92	0.998433	0.000354373	3	0
93	0.998433	0.000354373	3	0
94	0.998433	0.000354373	3	0
95	0.998433	0.000354373	3	0
96	0.998904	0.000354565	5	0
97	0.998904	0.000354565	5	0
98	0.998904	0.000354565	3	0
99	0.998904	0.000354565	5	0
100	0.998904	0.000354565	5	0
