0	0.741576	0.000350322	2	0
1	0.741576	0.000350322	0	0
2	0.741576	0.000350322	2	0
3	0.741576	0.000350322	2	0
4	0.854522	0.000350549	8	0
5	0.857251	0.000350588	8	0
6	0.857251	0.000350588	8	0
7	0.927094	0.000351828	7	0
8	0.927094	0.000351828	7	0
9	0.927094	0.000351828	7	0
10	0.927094	0.000351828	0	0
11	0.927094	0.000351828	7	0
12	0.945699	0.000352257	5	0
13	0.945699	0.000352257	6	0
14	0.945699	0.000352257	0	0
15	0.945699	0.000352257	5	0
16	0.945699	0.000352257	5	0
17	0.945703	0.00035226	6	0
18	0.962839	0.000352454	7	0
19	0.962841	0.000352454	7	0
20	0.962846	0.000352456	7	0
21	0.962939	0.000352456	7	0
22	0.963064	0.000352452	7	0
23	0.964496	0.000353939	3	0
24	0.964496	0.000353939	3	0
25	0.964496	0.000353939	3	0
26	0.964551	0.00035256	7	0
27	0.985488	0.000355112	4	0
28	0.985488	0.000355112	6	0
29	0.985488	0.000355112	4	0
30	0.987421	0.00035335	7	0
31	0.987421	0.00035335	7	0
32	0.987421	0.00035335	7	0
33	0.987421	0.00035335	7	0
34	0.987421	0.00035335	7	0
35	0.987421	0.00035335	7	0
36	0.987423	0.00035335	7	0
37	0.992775	0.000353915	7	0
38	0.992775	0.000353915	7	0
39	0.992775	0.000353915	7	0
40	0.992775	0.000353915	7	0
41	0.992775	0.000353915	7	0
42	0.995419	0.000354251	7	0
43	0.995419	0.000354251	7	0
44	0.995947	0.000354129	5	0
45	0.995947	0.000354129	5	0
46	0.995947	0.000354129	5	0
47	0.995947	0.000354129	5	0
48	0.995947	0.000354129	5	0
49	0.995947	0.000354129	5	0
50	0.995947	0.000354129	5	0
51	0.995947	0.000354129	5	0
52	0.995947	0.000354129	5	0
53	0.995947	0.000354129	5	0
54	0.995947	0.000354129	5	0
55	0.995947	0.000354129	5	0
56	0.995947	0.000354129	5	0
57	0.995947	0.000354129	5	0
58	0.995947	0.000354129	5	0
59	0.995947	0.000354129	5	0
60	0.995947	0.000354129	5	0
61	0.995947	0.000354129	5	0
62	0.995947	0.000354129	5	0
63	0.995947	0.000354129	5	0
64	0.995947	0.000354129	5	0
65	0.995947	0.000354129	5	0
66	0.996165	0.000354018	6	0
67	0.996165	0.000354018	6	0
68	0.996165	0.000354018	6	0
69	0.996165	0.000354018	6	0
70	0.996165	0.000354018	6	0
71	0.996165	0.000354018	6	0
72	0.996165	0.000354018	6	0
73	0.996165	0.000354018	6	0
74	0.996165	0.000354018	6	0
75	0.996165	0.000354018	6	0
76	0.996165	0.000354018	6	0
77	0.996165	0.000354018	6	0
78	0.996165	0.000354018	6	0
79	0.996165	0.000354018	6	0
80	0.996165	0.000354018	6	0
81	0.996165	0.000354018	6	0
82	0.996165	0.000354018	6	0
83	0.996165	0.000354018	6	0
84	0.996165	0.000354018	6	0
85	0.996165	0.000354018	6	0
86	0.996165	0.000354018	6	0
87	0.996165	0.000354018	6	0
88	0.996165	0.000354018	6	0
89	0.996165	0.000354018	6	0
90	0.99663	0.000354369	5	0
91	0.99663	0.000354369	5	0
92	0.99663	0.000354369	5	0
93	0.99663	0.000354369	5	0
94	0.99663	0.000354369	5	0
95	0.99663	0.000354369	5	0
96	0.99663	0.000354369	5	0
97	0.99663	0.000354369	5	0
98	0.99663	0.000354369	5	0
99	0.99663	0.000354369	5	0
100	0.99663	0.000354369	5	0
