0	0.604505	0.000356231	0	0
1	0.604505	0.000356231	2	0
2	0.62198	0.000345721	3	0
3	0.648189	0.000346231	3	0
4	0.74175	0.000348117	6	0
5	0.74175	0.000348117	6	0
6	0.811493	0.00035293	1	0
7	0.811493	0.00035293	1	0
8	0.811493	0.00035293	1	0
9	0.826625	0.000351227	2	0
10	0.826625	0.000351227	0	0
11	0.835648	0.000351958	1	0
12	0.83847	0.000350827	2	0
13	0.83847	0.000350827	2	0
14	0.83847	0.000350827	2	0
15	0.83847	0.000350827	2	0
16	0.903746	0.000353024	1	0
17	0.903746	0.000353024	1	0
18	0.903746	0.000353024	1	0
19	0.903746	0.000353024	1	0
20	0.903746	0.000353024	1	0
21	0.903746	0.000353024	1	0
22	0.903746	0.000353024	1	0
23	0.903746	0.000353024	1	0
24	0.921284	0.000353235	1	0
25	0.921284	0.000353235	1	0
26	0.921284	0.000353235	1	0
27	0.921284	0.000353235	1	0
28	0.921284	0.000353235	1	0
29	0.921284	0.000353235	1	0
30	0.97902	0.000355173	4	0
31	0.97902	0.000355173	4	0
32	0.982482	0.000355589	3	0
33	0.982482	0.000355589	3	0
34	0.982482	0.000355589	3	0
35	0.995754	0.000353919	13	0
36	0.995754	0.000353919	13	0
37	0.995754	0.000353919	13	0
38	0.995754	0.000353919	13	0
39	0.995754	0.000353919	13	0
40	0.995754	0.000353919	13	0
41	0.999031	0.000354337	11	0
42	0.999031	0.000354337	11	0
43	0.999031	0.000354337	11	0
44	0.999031	0.000354337	11	0
45	0.999031	0.000354337	11	0
46	0.999031	0.000354337	11	0
47	0.999031	0.000354337	11	0
48	0.999031	0.000354337	11	0
49	0.999031	0.000354337	11	0
50	0.999031	0.000354337	11	0
51	1	0.000354573	21	0
52	1	0.000354573	21	0
53	1	0.000354573	21	0
54	1	0.000354573	21	0
55	1	0.000354573	21	0
56	1	0.000354573	21	0
57	1	0.000354573	21	0
58	1	0.000354573	21	0
59	1	0.000354573	21	0
60	1	0.000354573	21	0
61	1	0.000354573	21	0
62	1	0.000354573	21	0
63	1	0.000354573	21	0
64	1	0.000354573	21	0
65	1	0.000354573	21	0
66	1	0.000354573	21	0
67	1	0.000354573	21	0
68	1	0.000354573	21	0
69	1	0.000354573	21	0
70	1	0.000354573	21	0
71	1	0.000354573	21	0
72	1	0.000354573	21	0
73	1	0.000354573	21	0
74	1	0.000354573	21	0
75	1	0.000354573	21	0
76	1	0.000354573	21	0
77	1	0.000354573	21	0
78	1	0.000354573	21	0
79	1	0.000354573	21	0
80	1	0.000354573	21	0
81	1	0.000354573	21	0
82	1	0.000354573	21	0
83	1	0.000354573	21	0
84	1	0.000354573	21	0
85	1	0.000354573	21	0
86	1	0.000354573	21	0
87	1	0.000354573	21	0
88	1	0.000354573	21	0
89	1	0.000354573	21	0
90	1	0.000354573	21	0
91	1	0.000354573	21	0
92	1	0.000354573	21	0
93	1	0.000354573	21	0
94	1	0.000354573	21	0
95	1	0.000354573	21	0
96	1	0.000354573	21	0
97	1	0.000354573	21	0
98	1	0.000354573	21	0
99	1	0.000354573	21	0
100	1	0.000354573	21	0
