0	0.932355	0.000352952	3	0
1	0.932355	0.000352952	2	0
2	0.932355	0.000352952	3	0
3	0.932355	0.000352952	3	0
4	0.932355	0.000352952	3	0
5	0.932355	0.000352952	3	0
6	0.935827	0.000352921	2	0
7	0.956376	0.000353373	2	0
8	0.956376	0.000353373	2	0
9	0.956376	0.000353373	2	0
10	0.956376	0.000353373	2	0
11	0.956376	0.000353373	2	0
12	0.956376	0.000353373	2	0
13	0.956376	0.000353373	2	0
14	0.956376	0.000353373	2	0
15	0.956376	0.000353373	2	0
16	0.956376	0.000353373	2	0
17	0.956376	0.000353373	2	0
18	0.956376	0.000353373	2	0
19	0.956376	0.000353373	3	0
20	0.956376	0.000353373	2	0
21	0.956376	0.000353373	2	0
22	0.960743	0.00035361	1	0
23	0.960824	0.000352885	2	0
24	0.960824	0.000352885	2	0
25	0.960824	0.000352885	2	0
26	0.962501	0.000352976	2	0
27	0.962501	0.000352976	2	0
28	0.962501	0.000352976	2	0
29	0.962501	0.000352976	2	0
30	0.962501	0.000352976	1	0
31	0.963872	0.000353124	2	0
32	0.963872	0.000353124	0	0
33	0.963872	0.000353124	2	0
34	0.963872	0.000353124	0	0
35	0.963872	0.000353124	1	0
36	0.963872	0.000353124	2	0
37	0.982477	0.000354693	1	0
38	0.982477	0.000354693	1	0
39	0.982477	0.000354693	1	0
40	0.990495	0.000354843	3	0
41	0.990495	0.000354843	3	0
42	0.990495	0.000354843	3	0
43	0.990495	0.000354843	1	0
44	0.990495	0.000354843	3	0
45	0.990495	0.000354843	3	0
46	0.990495	0.000354843	3	0
47	0.990495	0.000354843	3	0
48	0.990495	0.000354843	3	0
49	0.990495	0.000354843	3	0
50	0.990495	0.000354843	3	0
51	0.990495	0.000354843	3	0
52	0.990495	0.000354843	3	0
53	0.990495	0.000354843	3	0
54	0.990495	0.000354843	3	0
55	0.990495	0.000354843	3	0
56	0.990495	0.000354843	1	0
57	0.990495	0.000354843	3	0
58	0.990495	0.000354843	0	0
59	0.990495	0.000354843	2	0
60	0.990495	0.000354843	2	0
61	0.990495	0.000354843	3	0
62	0.990495	0.000354843	3	0
63	0.990495	0.000354843	2	0
64	0.990495	0.000354843	4	0
65	0.990495	0.000354843	2	0
66	0.990495	0.000354843	3	0
67	0.990495	0.000354843	3	0
68	0.990495	0.000354843	3	0
69	0.990495	0.000354843	3	0
70	0.991731	0.000354535	3	0
71	0.995349	0.00035422	6	0
72	0.995349	0.00035422	6	0
73	0.995349	0.00035422	6	0
74	0.995349	0.00035422	6	0
75	0.995349	0.00035422	0	0
76	0.995349	0.00035422	3	0
77	0.995349	0.00035422	6	0
78	0.995349	0.00035422	2	0
79	0.995349	0.00035422	6	0
80	0.995349	0.00035422	6	0
81	0.997193	0.00035468	6	0
82	0.997193	0.00035468	1	0
83	0.997193	0.00035468	0	0
84	0.997193	0.00035468	6	0
85	0.997193	0.00035468	3	0
86	0.997704	0.000354293	5	0
87	0.997704	0.000354293	1	0
88	0.997704	0.000354293	5	0
89	0.997704	0.000354293	5	0
90	0.997704	0.000354293	5	0
91	0.997704	0.000354293	5	0
92	0.997704	0.000354293	5	0
93	0.997704	0.000354293	5	0
94	0.997704	0.000354293	5	0
95	0.997704	0.000354293	5	0
96	0.997704	0.000354293	5	0
97	0.997704	0.000354293	5	0
98	0.997704	0.000354293	5	0
99	0.997704	0.000354293	5	0
100	0.997704	0.000354293	5	0
