0	0.864196	0.000359425	0	0
1	0.864196	0.000359425	0	0
2	0.864196	0.000359425	0	0
3	0.864196	0.000359425	0	0
4	0.864196	0.000359425	0	0
5	0.932355	0.000352952	3	0
6	0.932355	0.000352952	3	0
7	0.932355	0.000352952	3	0
8	0.932355	0.000352952	3	0
9	0.932355	0.000352952	3	0
10	0.932355	0.000352952	3	0
11	0.953065	0.000353559	4	0
12	0.953065	0.000353559	4	0
13	0.953065	0.000353559	4	0
14	0.953065	0.000353559	4	0
15	0.953065	0.000353559	4	0
16	0.953065	0.000353559	4	0
17	0.953065	0.000353559	4	0
18	0.953065	0.000353559	4	0
19	0.953065	0.000353559	4	0
20	0.960057	0.00035534	3	0
21	0.960057	0.00035534	3	0
22	0.960057	0.00035534	3	0
23	0.961296	0.000354473	3	0
24	0.961296	0.000354473	3	0
25	0.961296	0.000354473	3	0
26	0.965359	0.000354684	2	0
27	0.965359	0.000354684	2	0
28	0.965359	0.000354684	2	0
29	0.965359	0.000354684	2	0
30	0.965359	0.000354684	2	0
31	0.965359	0.000354684	2	0
32	0.965359	0.000354684	2	0
33	0.965359	0.000354684	2	0
34	0.965359	0.000354684	2	0
35	0.965359	0.000354684	2	0
36	0.965359	0.000354684	2	0
37	0.965359	0.000354684	2	0
38	0.965359	0.000354684	2	0
39	0.965359	0.000354684	2	0
40	0.965359	0.000354684	2	0
41	0.965359	0.000354684	2	0
42	0.965359	0.000354684	2	0
43	0.965359	0.000354684	2	0
44	0.965359	0.000354684	2	0
45	0.965359	0.000354684	2	0
46	0.965359	0.000354684	2	0
47	0.965359	0.000354684	2	0
48	0.965359	0.000354684	2	0
49	0.965359	0.000354684	2	0
50	0.965359	0.000354684	2	0
51	0.965359	0.000354684	2	0
52	0.965359	0.000354684	2	0
53	0.965359	0.000354684	2	0
54	0.965359	0.000354684	2	0
55	0.965359	0.000354684	2	0
56	0.965359	0.000354684	2	0
57	0.965359	0.000354684	2	0
58	0.965359	0.000354684	2	0
59	0.965359	0.000354684	2	0
60	0.965359	0.000354684	2	0
61	0.965359	0.000354684	2	0
62	0.965359	0.000354684	2	0
63	0.965359	0.000354684	2	0
64	0.965359	0.000354684	2	0
65	0.965359	0.000354684	2	0
66	0.965359	0.000354684	2	0
67	0.965359	0.000354684	2	0
68	0.965359	0.000354684	2	0
69	0.965359	0.000354684	2	0
70	0.965359	0.000354684	2	0
71	0.965359	0.000354684	2	0
72	0.965359	0.000354684	2	0
73	0.965359	0.000354684	2	0
74	0.965359	0.000354684	2	0
75	0.965359	0.000354684	2	0
76	0.965359	0.000354684	2	0
77	0.965359	0.000354684	2	0
78	0.965359	0.000354684	2	0
79	0.965359	0.000354684	2	0
80	0.965359	0.000354684	2	0
81	0.965359	0.000354684	2	0
82	0.965359	0.000354684	2	0
83	0.965359	0.000354684	2	0
84	0.965359	0.000354684	2	0
85	0.965359	0.000354684	2	0
86	0.965359	0.000354684	2	0
87	0.965359	0.000354684	2	0
88	0.965359	0.000354684	2	0
89	0.965359	0.000354684	2	0
90	0.965359	0.000354684	2	0
91	0.965359	0.000354684	2	0
92	0.965359	0.000354684	2	0
93	0.965359	0.000354684	2	0
94	0.965359	0.000354684	2	0
95	0.965359	0.000354684	2	0
96	0.965359	0.000354684	2	0
97	0.965359	0.000354684	2	0
98	0.965359	0.000354684	2	0
99	0.965359	0.000354684	2	0
100	0.965359	0.000354684	2	0
