0	0.796846	0.000361078	1	0
1	0.862233	0.000351294	6	0
2	0.862233	0.000351294	0	0
3	0.862233	0.000351294	6	0
4	0.862233	0.000351294	6	0
5	0.862233	0.000351294	6	0
6	0.862233	0.000351294	6	0
7	0.909379	0.000356685	2	0
8	0.909379	0.000356685	2	0
9	0.910833	0.000352652	3	0
10	0.929043	0.000355063	2	0
11	0.976365	0.000355871	4	0
12	0.976365	0.000355871	4	0
13	0.976365	0.000355871	4	0
14	0.976365	0.000355871	4	0
15	0.976365	0.000355871	4	0
16	0.976365	0.000355871	4	0
17	0.976365	0.000355871	4	0
18	0.976365	0.000355871	4	0
19	0.976365	0.000355871	4	0
20	0.98721	0.000354284	2	0
21	0.98721	0.000354284	2	0
22	0.98721	0.000354284	2	0
23	0.98721	0.000354284	2	0
24	0.98721	0.000354284	2	0
25	0.98721	0.000354284	2	0
26	0.98721	0.000354284	2	0
27	0.98721	0.000354284	2	0
28	0.98721	0.000354284	2	0
29	0.98721	0.000354284	2	0
30	0.98721	0.000354284	2	0
31	0.98721	0.000354284	2	0
32	0.98721	0.000354284	2	0
33	0.98721	0.000354284	2	0
34	0.98721	0.000354284	2	0
35	0.98721	0.000354284	2	0
36	0.98721	0.000354284	2	0
37	0.98721	0.000354284	2	0
38	0.98721	0.000354284	2	0
39	0.98721	0.000354284	2	0
40	0.997085	0.000354955	6	0
41	0.997085	0.000354955	1	0
42	0.997085	0.000354955	6	0
43	0.997085	0.000354955	6	0
44	0.997085	0.000354955	6	0
45	0.997085	0.000354955	6	0
46	0.997085	0.000354955	6	0
47	0.997085	0.000354955	6	0
48	0.997085	0.000354955	6	0
49	0.997085	0.000354955	6	0
50	0.997085	0.000354955	6	0
51	0.997085	0.000354955	6	0
52	0.997085	0.000354955	6	0
53	0.998766	0.000354547	6	0
54	0.998766	0.000354547	6	0
55	0.998766	0.000354547	6	0
56	0.998766	0.000354547	6	0
57	0.998766	0.000354547	6	0
58	0.998766	0.000354547	6	0
59	0.998766	0.000354547	6	0
60	0.998766	0.000354547	6	0
61	0.998766	0.000354547	6	0
62	0.998766	0.000354547	6	0
63	0.998766	0.000354547	6	0
64	0.998766	0.000354547	6	0
65	0.998766	0.000354547	6	0
66	0.998766	0.000354547	6	0
67	0.998766	0.000354547	6	0
68	0.998766	0.000354547	6	0
69	0.998766	0.000354547	6	0
70	0.998766	0.000354547	6	0
71	0.998766	0.000354547	6	0
72	0.998766	0.000354547	6	0
73	0.998766	0.000354547	6	0
74	0.998766	0.000354547	6	0
75	0.998766	0.000354547	6	0
76	0.998766	0.000354547	6	0
77	0.998766	0.000354547	6	0
78	0.998766	0.000354547	6	0
79	0.998766	0.000354547	6	0
80	0.998766	0.000354547	6	0
81	0.998766	0.000354547	6	0
82	0.998766	0.000354547	6	0
83	0.998766	0.000354547	6	0
84	0.998766	0.000354547	6	0
85	0.998766	0.000354547	6	0
86	0.998766	0.000354547	6	0
87	0.998766	0.000354547	6	0
88	0.998766	0.000354547	6	0
89	0.998766	0.000354547	6	0
90	0.998766	0.000354547	6	0
91	0.998766	0.000354547	6	0
92	0.998766	0.000354547	6	0
93	0.998766	0.000354547	6	0
94	0.998766	0.000354547	6	0
95	0.998766	0.000354547	6	0
96	0.998766	0.000354547	6	0
97	0.998766	0.000354547	6	0
98	0.998766	0.000354547	6	0
99	0.998766	0.000354547	6	0
100	0.998766	0.000354547	6	0
