0	0.655129	0.000346541	2	0
1	0.658587	0.000347631	1	0
2	0.658587	0.000347631	2	0
3	0.658587	0.000347631	1	0
4	0.760169	0.000349125	0	0
5	0.760169	0.000349125	0	0
6	0.760169	0.000349125	0	0
7	0.76567	0.000348803	0	0
8	0.76567	0.000348803	0	0
9	0.79163	0.000349314	0	0
10	0.79163	0.000349314	0	0
11	0.79163	0.000349314	0	0
12	0.806347	0.000351553	0	0
13	0.901234	0.000353028	1	0
14	0.901234	0.000353028	0	0
15	0.901234	0.000353028	1	0
16	0.901234	0.000353028	1	0
17	0.901234	0.000353028	1	0
18	0.942937	0.0003528	2	0
19	0.942937	0.0003528	2	0
20	0.942937	0.0003528	2	0
21	0.942937	0.0003528	2	0
22	0.942937	0.0003528	2	0
23	0.942937	0.0003528	2	0
24	0.961752	0.000353325	1	0
25	0.961752	0.000353325	1	0
26	0.961752	0.000353325	1	0
27	0.961752	0.000353325	1	0
28	0.961752	0.000353325	1	0
29	0.964191	0.000353809	1	0
30	0.964191	0.000353809	1	0
31	0.964191	0.000353809	1	0
32	0.964191	0.000353809	1	0
33	0.964191	0.000353809	1	0
34	0.964191	0.000353809	1	0
35	0.964191	0.000353809	1	0
36	0.964191	0.000353809	1	0
37	0.964191	0.000353809	1	0
38	0.964191	0.000353809	1	0
39	0.964191	0.000353809	1	0
40	0.964191	0.000353809	1	0
41	0.964191	0.000353809	1	0
42	0.964191	0.000353809	1	0
43	0.964191	0.000353809	1	0
44	0.964191	0.000353809	1	0
45	0.964191	0.000353809	1	0
46	0.964191	0.000353809	1	0
47	0.964191	0.000353809	1	0
48	0.964191	0.000353809	1	0
49	0.988331	0.000354232	7	0
50	0.988331	0.000354232	1	0
51	0.988331	0.000354232	2	0
52	0.988331	0.000354232	7	0
53	0.988331	0.000354232	7	0
54	0.988331	0.000354232	7	0
55	0.988331	0.000354232	7	0
56	0.991259	0.000353643	8	0
57	0.991259	0.000353643	8	0
58	0.9917	0.000353786	9	0
59	0.9917	0.000353786	9	0
60	0.9917	0.000353786	9	0
61	0.9917	0.000353786	9	0
62	0.9917	0.000353786	9	0
63	0.9917	0.000353786	9	0
64	0.9917	0.000353786	9	0
65	0.9917	0.000353786	9	0
66	0.9917	0.000353786	9	0
67	0.9917	0.000353786	9	0
68	0.9917	0.000353786	9	0
69	0.9917	0.000353786	9	0
70	0.9917	0.000353786	9	0
71	0.9917	0.000353786	9	0
72	0.9917	0.000353786	9	0
73	0.9917	0.000353786	9	0
74	0.9917	0.000353786	9	0
75	0.9917	0.000353786	9	0
76	0.9917	0.000353786	9	0
77	0.9917	0.000353786	9	0
78	0.9917	0.000353786	9	0
79	0.9917	0.000353786	9	0
80	0.9917	0.000353786	9	0
81	0.9917	0.000353786	9	0
82	0.9917	0.000353786	9	0
83	0.9917	0.000353786	9	0
84	0.9917	0.000353786	9	0
85	0.9917	0.000353786	9	0
86	0.998181	0.000354706	10	0
87	0.998181	0.000354706	10	0
88	0.998181	0.000354706	10	0
89	0.998181	0.000354706	10	0
90	0.998181	0.000354706	10	0
91	0.998181	0.000354706	10	0
92	0.998181	0.000354706	10	0
93	0.998181	0.000354706	10	0
94	0.998181	0.000354706	10	0
95	0.998181	0.000354706	10	0
96	0.998181	0.000354706	10	0
97	0.998181	0.000354706	10	0
98	0.998181	0.000354706	10	0
99	0.998181	0.000354706	10	0
100	0.998181	0.000354706	10	0
