0	0.74175	0.000348117	6	0
1	0.763185	0.000348891	0	0
2	0.763185	0.000348891	0	0
3	0.817664	0.000355389	0	0
4	0.825419	0.000349945	0	0
5	0.825419	0.000349945	0	0
6	0.945033	0.000355603	0	0
7	0.945033	0.000355603	0	0
8	0.945033	0.000355603	0	0
9	0.945033	0.000355603	0	0
10	0.945033	0.000355603	0	0
11	0.945033	0.000355603	0	0
12	0.945033	0.000355603	1	0
13	0.946818	0.00035349	1	0
14	0.946818	0.00035349	1	0
15	0.946818	0.00035349	1	0
16	0.946818	0.00035349	1	0
17	0.946818	0.00035349	1	0
18	0.946818	0.00035349	1	0
19	0.954146	0.000352197	1	0
20	0.954146	0.000352197	1	0
21	0.954146	0.000352197	1	0
22	0.958336	0.000355119	2	0
23	0.98577	0.000353597	4	0
24	0.98577	0.000353597	3	0
25	0.98577	0.000353597	4	0
26	0.98577	0.000353597	4	0
27	0.98577	0.000353597	4	0
28	0.98577	0.000353597	4	0
29	0.98577	0.000353597	4	0
30	0.98577	0.000353597	4	0
31	0.98577	0.000353597	4	0
32	0.98577	0.000353597	4	0
33	0.98577	0.000353597	4	0
34	0.98577	0.000353597	4	0
35	0.998097	0.000354442	6	0
36	0.998632	0.000354391	7	0
37	0.998632	0.000354391	7	0
38	0.998632	0.000354391	7	0
39	0.998632	0.000354391	7	0
40	0.998632	0.000354391	7	0
41	0.998632	0.000354391	7	0
42	0.998632	0.000354391	7	0
43	0.998885	0.000354488	9	0
44	0.998885	0.000354488	9	0
45	0.998885	0.000354488	9	0
46	0.998885	0.000354488	9	0
47	0.998885	0.000354488	9	0
48	0.998887	0.000354489	9	0
49	0.998887	0.000354489	9	0
50	0.998904	0.000354484	9	0
51	0.998904	0.000354484	9	0
52	0.998904	0.000354484	9	0
53	0.998904	0.000354484	9	0
54	0.998923	0.000354349	7	0
55	0.998923	0.000354349	7	0
56	0.999019	0.00035446	8	0
57	0.999019	0.00035446	8	0
58	0.999019	0.00035446	8	0
59	0.999019	0.00035446	8	0
60	0.999019	0.00035446	8	0
61	0.999019	0.00035446	8	0
62	0.999019	0.00035446	8	0
63	0.999019	0.00035446	8	0
64	0.999019	0.00035446	8	0
65	0.999019	0.00035446	8	0
66	0.999019	0.00035446	8	0
67	0.999019	0.00035446	8	0
68	0.999019	0.00035446	8	0
69	0.999019	0.00035446	8	0
70	0.999019	0.00035446	8	0
71	0.999021	0.000354459	9	0
72	0.999021	0.000354459	9	0
73	0.999021	0.000354459	9	0
74	0.999021	0.000354459	9	0
75	0.999021	0.000354459	5	0
76	0.999021	0.000354459	9	0
77	0.999021	0.000354459	9	0
78	0.999021	0.000354459	9	0
79	0.999021	0.000354459	9	0
80	0.999021	0.000354459	9	0
81	0.999021	0.000354459	9	0
82	0.999021	0.000354459	9	0
83	0.999021	0.000354459	9	0
84	0.999021	0.000354459	9	0
85	0.999021	0.000354459	9	0
86	0.999021	0.000354459	9	0
87	0.999021	0.000354459	9	0
88	0.999021	0.000354459	9	0
89	0.999048	0.000354439	9	0
90	0.999048	0.000354439	9	0
91	0.999048	0.000354439	9	0
92	0.999048	0.000354439	9	0
93	0.999048	0.000354439	9	0
94	0.999048	0.000354439	9	0
95	0.999048	0.000354439	9	0
96	0.999048	0.000354439	9	0
97	0.999048	0.000354439	9	0
98	0.999048	0.000354439	9	0
99	0.999048	0.000354439	9	0
100	0.999048	0.000354439	9	0
