0	0.682179	0.000362151	1	0
1	0.682179	0.000362151	0	0
2	0.764033	0.000359637	1	0
3	0.764033	0.000359637	0	0
4	0.943517	0.000351805	1	0
5	0.943517	0.000351805	2	0
6	0.943607	0.00035181	1	0
7	0.943607	0.00035181	1	0
8	0.94376	0.000351821	1	0
9	0.94376	0.000351821	1	0
10	0.94376	0.000351821	1	0
11	0.949311	0.000351753	2	0
12	0.97458	0.000352883	3	0
13	0.97458	0.000352883	2	0
14	0.97458	0.000352883	2	0
15	0.97458	0.000352883	0	0
16	0.985205	0.000353718	3	0
17	0.985205	0.000353718	3	0
18	0.988018	0.000353829	2	0
19	0.988018	0.000353829	5	0
20	0.988018	0.000353829	2	0
21	0.988018	0.000353829	2	0
22	0.990547	0.000354043	3	0
23	0.990547	0.000354043	3	0
24	0.990778	0.000353837	6	0
25	0.990778	0.000353837	6	0
26	0.991807	0.000353858	5	0
27	0.998024	0.000354779	6	0
28	0.998024	0.000354779	3	0
29	0.998024	0.000354779	3	0
30	0.998024	0.000354779	6	0
31	0.999047	0.000354744	5	0
32	0.999047	0.000354744	5	0
33	0.99912	0.000354676	5	0
34	0.99912	0.000354676	1	0
35	0.99912	0.000354676	5	0
36	0.99912	0.000354676	5	0
37	0.999164	0.000354749	6	0
38	0.99925	0.000354684	5	0
39	0.99925	0.000354684	5	0
40	0.99925	0.000354684	5	0
41	0.999266	0.000354659	5	0
42	0.999266	0.000354659	5	0
43	0.999284	0.000354726	6	0
44	0.99933	0.000354708	7	0
45	0.99933	0.000354708	7	0
46	0.99933	0.000354708	7	0
47	0.99933	0.000354708	7	0
48	0.99933	0.000354708	7	0
49	0.99933	0.000354708	7	0
50	0.99933	0.000354708	7	0
51	0.99933	0.000354708	7	0
52	0.999336	0.000354664	5	0
53	0.999336	0.000354664	5	0
54	0.999336	0.000354664	5	0
55	0.999433	0.000354523	5	0
56	0.999433	0.000354523	5	0
57	0.999457	0.000354637	6	0
58	0.999457	0.000354637	7	0
59	0.999573	0.000354557	9	0
60	0.999573	0.000354557	9	0
61	0.999573	0.000354557	5	0
62	0.999573	0.000354557	7	0
63	0.999573	0.000354557	9	0
64	0.999587	0.00035458	5	0
65	0.999587	0.00035458	5	0
66	0.999587	0.00035458	5	0
67	0.999587	0.00035458	5	0
68	0.999589	0.000354583	4	0
69	0.999608	0.000354581	8	0
70	0.999608	0.000354581	8	0
71	0.999608	0.000354581	8	0
72	0.999608	0.000354581	5	0
73	0.999608	0.000354581	8	0
74	0.999621	0.000354557	7	0
75	0.999621	0.000354557	5	0
76	0.999621	0.000354557	7	0
77	0.999621	0.000354557	7	0
78	0.999631	0.000354553	6	0
79	0.999631	0.000354553	6	0
80	0.999631	0.000354553	6	0
81	0.999631	0.000354553	6	0
82	0.999639	0.000354573	7	0
83	0.999639	0.000354573	7	0
84	0.999646	0.000354534	7	0
85	0.999646	0.000354534	7	0
86	0.999664	0.00035457	8	0
87	0.999664	0.00035457	8	0
88	0.999664	0.00035457	8	0
89	0.999664	0.00035457	8	0
90	0.999664	0.00035457	8	0
91	0.999664	0.00035457	8	0
92	0.999664	0.00035457	8	0
93	0.999681	0.00035455	8	0
94	0.999681	0.00035455	8	0
95	0.999681	0.00035455	8	0
96	0.999681	0.00035455	8	0
97	0.999681	0.00035455	8	0
98	0.999681	0.00035455	8	0
99	0.999681	0.00035455	8	0
100	0.999689	0.000354563	8	0
