0	0.635589	0.000349247	1	0
1	0.722525	0.000347745	3	0
2	0.722525	0.000347745	0	0
3	0.722525	0.000347745	3	0
4	0.722525	0.000347745	3	0
5	0.722525	0.000347745	3	0
6	0.825899	0.000352445	1	0
7	0.825899	0.000352445	1	0
8	0.825899	0.000352445	1	0
9	0.825899	0.000352445	1	0
10	0.825899	0.000352445	1	0
11	0.869815	0.000351246	6	0
12	0.869815	0.000351246	6	0
13	0.869815	0.000351246	6	0
14	0.869815	0.000351246	6	0
15	0.869815	0.000351246	6	0
16	0.869815	0.000351246	6	0
17	0.869815	0.000351246	6	0
18	0.870126	0.000351134	1	0
19	0.964621	0.000353108	1	0
20	0.964621	0.000353108	1	0
21	0.964621	0.000353108	1	0
22	0.964621	0.000353108	1	0
23	0.964621	0.000353108	1	0
24	0.964621	0.000353108	1	0
25	0.969254	0.00035358	1	0
26	0.970069	0.000353711	2	0
27	0.970069	0.000353711	1	0
28	0.978181	0.000354215	2	0
29	0.988696	0.000354384	3	0
30	0.991682	0.000353959	2	0
31	0.991682	0.000353959	2	0
32	0.991682	0.000353959	3	0
33	0.992596	0.000354133	2	0
34	0.992596	0.000354133	2	0
35	0.993075	0.000354522	1	0
36	0.993075	0.000354522	1	0
37	0.993075	0.000354522	1	0
38	0.993075	0.000354522	1	0
39	0.993075	0.000354522	1	0
40	0.993075	0.000354522	1	0
41	0.993075	0.000354522	1	0
42	0.993075	0.000354522	1	0
43	0.993358	0.000354174	4	0
44	0.993564	0.000354312	1	0
45	0.993564	0.000354312	1	0
46	0.993564	0.000354312	1	0
47	0.993564	0.000354312	1	0
48	0.993681	0.000354585	3	0
49	0.993681	0.000354585	3	0
50	0.993681	0.000354585	3	0
51	0.994144	0.000354379	1	0
52	0.994144	0.000354379	1	0
53	0.994309	0.000354317	4	0
54	0.994309	0.000354317	4	0
55	0.994672	0.000354578	4	0
56	0.994672	0.000354578	4	0
57	0.994672	0.000354578	4	0
58	0.994672	0.000354578	4	0
59	0.994672	0.000354578	4	0
60	0.995024	0.000354852	5	0
61	0.995024	0.000354852	5	0
62	0.995766	0.000354488	1	0
63	0.995809	0.000354604	5	0
64	0.995809	0.000354604	5	0
65	0.995809	0.000354604	5	0
66	0.995809	0.000354604	5	0
67	0.996267	0.000354898	3	0
68	0.996267	0.000354898	1	0
69	0.996267	0.000354898	5	0
70	0.996267	0.000354898	6	0
71	0.996267	0.000354898	3	0
72	0.996267	0.000354898	3	0
73	0.996267	0.000354898	3	0
74	0.996267	0.000354898	3	0
75	0.996267	0.000354898	3	0
76	0.996267	0.000354898	3	0
77	0.996267	0.000354898	3	0
78	0.996267	0.000354898	3	0
79	0.997211	0.000354831	5	0
80	0.997211	0.000354831	3	0
81	0.997211	0.000354831	5	0
82	0.997211	0.000354831	5	0
83	0.997211	0.000354831	5	0
84	0.99723	0.000354823	5	0
85	0.99723	0.000354823	5	0
86	0.99723	0.000354823	5	0
87	0.99723	0.000354823	5	0
88	0.99723	0.000354823	5	0
89	0.99723	0.000354823	5	0
90	0.99723	0.000354823	5	0
91	0.997299	0.000354785	5	0
92	0.997299	0.000354785	5	0
93	0.997299	0.000354785	5	0
94	0.997299	0.000354785	5	0
95	0.997315	0.000354777	5	0
96	0.997315	0.000354777	5	0
97	0.997563	0.000354806	4	0
98	0.997563	0.000354806	4	0
99	0.997563	0.000354806	5	0
100	0.997563	0.000354806	4	0
