0	0.823862	0.000351146	2	0
1	0.823862	0.000351146	2	0
2	0.823862	0.000351146	2	0
3	0.823862	0.000351146	2	0
4	0.823862	0.000351146	2	0
5	0.823931	0.000351139	2	0
6	0.823931	0.000351139	2	0
7	0.823987	0.000351139	2	0
8	0.866449	0.000352185	2	0
9	0.866543	0.000352178	2	0
10	0.866543	0.000352178	2	0
11	0.866543	0.000352178	2	0
12	0.866543	0.000352178	2	0
13	0.866543	0.000352178	2	0
14	0.867331	0.000352115	2	0
15	0.869319	0.000351878	2	0
16	0.869319	0.000351878	2	0
17	0.869319	0.000351878	2	0
18	0.869323	0.000351879	2	0
19	0.869323	0.000351879	2	0
20	0.869323	0.000351879	2	0
21	0.86943	0.000351914	3	0
22	0.86943	0.000351914	3	0
23	0.86943	0.000351914	3	0
24	0.86972	0.00035197	2	0
25	0.870851	0.000352142	2	0
26	0.872419	0.000355257	2	0
27	0.872419	0.000355257	2	0
28	0.872419	0.000355257	3	0
29	0.872419	0.000355257	2	0
30	0.872419	0.000355257	2	0
31	0.872419	0.000355257	2	0
32	0.872419	0.000355257	2	0
33	0.872419	0.000355257	2	0
34	0.872419	0.000355257	2	0
35	0.872419	0.000355257	2	0
36	0.872419	0.000355257	2	0
37	0.880361	0.000353032	2	0
38	0.900498	0.000354083	3	0
39	0.900498	0.000354083	3	0
40	0.920794	0.000354679	2	0
41	0.920794	0.000354679	2	0
42	0.920794	0.000354679	2	0
43	0.920794	0.000354679	2	0
44	0.920794	0.000354679	2	0
45	0.920794	0.000354679	2	0
46	0.920794	0.000354679	2	0
47	0.931987	0.000353677	2	0
48	0.931987	0.000353677	2	0
49	0.931987	0.000353677	2	0
50	0.931987	0.000353677	2	0
51	0.931987	0.000353677	2	0
52	0.931987	0.000353677	2	0
53	0.935155	0.000354523	2	0
54	0.935155	0.000354523	2	0
55	0.935155	0.000354523	2	0
56	0.935155	0.000354523	2	0
57	0.935155	0.000354523	2	0
58	0.942302	0.000354299	3	0
59	0.942302	0.000354299	2	0
60	0.942302	0.000354299	3	0
61	0.942302	0.000354299	3	0
62	0.948628	0.000353968	2	0
63	0.949394	0.000353843	2	0
64	0.949394	0.000353843	2	0
65	0.949394	0.000353843	2	0
66	0.949394	0.000353843	2	0
67	0.949394	0.000353843	2	0
68	0.949394	0.000353843	2	0
69	0.949394	0.000353843	2	0
70	0.949394	0.000353843	2	0
71	0.949394	0.000353843	2	0
72	0.949738	0.00035375	2	0
73	0.949738	0.00035375	2	0
74	0.949738	0.00035375	2	0
75	0.949738	0.00035375	2	0
76	0.949738	0.00035375	2	0
77	0.949738	0.00035375	2	0
78	0.949738	0.00035375	2	0
79	0.949738	0.00035375	2	0
80	0.949738	0.00035375	2	0
81	0.949738	0.00035375	2	0
82	0.949738	0.00035375	2	0
83	0.949738	0.00035375	2	0
84	0.949738	0.00035375	2	0
85	0.949738	0.00035375	2	0
86	0.949738	0.00035375	2	0
87	0.949738	0.00035375	2	0
88	0.949738	0.00035375	2	0
89	0.949738	0.00035375	2	0
90	0.949738	0.00035375	2	0
91	0.949738	0.00035375	2	0
92	0.949738	0.00035375	2	0
93	0.949738	0.00035375	2	0
94	0.949738	0.00035375	2	0
95	0.949738	0.00035375	2	0
96	0.949738	0.00035375	2	0
97	0.949738	0.00035375	2	0
98	0.949738	0.00035375	2	0
99	0.949738	0.00035375	2	0
100	0.949738	0.00035375	2	0
