0	0.699454	0.000346816	3	0
1	0.74175	0.000348117	6	0
2	0.74175	0.000348117	6	0
3	0.74175	0.000348117	6	0
4	0.74175	0.000348117	6	0
5	0.74175	0.000348117	6	0
6	0.74175	0.000348117	6	0
7	0.74175	0.000348117	6	0
8	0.776827	0.00035241	1	0
9	0.776827	0.00035241	6	0
10	0.776827	0.00035241	1	0
11	0.776827	0.00035241	1	0
12	0.776827	0.00035241	1	0
13	0.776827	0.00035241	1	0
14	0.811493	0.00035293	1	0
15	0.819698	0.00035241	1	0
16	0.819698	0.00035241	1	0
17	0.828238	0.000352099	3	0
18	0.828238	0.000352099	3	0
19	0.828238	0.000352099	3	0
20	0.862259	0.000351342	7	0
21	0.862259	0.000351342	7	0
22	0.862259	0.000351342	7	0
23	0.862259	0.000351342	7	0
24	0.862259	0.000351342	7	0
25	0.911806	0.00035755	3	0
26	0.911806	0.00035755	3	0
27	0.911806	0.00035755	3	0
28	0.911806	0.00035755	3	0
29	0.911806	0.00035755	3	0
30	0.911806	0.00035755	3	0
31	0.911806	0.00035755	3	0
32	0.911806	0.00035755	3	0
33	0.911806	0.00035755	3	0
34	0.911806	0.00035755	3	0
35	0.911806	0.00035755	3	0
36	0.932355	0.000352952	3	0
37	0.932355	0.000352952	3	0
38	0.932355	0.000352952	3	0
39	0.932355	0.000352952	3	0
40	0.932355	0.000352952	3	0
41	0.932355	0.000352952	3	0
42	0.932355	0.000352952	3	0
43	0.932355	0.000352952	3	0
44	0.932355	0.000352952	3	0
45	0.932355	0.000352952	3	0
46	0.932355	0.000352952	3	0
47	0.932355	0.000352952	3	0
48	0.932355	0.000352952	3	0
49	0.932355	0.000352952	3	0
50	0.932355	0.000352952	3	0
51	0.932355	0.000352952	3	0
52	0.932355	0.000352952	3	0
53	0.989759	0.000355815	2	0
54	0.989759	0.000355815	2	0
55	0.989759	0.000355815	2	0
56	0.989759	0.000355815	2	0
57	0.989759	0.000355815	2	0
58	0.989759	0.000355815	2	0
59	0.989759	0.000355815	2	0
60	0.989759	0.000355815	2	0
61	0.989759	0.000355815	2	0
62	0.989759	0.000355815	2	0
63	0.989759	0.000355815	2	0
64	0.989759	0.000355815	2	0
65	0.989759	0.000355815	2	0
66	0.989759	0.000355815	2	0
67	0.989759	0.000355815	2	0
68	0.989759	0.000355815	2	0
69	0.989759	0.000355815	2	0
70	0.989759	0.000355815	2	0
71	0.989759	0.000355815	2	0
72	0.989759	0.000355815	2	0
73	0.989759	0.000355815	2	0
74	0.989759	0.000355815	2	0
75	0.989759	0.000355815	2	0
76	0.989759	0.000355815	2	0
77	0.989759	0.000355815	2	0
78	0.989759	0.000355815	2	0
79	0.989759	0.000355815	2	0
80	0.989759	0.000355815	2	0
81	0.989759	0.000355815	2	0
82	0.989759	0.000355815	2	0
83	0.989759	0.000355815	2	0
84	0.989759	0.000355815	2	0
85	0.989759	0.000355815	2	0
86	0.989759	0.000355815	2	0
87	0.989759	0.000355815	2	0
88	0.989759	0.000355815	2	0
89	0.993563	0.000355555	4	0
90	0.993563	0.000355555	4	0
91	0.993563	0.000355555	4	0
92	0.993563	0.000355555	4	0
93	0.993563	0.000355555	4	0
94	0.993563	0.000355555	4	0
95	0.993563	0.000355555	4	0
96	0.993563	0.000355555	4	0
97	0.993563	0.000355555	4	0
98	0.993563	0.000355555	4	0
99	0.993563	0.000355555	4	0
100	0.993563	0.000355555	4	0
