0	0.769446	0.000352492	2	0
1	0.785327	0.000355618	0	0
2	0.785327	0.000355618	0	0
3	0.932355	0.000352952	3	0
4	0.932355	0.000352952	3	0
5	0.932355	0.000352952	3	0
6	0.932355	0.000352952	3	0
7	0.932355	0.000352952	3	0
8	0.932355	0.000352952	3	0
9	0.989183	0.000353743	6	0
10	0.989183	0.000353743	6	0
11	0.989183	0.000353743	6	0
12	0.989183	0.000353743	6	0
13	0.989183	0.000353743	6	0
14	0.989183	0.000353743	6	0
15	0.989183	0.000353743	2	0
16	0.989183	0.000353743	6	0
17	0.989183	0.000353743	1	0
18	0.989183	0.000353743	6	0
19	0.989183	0.000353743	0	0
20	0.989183	0.000353743	2	0
21	0.989183	0.000353743	6	0
22	0.989183	0.000353743	6	0
23	0.989183	0.000353743	6	0
24	0.989183	0.000353743	6	0
25	0.989183	0.000353743	6	0
26	0.989183	0.000353743	6	0
27	0.989183	0.000353743	6	0
28	0.989183	0.000353743	6	0
29	0.989183	0.000353743	6	0
30	0.989183	0.000353743	6	0
31	0.989183	0.000353743	6	0
32	0.989183	0.000353743	6	0
33	0.989183	0.000353743	6	0
34	0.989183	0.000353743	6	0
35	0.989183	0.000353743	6	0
36	0.989183	0.000353743	6	0
37	0.989183	0.000353743	6	0
38	0.989183	0.000353743	6	0
39	0.989183	0.000353743	6	0
40	0.989183	0.000353743	6	0
41	0.989183	0.000353743	6	0
42	0.989183	0.000353743	6	0
43	0.989183	0.000353743	6	0
44	0.989183	0.000353743	6	0
45	0.989183	0.000353743	6	0
46	0.989183	0.000353743	6	0
47	0.989183	0.000353743	6	0
48	0.989183	0.000353743	6	0
49	0.989183	0.000353743	6	0
50	0.989183	0.000353743	6	0
51	0.989183	0.000353743	6	0
52	0.989183	0.000353743	6	0
53	0.989183	0.000353743	6	0
54	0.989183	0.000353743	6	0
55	0.989183	0.000353743	6	0
56	0.989183	0.000353743	6	0
57	0.989183	0.000353743	6	0
58	0.989183	0.000353743	6	0
59	0.989183	0.000353743	6	0
60	0.989183	0.000353743	6	0
61	0.989183	0.000353743	6	0
62	0.989183	0.000353743	6	0
63	0.989183	0.000353743	6	0
64	0.989183	0.000353743	6	0
65	0.989183	0.000353743	6	0
66	0.989183	0.000353743	6	0
67	0.989183	0.000353743	6	0
68	0.989183	0.000353743	6	0
69	0.989183	0.000353743	6	0
70	0.989183	0.000353743	6	0
71	0.989183	0.000353743	6	0
72	0.989183	0.000353743	6	0
73	0.989183	0.000353743	6	0
74	0.989183	0.000353743	6	0
75	0.989183	0.000353743	6	0
76	0.989183	0.000353743	6	0
77	0.989183	0.000353743	6	0
78	0.989183	0.000353743	6	0
79	0.989183	0.000353743	6	0
80	0.989183	0.000353743	6	0
81	0.989183	0.000353743	6	0
82	0.989183	0.000353743	6	0
83	0.989183	0.000353743	6	0
84	0.989183	0.000353743	6	0
85	0.989183	0.000353743	6	0
86	0.989183	0.000353743	6	0
87	0.989183	0.000353743	6	0
88	0.989183	0.000353743	6	0
89	0.989183	0.000353743	6	0
90	0.989183	0.000353743	6	0
91	0.989183	0.000353743	6	0
92	0.989183	0.000353743	6	0
93	0.989183	0.000353743	6	0
94	0.989183	0.000353743	6	0
95	0.989183	0.000353743	6	0
96	0.989183	0.000353743	6	0
97	0.989183	0.000353743	6	0
98	0.989183	0.000353743	6	0
99	0.989183	0.000353743	6	0
100	0.989183	0.000353743	6	0
