 6.28219 0.437225 0.961662
 6.28219 0.437225 0.961662
 5.87726 -1.88634 0.951556
 5.87726 -1.88634 0.951556
 -4.82449 3.69216 0.923277
 5.87729 -1.88636 0.951564
 6.97513 -6.19067 0.911061
 -4.82446 3.69806 0.924616
 6.97513 -6.18475 0.9104
 6.97513 -6.18475 0.9104
 -2.77096 -0.559751 0.897045
 6.97427 -6.21864 0.913724
 -0.271822 2.55211 0.699592
 -3.69033 -0.594357 0.675198
 -1.18544 9.49964 0.895983
 -1.59619 2.5522 0.974019
 -9.39047 1.53009 0.90966
 -3.46336 -7.50252 0.148287
 1.0815 1.06618 0.0027076
 -3.55244 -0.408227 0.812617
 5.8617 -0.264174 0.809184
 5.8617 -0.264174 0.809184
 -7.24149 -6.61071 0.786553
 -7.24149 -6.61071 0.786553
 -9.72618 1.9656 0.702624
 -9.83526 0.886578 0.738503
 -9.72624 8.89256 0.570567
 -9.72624 1.98033 0.7003
 -9.72624 1.98033 0.7003
 -8.14106 1.98029 0.234303
 -9.07856 4.11248 0.667746
 -8.14485 8.89252 0.666812
 5.9099 -8.18474 0.557014
 -7.20086 9.64112 0.64803
 2.98606 -6.33298 0.540241
 2.98606 -6.33298 0.540241
 -0.631873 6.98019 0.533499
 6.28219 0.437225 0.961662
 6.28219 0.437225 0.961662
 6.26384 0.447214 0.962049
 -9.40325 3.78802 0.519015
 -9.40326 3.78802 0.519013
 -2.30524 8.33686 0.474798
 -2.30524 8.33686 0.474798
 6.01893 3.32402 0.656983
 -8.7263 -9.82904 0.598643
 3.39893 -2.41171 0.263968
 9.87522 3.00537 0.351273
 1.41218 3.88726 0.292189
 8.73286 -7.0585 0.0474202
