 6.29443 0.364695 0.96131
 -1.62678 2.63471 0.988488
 6.26384 0.447214 0.962049
 6.26384 0.447214 0.962049
 6.28219 0.437225 0.961662
 6.28219 0.437225 0.961662
 6.28219 0.437225 0.961662
 6.28219 0.437225 0.961662
 5.87729 -1.88636 0.951564
 5.87729 -1.88636 0.951564
 5.87729 -1.88636 0.951564
 5.87729 -1.88636 0.951564
 5.87726 -1.88634 0.951556
 -4.82465 3.69716 0.924465
 5.87726 -1.88634 0.951556
 5.87744 -1.88544 0.951536
 7.01456 -6.17958 0.914267
 6.97391 -6.18475 0.910242
 6.85953 9.44024 0.342556
 -9.02096 1.53009 0.85472
 -3.68544 -0.402706 0.702956
 -1.05244 9.49412 0.901569
 5.8617 -0.408227 0.81495
 -3.55243 -0.264174 0.822807
 -7.26322 -6.61061 0.776103
 5.88351 -0.264193 0.824222
 -7.20243 -6.61071 0.804532
 -7.24149 -6.61071 0.786553
 -9.71807 0.886578 0.815123
 -9.84337 1.9656 0.607832
 -9.72618 1.9656 0.702624
 -9.72624 1.98033 0.7003
 -9.0792 4.11217 0.667376
 -0.271184 2.55242 0.699809
 6.01893 3.32402 0.656983
 6.01893 3.32402 0.656983
 -8.72918 -9.81201 0.607187
 -7.20086 9.64112 0.64803
 -7.20574 9.646 0.653141
 -7.19798 9.62408 0.636389
 5.89877 -1.10744 0.890813
 -9.7151 1.81526 0.732578
 2.98606 -6.33298 0.540241
 2.98606 -6.33298 0.540241
 -5.63187 3.78805 0.732921
 -4.40325 6.98016 0.141288
 9.85456 3.00677 0.368533
 -9.38259 3.78662 0.536819
 -8.14105 1.96328 0.231074
 3.39893 -2.39715 0.271345
