 6.26384 0.437225 0.962052
 -1.62678 2.62472 0.98771
 6.26384 0.437225 0.962052
 6.26384 0.437225 0.962052
 6.26384 0.437225 0.962052
 6.26384 0.437225 0.962052
 6.26384 0.437225 0.962052
 6.26399 0.447295 0.962049
 6.26384 0.437377 0.962052
 6.26384 0.437377 0.962052
 6.26384 0.437377 0.962052
 6.26384 0.437377 0.962052
 6.26384 0.437377 0.962052
 6.26384 0.437377 0.962052
 6.26384 0.437377 0.962052
 6.26384 0.437296 0.962052
 6.26384 0.448282 0.962049
 6.26384 0.447214 0.962049
 6.81804 -0.266592 0.702881
 6.26941 0.447181 0.961991
 6.50623 -0.266625 0.910098
 6.50623 -0.266625 0.910098
 6.50623 -0.266625 0.910098
 6.50623 -0.266625 0.910098
 -9.02092 8.80953 0.861263
 -9.01604 8.81442 0.86127
 -9.02092 8.81442 0.860938
 -9.02092 8.81442 0.860938
 -9.02092 8.81442 0.860938
 -9.0197 8.81442 0.861023
 8.78181 2.56442 0.854144
 7.79968 9.75192 0.859715
 -9.07918 3.80942 0.75924
 -9.02094 9.05053 0.821534
 -0.271756 2.55318 0.700548
 -0.271756 2.55318 0.700548
 -0.270574 2.53872 0.687375
 -0.270574 2.53872 0.687375
 -0.270574 2.53811 0.68682
 -0.270574 2.53811 0.68682
 -0.270574 2.53811 0.68682
 -0.270574 2.53811 0.68682
 -0.251653 2.53289 0.680277
 -0.251653 2.53289 0.680277
 -7.26276 -6.81739 0.672161
 -7.26276 -6.81739 0.672161
 9.74896 3.15792 0.418587
 -7.24383 -7.46157 0.284468
 -9.62879 9.62961 0.20785
 5.86189 4.85718 0.0539462
