 6.26384 0.437225 0.962052
 -1.62678 2.62472 0.98771
 6.26384 0.437225 0.962052
 6.26384 0.437225 0.962052
 6.26384 0.437225 0.962052
 6.26384 0.437225 0.962052
 6.26384 0.437225 0.962052
 6.26384 0.437225 0.962052
 6.26384 0.437296 0.962052
 6.26384 0.437296 0.962052
 6.26384 0.437296 0.962052
 6.26384 0.437296 0.962052
 6.26384 0.437377 0.962052
 6.26384 0.448363 0.962049
 6.26384 0.437377 0.962052
 6.26399 0.43753 0.962052
 6.26384 0.437377 0.962052
 6.26384 0.437449 0.962052
 6.58137 0.447295 0.867234
 6.26453 0.447181 0.962045
 6.50623 -0.266625 0.910098
 6.50623 -0.266625 0.910098
 6.50623 -0.266625 0.910098
 6.50623 -0.266625 0.910098
 -9.01604 8.81442 0.86127
 -9.0197 8.81442 0.861023
 -9.0197 8.81442 0.861023
 -9.0197 8.81442 0.861023
 -9.02092 8.81442 0.860938
 -9.02092 8.81442 0.860938
 -9.02092 8.81442 0.860938
 -9.02092 8.81442 0.860938
 -9.07532 3.80953 0.761668
 7.79582 9.7518 0.859416
 6.81804 -0.266592 0.702881
 6.81804 -0.266592 0.702881
 -0.269315 2.51412 0.664669
 -0.271756 2.55318 0.700548
 -0.271909 2.55333 0.7007
 -0.273015 2.57778 0.722486
 -0.270574 2.53872 0.687375
 -0.270574 2.53811 0.68682
 -0.270574 2.53811 0.68682
 -0.270574 2.53811 0.68682
 -0.270574 2.53289 0.682058
 -0.251653 2.53811 0.68505
 -7.26276 -7.46711 0.270088
 -0.251653 3.18261 0.987343
 -6.50104 -6.21708 0.764742
 7.75609 3.16335 0.232641
