 -0.298659 3.24972 0.974849
 -1.57978 2.55761 0.972979
 6.26385 0.437246 0.962052
 -0.251662 3.18259 0.987345
 6.26384 0.437225 0.962052
 6.26384 0.437225 0.962052
 6.26384 0.437225 0.962052
 6.26384 0.437225 0.962052
 6.26384 0.437225 0.962052
 6.26384 0.437225 0.962052
 6.26384 0.437225 0.962052
 6.26384 0.437225 0.962052
 6.26384 0.437225 0.962052
 6.26384 0.438517 0.962052
 6.26384 0.437296 0.962052
 6.26384 0.437296 0.962052
 6.26384 0.447143 0.962049
 6.26384 0.437449 0.962052
 8.76399 2.94722 0.892197
 6.26453 0.437492 0.962049
 6.50623 -0.266625 0.910098
 6.50623 -0.266625 0.910098
 6.50623 -0.266625 0.910098
 6.50623 -0.266625 0.910098
 -9.01921 9.1973 0.775222
 6.58088 0.0644153 0.875851
 -9.02092 8.81442 0.860938
 -9.0197 8.81442 0.861023
 -9.00994 8.81442 0.861655
 -9.0197 8.81442 0.861023
 -9.0197 8.81442 0.861023
 -9.0197 8.81442 0.861023
 7.79583 9.75176 0.859413
 -9.02093 8.81445 0.860936
 -6.50104 -6.21708 0.764742
 -6.50104 -6.21708 0.764742
 -0.273015 2.57778 0.722486
 -0.273015 2.57778 0.722486
 6.81805 -0.266606 0.702874
 -0.273022 2.5778 0.722499
 -0.2718 2.54591 0.694005
 6.81794 -0.259165 0.703216
 -0.271756 2.53872 0.687492
 -0.270574 2.55318 0.700433
 -0.270574 2.53811 0.68682
 -0.270574 2.53811 0.68682
 -0.270574 2.53811 0.68682
 -0.270574 2.53289 0.682058
 -7.2615 2.51412 0.0268907
 -0.270574 2.53228 0.681502
