 -0.251662 3.18259 0.987345
 -0.298659 3.24972 0.974849
 -1.57979 2.55759 0.972976
 -0.29865 3.24975 0.974844
 6.26384 0.437301 0.962052
 6.26384 0.437225 0.962052
 6.26384 0.437225 0.962052
 6.26384 0.437225 0.962052
 6.26384 0.437225 0.962052
 6.26384 0.437225 0.962052
 6.26384 0.437225 0.962052
 6.26384 0.437225 0.962052
 6.26384 0.437225 0.962052
 6.26384 0.437225 0.962052
 6.26384 0.437225 0.962052
 6.26384 0.437225 0.962052
 6.26445 0.437906 0.96205
 6.26384 0.438517 0.962052
 6.42009 -0.110719 0.942266
 6.50623 0.447486 0.905706
 6.50623 -0.266625 0.910098
 6.50623 -0.266625 0.910098
 6.50623 -0.266625 0.910098
 6.50623 -0.266625 0.910098
 -3.41912 8.81442 0.917148
 0.980297 0.0644153 0.307749
 -9.0197 8.81442 0.861023
 -9.0197 8.81442 0.861023
 -9.0197 8.81442 0.861023
 -9.01909 8.81381 0.861106
 -9.0197 8.81442 0.861023
 -9.0197 8.81442 0.861023
 -9.01971 9.12695 0.799516
 -9.02043 8.8848 0.854102
 -6.50104 -6.21708 0.764742
 -6.50104 -6.21708 0.764742
 -0.273098 2.5778 0.722507
 -0.273022 2.5778 0.722499
 -0.273015 2.57778 0.722486
 6.81797 -0.259129 0.703185
 -0.273015 2.57778 0.722486
 -0.273053 3.82775 0.580489
 -0.270574 2.55318 0.700433
 -0.270574 2.55318 0.700433
 -0.271756 2.53872 0.687492
 -0.271756 2.53872 0.687492
 -0.270574 2.53292 0.682093
 -0.270574 2.53807 0.686785
 -0.895574 3.15789 0.969848
 -0.270612 0.0322777 0.927479
