 -0.251662 3.18259 0.987345
 -0.298659 3.24972 0.974849
 -0.298659 3.24972 0.974849
 -0.29865 3.24975 0.974844
 6.54521 0.448211 0.886855
 6.26384 0.43753 0.962052
 6.26384 0.437225 0.962052
 6.26384 0.437225 0.962052
 6.26384 0.437225 0.962052
 6.26384 0.437225 0.962052
 6.26384 0.437225 0.962052
 6.26384 0.437225 0.962052
 6.26384 0.437225 0.962052
 6.26384 0.437225 0.962052
 6.26384 0.437225 0.962052
 6.26384 0.437225 0.962052
 -1.86116 2.5466 0.989991
 6.26384 0.437301 0.962052
 7.0457 -0.110723 0.497309
 6.26384 0.437911 0.962052
 -3.41912 8.81442 0.917148
 -3.41912 8.81442 0.917148
 6.50623 -0.266625 0.910098
 6.50623 -0.266625 0.910098
 6.50623 0.35838 0.908168
 6.50623 -0.177514 0.911411
 -9.01909 9.19749 0.775194
 6.50867 0.063805 0.911268
 -9.01909 8.81381 0.861106
 -9.0197 8.81442 0.861023
 -9.0197 8.81442 0.861023
 -9.0197 8.81442 0.861023
 -9.0197 9.12692 0.799528
 -9.01971 8.81445 0.861021
 -6.50104 -6.21708 0.764742
 -6.50104 -6.21708 0.764742
 -6.50135 -6.21708 0.764894
 -6.50104 -6.21708 0.764742
 -0.273022 2.5778 0.722499
 -0.273098 2.5778 0.722507
 -0.273015 2.57778 0.722486
 -0.273015 7.57779 0.067901
 6.81797 -0.259129 0.703185
 6.81797 -0.259129 0.703185
 -0.270574 2.55318 0.700433
 -0.270574 2.55318 0.700433
 -0.270535 2.53872 0.687373
 -0.271794 2.53292 0.682212
 -2.77305 3.82775 0.000199708
 9.72695 -6.1724 0.221398
