 -0.298659 3.1716 0.988035
 -1.81416 2.55759 0.990229
 -0.298659 3.24972 0.974849
 -0.251662 3.18259 0.987345
 -0.298659 3.24972 0.974849
 -0.29865 3.24975 0.974844
 6.26384 0.43753 0.962052
 6.26384 0.437225 0.962052
 6.26384 0.437225 0.962052
 6.26384 0.437225 0.962052
 6.26384 0.437225 0.962052
 6.26384 0.437225 0.962052
 6.26384 0.437225 0.962052
 6.26384 0.437225 0.962052
 6.26384 0.437225 0.962052
 6.26384 0.437225 0.962052
 6.26384 0.437225 0.962052
 6.26384 0.437301 0.962052
 -2.79378 9.43945 0.760459
 6.2635 0.437874 0.962053
 6.50623 -0.177514 0.911411
 6.50623 -0.177514 0.911411
 6.50867 0.063805 0.911268
 6.50867 0.063805 0.911268
 6.54529 0.35838 0.889642
 6.50615 -0.176789 0.911454
 -9.01909 9.19821 0.774924
 6.54765 0.063805 0.893217
 -9.01909 8.81381 0.861106
 -9.0197 8.81442 0.861023
 -9.0197 8.81442 0.861023
 -9.0197 8.81442 0.861023
 -9.0191 9.19775 0.775094
 -9.0197 8.81419 0.861039
 -6.50104 -6.21708 0.764742
 -6.50104 -6.21708 0.764742
 -6.50104 -6.21708 0.764742
 -6.50135 -6.21708 0.764894
 -6.50104 -6.21708 0.764742
 -6.50104 -6.21708 0.764742
 -0.273098 2.5778 0.722507
 -0.273022 7.5778 0.0678939
 -0.273015 2.57778 0.722486
 -0.273015 2.57778 0.722486
 6.81797 -0.259129 0.703185
 6.81797 -0.259129 0.703185
 -0.271794 2.55318 0.70055
 -0.270574 2.53292 0.682093
 7.0457 -0.110723 0.497309
 7.0457 -0.110723 0.497309
