 -0.251662 3.18259 0.987345
 -1.86116 2.5466 0.989991
 -0.251662 3.18259 0.987345
 -0.298659 3.1716 0.988035
 -0.251662 3.26071 0.97309
 -0.298659 3.1716 0.988035
 6.26384 0.437246 0.962052
 6.26384 0.437225 0.962052
 6.26384 0.437225 0.962052
 6.26384 0.437225 0.962052
 6.26384 0.437225 0.962052
 6.26384 0.43753 0.962052
 6.26384 0.437225 0.962052
 6.26384 0.437225 0.962052
 6.26384 0.437225 0.962052
 6.26384 0.437225 0.962052
 6.26384 0.437225 0.962052
 -0.29865 3.24972 0.97485
 7.13054 -0.176789 0.414918
 6.26445 0.437301 0.96205
 6.50623 -0.177514 0.911411
 6.50623 -0.177514 0.911411
 6.50867 0.063805 0.911268
 6.50867 0.063805 0.911268
 -9.01875 8.81381 0.861129
 6.54731 0.063805 0.893386
 -9.01909 8.81381 0.861106
 -9.01909 8.81381 0.861106
 -9.0197 8.81419 0.861039
 -9.0197 8.81419 0.861039
 -9.0197 8.81442 0.861023
 -9.0197 8.81442 0.861023
 -6.5197 -6.21706 0.773901
 -9.00135 8.8144 0.862142
 -6.50104 -6.21708 0.764742
 -2.79499 9.44699 0.75519
 -6.50104 -6.21708 0.764742
 -6.50104 -6.21708 0.764742
 -6.50135 -6.21708 0.764894
 -6.50104 -6.21708 0.764742
 -6.50104 -6.21708 0.764742
 -1.49983 -1.22461 0.127257
 -0.273098 2.5778 0.722507
 -0.273015 2.57778 0.722486
 9.72699 -1.17222 0.79151
 -3.18203 3.49087 0.000120806
 -0.27065 3.49087 0.865455
 6.81805 -1.21708 0.611493
 7.0457 -0.110723 0.497309
 7.0457 -0.110723 0.497309
