 -0.298659 3.1716 0.988035
 -1.86116 2.5466 0.989991
 -0.251662 3.1716 0.988398
 -0.298659 3.1716 0.988035
 -0.298659 3.1716 0.988035
 -0.298659 3.18259 0.986897
 -0.249822 3.26071 0.973127
 -0.30049 3.24972 0.974808
 6.26384 0.43753 0.962052
 6.26384 0.437225 0.962052
 6.26384 0.437225 0.962052
 6.26384 0.437225 0.962052
 6.26384 0.437225 0.962052
 6.26384 0.437225 0.962052
 6.26384 0.437225 0.962052
 6.26384 0.437225 0.962052
 6.26384 0.437225 0.962052
 6.26384 0.437225 0.962052
 6.88884 1.06253 0.569959
 6.26445 0.437301 0.96205
 6.50623 0.0763923 0.912255
 6.50867 -0.190101 0.910204
 6.50867 0.063805 0.911268
 6.50867 0.063805 0.911268
 -9.00078 8.81381 0.862201
 6.54675 0.0643951 0.893663
 -9.01875 8.8144 0.86109
 -9.00135 8.81381 0.862172
 -9.01875 8.81381 0.861129
 -9.01909 8.81381 0.861106
 -9.01909 8.81381 0.861106
 -9.01909 8.81381 0.861106
 9.72694 -1.17239 0.791525
 -9.01966 8.81436 0.86103
 -6.5197 -6.21706 0.773901
 -6.5197 -6.21706 0.773901
 -6.50135 -6.21708 0.764894
 -6.50135 -6.21708 0.764894
 -6.50104 -6.21708 0.764742
 -6.50104 -6.21708 0.764742
 -6.50104 -6.21708 0.764742
 -1.50104 -1.21708 0.124731
 -6.50104 -6.21708 0.764742
 -6.50104 -6.21708 0.764742
 -2.79499 9.44699 0.75519
 -2.79499 9.44699 0.75519
 9.7269 -0.1108 0.832345
 -2.9543 2.57788 0.498447
 7.12383 -0.188848 0.421
 7.05242 -0.0988168 0.491046
