 -0.298659 3.1716 0.988035
 -1.81416 2.5466 0.990099
 -0.298659 3.1716 0.988035
 -0.251662 3.1716 0.988398
 -0.298659 3.1716 0.988035
 -0.298659 3.1716 0.988035
 -0.249831 3.26071 0.973127
 -0.29865 3.18259 0.986897
 -0.249822 3.26071 0.973127
 -0.249822 3.26071 0.973127
 6.62518 3.26071 0.194395
 6.26384 0.437225 0.962052
 6.26384 0.437225 0.962052
 6.26445 0.437835 0.96205
 6.26384 0.437225 0.962052
 6.26384 0.437301 0.962052
 6.26384 0.437225 0.962052
 -0.611159 0.437225 0.533618
 6.50554 0.23268 0.91096
 6.26453 0.437492 0.962049
 6.50867 0.063805 0.911268
 6.50867 0.063805 0.911268
 6.50867 -0.190101 0.910204
 6.50867 -0.190101 0.910204
 -9.01909 8.81381 0.861106
 -9.00044 8.81381 0.862219
 -9.01875 8.81381 0.861129
 -9.01875 8.81381 0.861129
 -9.01909 8.81381 0.861106
 -9.01909 8.81381 0.861106
 -9.01909 8.81381 0.861106
 -9.01909 8.81381 0.861106
 9.73125 -1.17241 0.788802
 -9.02306 8.81441 0.860787
 -6.5197 -6.21706 0.773901
 -6.5197 -6.21706 0.773901
 -6.50135 -6.21708 0.764894
 -6.50135 -6.21708 0.764894
 -6.50135 -6.21708 0.764894
 -6.50142 -6.21708 0.764932
 -6.50104 -6.21708 0.764742
 -5.25104 -6.21708 0.0735953
 -6.50104 -6.21708 0.764742
 -6.50104 -6.21708 0.764742
 -6.50104 -6.21708 0.764742
 -6.50104 -6.21708 0.764742
 -2.79499 2.57786 0.614538
 -2.9543 9.447 0.721466
 6.42742 -0.0988168 0.940272
 9.62383 -2.68889 0.646407
