 -0.251662 3.1716 0.988398
 -1.81416 2.5466 0.990099
 -0.298659 3.1716 0.988035
 -0.251662 3.1716 0.988398
 -0.298659 3.1716 0.988035
 -0.298659 3.1716 0.988035
 -0.298659 3.18259 0.986897
 -0.29865 3.1716 0.988035
 -0.249822 3.26071 0.973127
 -0.249822 3.26071 0.973127
 -0.249822 3.26071 0.973127
 -0.249822 3.26071 0.973127
 -0.249822 3.26071 0.973127
 -0.249831 3.26071 0.973127
 6.26384 0.43753 0.962052
 6.26384 0.437225 0.962052
 6.26384 0.437225 0.962052
 6.26445 0.437835 0.96205
 7.13367 0.688537 0.382736
 6.42742 -0.0985485 0.940272
 6.50554 -0.190102 0.911554
 6.50867 0.232682 0.909602
 6.50867 -0.190101 0.910204
 6.50867 -0.190101 0.910204
 -9.01913 8.81381 0.861103
 -9.01871 8.81381 0.861132
 -9.01909 8.81381 0.861106
 -9.01909 8.81381 0.861106
 -9.01909 8.81381 0.861106
 -9.01909 8.81381 0.861106
 -9.01909 8.81381 0.861106
 -9.01909 8.81381 0.861106
 -6.5197 -6.21793 0.774304
 -9.01909 8.81468 0.861047
 -6.50142 -6.21708 0.764932
 -6.50142 -6.21708 0.764932
 -6.50135 -6.21708 0.764894
 -6.50135 -6.21708 0.764894
 -6.50135 -6.21708 0.764894
 -6.50135 -6.21708 0.764894
 -6.50135 -6.21708 0.764894
 -1.50104 -1.21708 0.124731
 -6.50104 -6.21708 0.764742
 -6.50104 -6.21708 0.764742
 -6.50104 -6.21708 0.764742
 -6.50104 -6.21708 0.764742
 -2.79499 2.53292 0.643407
 -6.50104 -6.17214 0.742844
 -3.11116 2.93722 0.17347
 9.38884 -9.56293 0.381791
