 6.26384 0.447214 0.962049
 -1.62678 2.63471 0.988488
 6.26384 0.447214 0.962049
 6.26384 0.447214 0.962049
 6.28219 0.447214 0.961634
 6.26384 0.437225 0.962052
 6.28219 0.437225 0.961662
 6.28219 0.437225 0.961662
 6.29443 0.364695 0.96131
 6.29443 0.364695 0.96131
 6.29443 0.364695 0.96131
 6.29443 0.364695 0.96131
 5.87695 -2.1353 0.961487
 6.29477 0.613641 0.959888
 5.87729 -1.88636 0.951564
 5.87729 -1.88636 0.951564
 5.89679 -1.88634 0.954951
 5.87744 -1.88544 0.951536
 6.97427 -1.18477 0.470832
 7.0142 -6.17956 0.914233
 5.89877 -1.10744 0.890813
 5.89877 -1.10744 0.890813
 -9.02096 1.53009 0.85472
 -9.02096 1.53009 0.85472
 5.86163 -0.264136 0.809133
 -3.55236 -0.408227 0.812671
 5.88123 -0.427758 0.829135
 5.8617 -0.408227 0.81495
 -7.20243 -6.61071 0.804532
 -7.20243 -6.61071 0.804532
 -7.26324 -6.61071 0.776054
 -7.24148 -6.61061 0.786601
 -9.72615 1.96554 0.702654
 -5.6319 3.78811 0.732876
 -0.271184 2.55242 0.699809
 -0.271184 2.55242 0.699809
 6.01892 3.32398 0.657009
 -9.0792 4.11217 0.667376
 -9.08164 4.11461 0.664734
 -9.07919 4.11221 0.667368
 -7.20373 9.57402 0.607899
 6.01692 3.396 0.626839
 -7.20086 9.62408 0.637706
 -7.19798 9.64112 0.646734
 -8.72925 -8.0344 0.51064
 -9.8433 0.18799 0.759849
 7.98606 3.00295 0.366735
 4.85456 -6.32917 0.0140503
 3.42203 -2.39715 0.254856
 6.83643 9.43903 0.330209
