 -0.251662 3.1716 0.988398
 -1.81416 2.5466 0.990099
 -0.251662 3.1716 0.988398
 -0.251662 3.1716 0.988398
 -0.298659 3.1716 0.988035
 -0.251662 3.1716 0.988398
 -0.298659 3.1716 0.988035
 -0.298659 3.1716 0.988035
 -0.298659 3.18259 0.986897
 -0.298659 3.18259 0.986897
 -0.249831 3.18259 0.987361
 -0.249822 3.26079 0.973107
 -0.249822 3.26071 0.973127
 -0.249822 3.26071 0.973127
 -0.249822 3.26071 0.973127
 -0.29865 3.26071 0.972055
 9.75078 0.439056 0.813829
 -3.73616 3.25949 0.057768
 6.42803 -0.0985116 0.940098
 6.26384 0.437798 0.962052
 6.50867 -0.190101 0.910204
 6.50867 -0.190101 0.910204
 6.50867 9.8099 0.431889
 6.50867 -9.76732 0.40109
 -9.01909 8.81381 0.861106
 -9.01909 8.81381 0.861106
 -9.01909 8.81381 0.861106
 -9.01909 8.81381 0.861106
 -9.01909 8.81381 0.861106
 -9.01909 8.81381 0.861106
 -9.01909 8.81381 0.861106
 -9.01909 8.81381 0.861106
 -6.51913 -6.21705 0.77362
 -9.00142 8.81379 0.862169
 -6.50142 -6.21708 0.764932
 -6.50142 -6.21708 0.764932
 -6.50135 -6.21708 0.764894
 -5.25135 -6.21708 0.0736945
 -6.50135 -6.21708 0.764894
 -6.50135 -6.21708 0.764894
 -6.50135 -6.21708 0.764894
 -6.50142 -6.21708 0.764932
 -6.50104 -6.21708 0.764742
 -6.50104 -6.21708 0.764742
 -6.50104 -6.21708 0.764742
 -6.50104 -6.21708 0.764742
 -2.75104 2.53292 0.673697
 -6.54499 -6.21708 0.785981
 9.00867 -9.31146 0.732687
 9.38884 0.437034 0.918219
