 -0.251662 3.1716 0.988398
 -1.81416 2.5466 0.990099
 -0.251662 3.1716 0.988398
 -0.251662 3.1716 0.988398
 -0.251662 3.1716 0.988398
 -0.251662 3.1716 0.988398
 -0.298659 3.1716 0.988035
 -0.298659 3.1716 0.988035
 -0.298659 3.1716 0.988035
 -0.298659 3.1716 0.988035
 -0.298659 3.1716 0.988035
 -0.298659 3.1716 0.988035
 -0.249831 3.18259 0.987361
 -0.249831 3.26102 0.973048
 -0.298659 3.18259 0.986897
 -0.29865 3.18259 0.986897
 -0.249822 3.26071 0.973127
 -0.29865 3.26071 0.972055
 9.38945 1.06207 0.917476
 6.42742 -0.0985497 0.940273
 -8.99914 9.8099 0.458179
 6.50639 -1.18622 0.857223
 -9.00142 8.81379 0.862169
 -9.01909 8.81381 0.861106
 -9.01909 8.81381 0.861106
 -9.01909 8.81381 0.861106
 -9.01909 8.81381 0.861106
 -9.01909 8.81381 0.861106
 -9.01909 8.81381 0.861106
 -9.01909 8.81381 0.861106
 -9.01909 8.81381 0.861106
 -9.01909 8.81381 0.861106
 -6.5014 -6.21713 0.764944
 9.75075 0.439113 0.813844
 -6.50142 -6.21708 0.764932
 -6.50142 -6.21708 0.764932
 -6.50142 -6.21708 0.764932
 -6.50135 -6.21708 0.764894
 -1.50135 -1.21708 0.124887
 -6.50135 -6.21708 0.764894
 -6.50135 -6.21708 0.764894
 -6.50135 -6.21708 0.764894
 -6.50104 -6.21708 0.764742
 -6.50104 -6.21708 0.764742
 -6.50104 -6.21708 0.764742
 -6.50104 -6.21708 0.764742
 -1.50104 2.53292 0.953309
 -7.75104 -6.21708 0.692032
 6.50867 -7.29948 0.802399
 6.50852 -0.157943 0.910642
