 -0.251662 3.1716 0.988398
 -1.81416 2.5466 0.990099
 -0.251662 3.1716 0.988398
 -0.251662 3.1716 0.988398
 -0.251662 3.1716 0.988398
 -0.251662 3.1716 0.988398
 -0.298654 3.1716 0.988035
 -0.298659 3.1716 0.988035
 -0.298659 3.1716 0.988035
 -0.298659 3.1716 0.988035
 -0.298659 3.1716 0.988035
 -0.298659 3.1716 0.988035
 -0.298659 3.1716 0.988035
 -0.298659 3.1716 0.988035
 -0.298659 3.1716 0.988035
 -0.298659 3.1716 0.988035
 -0.29865 3.26071 0.972055
 -0.249831 3.18289 0.987328
 6.43719 -0.489289 0.931683
 -0.298659 3.65145 0.741388
 6.50852 -0.157943 0.910642
 6.50852 -0.157943 0.910642
 -9.00142 8.81379 0.862169
 -9.00142 8.81379 0.862169
 -9.01909 8.81381 0.861106
 -7.76909 8.81381 0.411387
 -9.01909 8.81381 0.861106
 -9.01909 8.81381 0.861106
 -9.01909 8.81381 0.861106
 -9.01909 8.81381 0.861106
 -9.01909 8.81381 0.861106
 -9.01909 8.81381 0.861106
 6.50871 -7.43619 0.733253
 -9.01913 8.95052 0.844178
 -6.5014 -6.21713 0.764944
 -6.5014 -6.21713 0.764944
 -6.50142 -6.21708 0.764932
 -6.50142 -6.21708 0.764932
 -6.50142 -6.21708 0.764932
 -6.50142 -6.21707 0.764929
 -6.50135 -6.21708 0.764894
 -6.42322 -6.13895 0.682078
 -6.50135 -6.21708 0.764894
 -6.50135 -6.21708 0.764894
 -6.50104 -6.21708 0.764742
 -6.50104 -6.21708 0.764742
 -6.50104 -6.21708 0.764742
 -6.50104 -6.21708 0.764742
 -9.04011 9.80992 0.434378
 -7.59289 -6.2171 0.781144
