 -0.251662 3.1716 0.988398
 -1.81416 2.5466 0.990099
 -0.251662 3.1716 0.988398
 -0.251662 3.1716 0.988398
 -0.251662 3.1716 0.988398
 -0.251662 3.1716 0.988398
 -0.298659 3.17161 0.988034
 -0.298659 3.18266 0.986888
 -0.298659 3.1716 0.988035
 -0.298659 3.1716 0.988035
 -0.298659 3.1716 0.988035
 -0.298659 3.1716 0.988035
 -0.298659 3.1716 0.988035
 -0.298659 3.1716 0.988035
 -0.298659 3.1716 0.988035
 -0.298659 3.1716 0.988035
 -0.298659 3.1716 0.988035
 -0.249831 3.1719 0.988384
 6.50799 -0.469758 0.904196
 -0.298123 3.59206 0.790398
 -9.00142 8.81379 0.862169
 -9.00142 8.81379 0.862169
 -9.00142 8.81379 0.862169
 -9.00142 8.81379 0.862169
 -9.01909 8.81381 0.861106
 -6.51909 8.81381 0.000961874
 -9.01909 8.81381 0.861106
 -9.01909 8.81381 0.861106
 -9.01902 8.81381 0.861111
 -9.01909 8.81381 0.861106
 -9.01909 8.81381 0.861106
 -9.01909 8.81381 0.861106
 -6.50143 -6.2171 0.764945
 -7.59289 -6.21708 0.781156
 -6.50142 -6.21708 0.764932
 -6.50142 -6.21708 0.764932
 -6.50142 -6.21706 0.764925
 -6.50142 -6.21707 0.764929
 -6.50142 -6.21707 0.764929
 -6.50135 -6.21708 0.764894
 -6.3451 -6.06083 0.588298
 -6.50135 -6.21708 0.764894
 -6.50104 -6.21708 0.764742
 -6.50104 -6.21708 0.764742
 -6.50104 -6.21708 0.764742
 -6.50104 -6.21708 0.764742
 -6.42322 -6.21708 0.724317
 -6.50104 -6.13895 0.726017
 -9.04011 9.80992 0.434378
 -9.04011 9.49742 0.623494
