 -0.251662 3.1716 0.988398
 -1.81416 2.5466 0.990099
 -0.251662 3.1716 0.988398
 -0.251662 3.1716 0.988398
 -0.251662 3.1716 0.988398
 -0.251662 3.1716 0.988398
 -0.298659 3.1716 0.988035
 -0.298659 3.17161 0.988034
 -0.298659 3.1716 0.988035
 -0.298659 3.17168 0.988028
 -0.298659 3.1716 0.988035
 -0.298659 3.1716 0.988035
 -0.298659 3.1716 0.988035
 -0.298659 3.1716 0.988035
 -0.298659 3.1716 0.988035
 -0.298659 3.1716 0.988035
 -0.298659 3.1716 0.988035
 -0.251662 3.1716 0.988398
 6.50798 -0.547807 0.901389
 -0.29865 3.28024 0.966522
 -9.00142 8.81379 0.862169
 -9.00142 8.81379 0.862169
 -9.00142 8.81379 0.862169
 -9.00142 8.81379 0.862169
 -6.51909 8.81381 0.000961874
 -9.01909 8.81381 0.861106
 -9.01909 8.81381 0.861106
 -9.01909 8.81381 0.861106
 -9.01902 8.81381 0.861111
 -9.01909 8.81381 0.861106
 -9.01909 8.81381 0.861106
 -9.01909 8.81381 0.861106
 -6.50142 -6.21708 0.764932
 -7.59289 -6.21708 0.781156
 -6.50142 -6.21707 0.764929
 -6.50142 -6.21707 0.764929
 -6.50142 -6.21706 0.764925
 -6.50142 -6.21707 0.764929
 -6.50142 -6.21706 0.764925
 -6.50135 -6.21708 0.764894
 -6.3451 -6.06083 0.588298
 -6.50135 -6.21708 0.764894
 -6.50104 -6.21708 0.764742
 -6.50104 -6.21708 0.764742
 -6.50104 -6.21708 0.764742
 -6.50104 -6.21708 0.764742
 -9.04011 8.78292 0.861687
 -6.50104 -5.50258 0.353359
 -6.3451 -5.9827 0.540026
 -6.3451 -6.06083 0.588298
