 -0.251662 3.1716 0.988398
 -1.81416 2.5466 0.990099
 -0.251662 3.1716 0.988398
 -0.251662 3.1716 0.988398
 -0.251662 3.1716 0.988398
 -0.251662 3.1716 0.988398
 -0.298659 3.1716 0.988035
 -0.298621 3.1716 0.988035
 -0.298659 3.1716 0.988035
 -0.298659 3.1719 0.988007
 -0.298659 3.1716 0.988035
 -0.298659 3.1716 0.988035
 -0.298659 3.1716 0.988035
 -0.251662 3.1716 0.988398
 -0.298659 3.1716 0.988035
 -0.298659 3.1716 0.988035
 -0.298659 3.1716 0.988035
 -0.298659 3.1716 0.988035
 -0.220534 3.2498 0.976319
 -0.29865 3.28024 0.966522
 -9.00142 8.81379 0.862169
 -9.00142 8.81379 0.862169
 -9.00142 8.81379 0.862169
 -9.00142 8.81379 0.862169
 -9.04011 8.78292 0.861687
 0.980907 8.81381 0.668371
 -6.51909 -6.21732 0.773728
 -9.01909 8.81381 0.861106
 -9.01909 8.81381 0.861106
 -9.01909 8.81381 0.861106
 -9.01879 8.8135 0.861147
 -9.01909 8.81381 0.861106
 -9.01909 8.81381 0.861106
 -9.00142 8.81405 0.862156
 -6.50142 -6.21707 0.764929
 -6.50142 -6.21707 0.764929
 -6.50146 -6.21707 0.764948
 -6.50142 -6.21707 0.764929
 -6.50142 -6.21707 0.764929
 -6.50142 -6.21706 0.764925
 -6.50135 -6.21706 0.764887
 -6.50142 -5.59208 0.406441
 -6.50135 -6.21708 0.764894
 -6.50135 -6.21708 0.764894
 -6.50104 -6.21708 0.764742
 -6.50104 -6.21708 0.764742
 -6.50104 -6.06083 0.684462
 -6.3451 -6.21708 0.680615
 -6.6576 -5.6702 0.561856
 -5.0951 -7.2327 0.650892
