 -0.251662 3.1716 0.988398
 -1.81416 2.5466 0.990099
 -0.298621 3.1716 0.988035
 -0.251662 3.1716 0.988398
 -0.251662 3.1716 0.988398
 -0.251662 3.1716 0.988398
 -0.251662 3.1716 0.988398
 -0.251662 3.1716 0.988398
 -0.298621 3.1716 0.988035
 -0.298621 3.1716 0.988035
 -0.298621 3.1716 0.988035
 -0.298621 3.1716 0.988035
 -0.298621 3.1716 0.988035
 -0.298621 3.1716 0.988035
 -0.298621 3.1719 0.988007
 -0.298659 3.1716 0.988035
 -0.298659 3.1716 0.988035
 -0.298659 3.1716 0.988035
 -0.298659 3.28055 0.96643
 -0.29865 3.1716 0.988035
 -9.00142 8.81379 0.862169
 -9.00142 8.81379 0.862169
 -9.00142 8.81379 0.862169
 -9.00142 8.81379 0.862169
 -9.00142 8.81379 0.862169
 -9.01879 8.8135 0.861147
 -9.01879 8.8135 0.861147
 -9.01909 8.8135 0.861126
 -9.01909 8.8135 0.861126
 -9.01909 8.81381 0.861106
 -9.01909 8.81381 0.861106
 -9.01909 8.81381 0.861106
 -6.50139 -6.21717 0.764961
 -9.01912 8.8139 0.861097
 -6.50142 -6.21707 0.764929
 -6.50142 -6.21707 0.764929
 -6.50142 -6.21707 0.764929
 -6.50135 -6.21706 0.764887
 -6.50142 -6.21706 0.764925
 -6.50142 -6.21708 0.764932
 -6.50135 -6.21706 0.764887
 -1.50135 -1.21706 0.124881
 -6.50104 -6.21708 0.764742
 -6.50104 -6.21708 0.764742
 -6.50139 -6.1862 0.749988
 -6.50139 -6.1862 0.749988
 -6.34479 -5.9827 0.539824
 -5.25135 -7.31083 0.768894
 -9.1576 -5.6702 0.0444662
 3.3424 -5.67035 0.875333
