 -0.251662 3.1716 0.988398
 -1.81416 2.5466 0.990099
 -0.251662 3.1716 0.988398
 -0.251662 3.1716 0.988398
 -0.251662 3.1716 0.988398
 -0.251662 3.1716 0.988398
 -0.298621 3.1716 0.988035
 -0.298621 3.1716 0.988035
 -0.293738 3.1716 0.988078
 -0.298621 3.1716 0.988035
 -0.298011 3.17221 0.987984
 -0.298621 3.1716 0.988035
 -0.298621 3.1716 0.988035
 -0.298621 3.1716 0.988035
 -0.298621 3.1716 0.988035
 -0.298621 3.1716 0.988035
 -0.251662 3.1716 0.988398
 -0.298659 3.1716 0.988035
 -0.298659 4.4216 0.0752739
 -0.298621 3.1719 0.988007
 -9.1576 8.82183 0.841791
 3.49858 -5.6784 0.821393
 -9.00142 8.81379 0.862169
 -9.00142 8.81379 0.86217
 -9.00141 8.81349 0.862185
 -9.01879 8.81381 0.861127
 -9.01879 8.8135 0.861147
 -9.01879 8.8135 0.861147
 -9.01391 8.80862 0.861756
 -9.01909 8.8135 0.861126
 -9.01909 8.8135 0.861126
 -9.01909 8.8135 0.861126
 -9.01909 8.81381 0.861106
 -9.01912 8.8139 0.861097
 -6.50139 -6.21717 0.764961
 -6.50139 -6.21717 0.764961
 -6.50142 -6.21708 0.764932
 -6.50142 -6.21708 0.764932
 -6.50142 -6.21708 0.764932
 -6.50142 -6.21707 0.764929
 -6.50142 -6.21707 0.764929
 3.49858 3.78293 0.176985
 -6.50142 -6.21706 0.764925
 -6.50142 -6.21706 0.764925
 -6.50135 -6.21706 0.764887
 -6.50135 -6.21706 0.764887
 -6.50104 -6.21708 0.764742
 -6.50139 -6.1862 0.749988
 -6.34514 -0.981118 0.942401
 -6.50135 -6.18808 0.750892
