 -0.251662 3.1716 0.988398
 -1.81416 2.5466 0.990099
 -0.293738 3.1716 0.988078
 -0.251662 3.1716 0.988398
 -0.251662 3.1716 0.988398
 -0.251662 3.1716 0.988398
 -0.251662 3.1716 0.988398
 -0.251662 3.1716 0.988398
 -0.293738 3.1716 0.988078
 -0.293738 3.1716 0.988078
 -0.298621 3.1716 0.988035
 -0.298621 3.1716 0.988035
 -0.298621 3.1716 0.988035
 -0.298621 3.17282 0.987921
 -0.298468 3.1716 0.988037
 -0.298621 3.1716 0.988035
 -0.298621 3.1716 0.988035
 -0.293738 3.1716 0.988078
 -0.298621 3.4844 0.868181
 -0.298011 3.17221 0.987984
 -9.00142 8.81379 0.86217
 -9.00142 8.81379 0.86217
 -9.00142 8.81379 0.862169
 -9.00142 8.81379 0.862169
 -9.01879 8.8135 0.861147
 -9.01879 8.81381 0.861127
 -9.01879 8.8135 0.861147
 -9.01909 8.81381 0.861106
 -9.01909 8.8135 0.861126
 -9.01909 8.8135 0.861126
 -9.01909 8.8135 0.861126
 -9.01909 8.8135 0.861126
 -6.51912 -6.21719 0.77368
 -9.00139 8.81392 0.862164
 -6.50139 -6.21717 0.764961
 -6.50139 -6.21717 0.764961
 -6.50142 -6.21708 0.764932
 -6.50142 -6.21708 0.764932
 -6.50142 -6.21708 0.764932
 -6.50142 -6.21708 0.764932
 -6.50142 -6.21708 0.764932
 -6.50142 -6.21707 0.764929
 -6.50142 -6.21706 0.764925
 -6.50142 -6.21706 0.764925
 -6.50135 -6.21706 0.764887
 -6.50142 -6.21706 0.764925
 -6.50135 -6.18777 0.750735
 -6.50135 -6.21738 0.765039
 -6.50139 -6.1862 0.749988
 -1.50139 -6.1862 0.954513
