 6.26384 0.447214 0.962049
 -1.62678 2.62472 0.98771
 6.26384 0.447143 0.962049
 6.26384 0.437296 0.962052
 6.26384 0.447214 0.962049
 6.26384 0.447214 0.962049
 6.28219 0.437225 0.961662
 6.28219 0.437225 0.961662
 6.28219 0.447214 0.961634
 6.28219 0.447214 0.961634
 6.28219 0.447214 0.961634
 6.28219 0.447214 0.961634
 6.29443 0.364695 0.96131
 6.29443 0.369578 0.961295
 6.29443 -1.88628 0.881374
 6.29443 0.364695 0.96131
 5.87695 -2.1353 0.961487
 5.89679 0.364638 0.836555
 5.87729 8.11456 0.62357
 5.87744 -1.88635 0.951592
 5.89877 -1.10744 0.890813
 5.89877 -1.10744 0.890813
 -9.02096 8.89256 0.853016
 5.89877 -8.46991 0.352022
 5.97912 -0.408232 0.886316
 -9.1383 1.5301 0.897775
 -3.5133 -0.408227 0.841153
 5.82264 -0.447289 0.789043
 6.44764 -0.264184 0.932589
 -4.13837 -0.408179 0.272014
 -7.26337 -6.61069 0.775996
 5.92257 -0.264155 0.849502
 -5.63015 4.01439 0.621682
 -7.24323 -6.83689 0.672858
 -9.72615 1.96554 0.702654
 -9.72615 1.96554 0.702654
 -9.09931 4.11492 0.65134
 -0.271184 2.55242 0.699809
 -0.271184 2.5573 0.704184
 -0.25107 2.54967 0.695479
 -9.07919 4.11217 0.667378
 -9.07919 4.11221 0.667368
 6.01892 3.32398 0.657009
 6.01892 3.32398 0.657009
 -7.20086 9.62408 0.637706
 -7.20086 9.62408 0.637706
 6.95442 -1.17431 0.491275
 6.03677 3.38555 0.61566
 6.83643 9.87795 0.632464
 7.98361 2.56403 0.239803
