 -0.251662 3.1716 0.988398
 -1.81416 2.5466 0.990099
 -0.293738 3.1716 0.988078
 -0.251662 3.1716 0.988398
 -0.251662 3.1716 0.988398
 -0.251662 3.1716 0.988398
 -0.251662 3.1716 0.988398
 -0.251662 3.1716 0.988398
 -0.293738 3.1716 0.988078
 -0.293738 3.1716 0.988078
 -0.293738 3.1716 0.988078
 -0.293738 3.1716 0.988078
 -0.293738 3.1716 0.988078
 -0.293738 3.1716 0.988078
 -0.298011 3.17221 0.987984
 -0.293586 3.1716 0.988079
 -0.293738 3.1716 0.988078
 -0.298621 3.1716 0.988035
 -0.298621 -6.18631 0.955334
 -0.251393 3.17294 0.988284
 -9.00142 8.81379 0.86217
 -9.00142 8.81379 0.86217
 -9.00142 8.81379 0.862169
 -9.00142 8.81379 0.862169
 -9.0197 8.81393 0.861056
 -9.00048 8.8135 0.862233
 -9.01879 8.8135 0.861147
 -9.01391 8.80892 0.861739
 -9.01879 8.81381 0.861127
 -9.01909 8.8135 0.861126
 -9.01909 8.8135 0.861126
 -9.01909 8.8135 0.861126
 -6.50139 -6.21824 0.765468
 -9.01905 8.81436 0.861072
 -6.50139 -6.21717 0.764961
 -6.50139 -6.21717 0.764961
 -6.50139 -6.21717 0.764961
 -6.50142 -6.21708 0.764932
 -6.50142 -6.21708 0.764932
 -6.50142 -6.21708 0.764932
 3.49858 3.78292 0.176983
 -6.50142 -6.21708 0.764932
 -6.50142 -6.21708 0.764932
 -6.50142 -6.21708 0.764932
 -6.50142 -6.21706 0.764925
 -6.50142 -6.21706 0.764925
 -6.50142 -6.21706 0.764925
 -6.50135 -6.18777 0.750735
 -6.50135 -1.18777 0.860011
 -6.50139 -6.1865 0.750138
