 -0.251662 3.1716 0.988398
 -1.81416 2.5466 0.990099
 -0.251662 3.1716 0.988398
 -0.251662 3.1716 0.988398
 -0.251662 3.1716 0.988398
 -0.251662 3.1716 0.988398
 -0.25139 3.1716 0.9884
 -0.251665 3.17294 0.988282
 -0.251393 3.17156 0.988403
 -0.293586 3.17297 0.987951
 -0.293586 3.1716 0.988079
 -0.293586 3.1716 0.988079
 -0.293586 3.1716 0.988079
 -0.293738 3.1716 0.988078
 -0.293738 3.1716 0.988078
 -0.293738 3.1716 0.988078
 -0.293738 3.1716 0.988078
 -0.293738 3.1719 0.988049
 -0.298011 -5.56131 0.554074
 -0.298621 3.17221 0.987978
 -9.00142 8.81379 0.86217
 -9.00142 8.81379 0.86217
 -9.00142 8.81379 0.86217
 -9.00142 8.81379 0.862169
 -9.01391 8.81381 0.861446
 -9.01879 8.80892 0.861439
 -9.01879 8.81381 0.861127
 -9.01879 8.81381 0.861127
 -9.01879 8.81381 0.861127
 -9.01909 8.8135 0.861126
 -9.01909 8.8135 0.861126
 -9.01909 8.8135 0.861126
 -6.50135 -6.21738 0.765039
 -9.01909 8.8135 0.861126
 -6.50139 -6.21717 0.764961
 -6.50139 -6.21717 0.764961
 -6.50139 -6.21717 0.764961
 -6.50139 -6.21717 0.764961
 -6.50142 -6.21708 0.764932
 -6.50142 -6.21708 0.764932
 -6.50142 -6.21708 0.764932
 -6.50142 -6.21708 0.764932
 -1.50142 -1.21708 0.124926
 -6.50142 -6.21708 0.764932
 -6.50142 -6.21708 0.764932
 -6.50142 -6.21706 0.764925
 -6.50142 -6.21706 0.764925
 -6.50135 -6.18777 0.750735
 -9.00139 -6.1865 0.00478093
 3.49861 -6.1865 0.439185
