 -0.251662 3.1716 0.988398
 -1.81389 2.54656 0.990095
 -0.251393 3.17156 0.988403
 -0.25139 3.1716 0.9884
 -0.25139 3.1716 0.9884
 -0.251662 3.1716 0.988398
 -0.251662 3.1716 0.988398
 -0.251662 3.1716 0.988398
 -0.251662 3.1716 0.988398
 -0.251662 3.1716 0.988398
 -0.251662 3.1716 0.988398
 -0.251665 3.17294 0.988282
 -0.293168 3.17294 0.987958
 -0.293586 3.17282 0.987965
 -0.293586 3.1716 0.988079
 -0.252082 3.1716 0.988395
 -0.293738 3.18137 0.987086
 -0.293738 3.1716 0.988078
 -0.293586 3.17343 0.987907
 -0.298621 3.17175 0.988021
 -9.00142 8.81379 0.86217
 -9.00142 8.81379 0.86217
 -9.00142 8.81379 0.86217
 -9.00142 8.81379 0.862169
 -9.01879 8.80892 0.861439
 -9.01879 8.81381 0.861127
 -9.01879 8.81381 0.861127
 -9.01879 8.81381 0.861127
 -9.00902 8.81381 0.861745
 -9.01879 8.81381 0.861127
 -9.01879 8.81381 0.861127
 -9.01909 8.8135 0.861126
 -6.50078 -6.21824 0.765165
 -9.0197 8.81457 0.861013
 -6.50139 -6.21717 0.764961
 -6.50139 -6.21717 0.764961
 -6.50139 -6.21595 0.764381
 -6.50139 -6.21717 0.764961
 -6.50139 -6.21717 0.764961
 -6.50142 -6.21708 0.764932
 -6.50142 -6.21708 0.764932
 -6.50142 -6.21708 0.764932
 -6.50142 -6.21708 0.764932
 -6.50142 -6.21708 0.764932
 -6.50142 -6.21708 0.764932
 -6.50142 -6.21708 0.76493
 -6.50142 -6.21706 0.764925
 -6.50135 -6.18777 0.750735
 -6.49918 3.81369 0.0927853
 -0.300221 -5.5615 0.554367
