 -0.251393 3.17156 0.988403
 -1.81389 2.54656 0.990095
 -0.251393 3.17156 0.988403
 -0.25139 3.1716 0.9884
 -0.25139 3.1716 0.9884
 -0.251662 3.1719 0.988372
 -0.251662 3.1716 0.988398
 -0.251662 3.1716 0.988398
 -0.251662 3.1716 0.988398
 -0.251662 3.1716 0.988398
 -0.251662 3.1716 0.988398
 -0.251662 3.1716 0.988398
 -0.251662 3.1716 0.988398
 -0.251662 3.1716 0.988398
 -0.251662 3.1716 0.988398
 -0.252082 3.1716 0.988395
 -0.293586 3.1716 0.988079
 -0.293586 3.17282 0.987965
 -0.293779 3.18148 0.987073
 -0.293128 3.17282 0.987969
 -9.00142 8.81379 0.86217
 -9.00142 8.81379 0.86217
 -9.00142 8.81379 0.86217
 -9.00142 8.81379 0.86217
 -9.00902 8.81381 0.861745
 -9.01879 8.81381 0.861127
 -9.01879 8.81381 0.861127
 -9.01879 8.81381 0.861127
 -9.01879 8.81381 0.861127
 -9.01879 8.81381 0.861127
 -9.01879 8.81381 0.861127
 -9.01879 8.81381 0.861127
 -6.50139 -6.21717 0.764961
 -9.01909 8.8135 0.861126
 -6.50139 -6.21717 0.764961
 -6.50139 -6.21717 0.764961
 -6.50139 -6.21717 0.764961
 -6.50139 -6.21717 0.764961
 -6.50139 -6.21709 0.764925
 -6.50142 -6.21715 0.764968
 -6.50142 -6.21708 0.764932
 -6.50142 -6.21708 0.764932
 -6.50142 -6.21708 0.764932
 -6.50142 -6.21708 0.764932
 -1.50142 -1.21708 0.124926
 -6.50142 -6.21708 0.764932
 -6.50142 -6.18778 0.750781
 -6.50135 -6.21706 0.764887
 -2.79041 -5.56277 0.959277
 3.48884 -6.1865 0.443773
