 -0.251393 3.17156 0.988403
 -1.81389 2.54656 0.990095
 -0.251393 3.17156 0.988403
 -0.251393 3.17156 0.988403
 -0.251622 3.17156 0.988401
 -0.251395 3.1716 0.9884
 -0.251657 3.1716 0.988398
 -0.251624 3.1716 0.988398
 -0.251662 3.1719 0.988372
 -0.251662 3.1716 0.988398
 -0.251662 3.1716 0.988398
 -0.251662 3.1716 0.988398
 -0.251662 3.1716 0.988398
 -0.251662 3.1716 0.988398
 -0.251662 3.1716 0.988398
 -0.251662 3.1716 0.988398
 -0.251662 3.1716 0.988398
 -0.252082 3.1716 0.988395
 -0.215654 3.25945 0.974066
 -0.293586 3.17297 0.987951
 -9.00142 8.81379 0.86217
 -9.01973 8.81379 0.861064
 -9.00142 8.81379 0.86217
 -9.00142 8.81379 0.86217
 -9.00142 8.81379 0.86217
 0.999523 8.81381 0.670075
 -6.51879 -6.21713 0.773491
 -9.01879 8.81381 0.861127
 -9.01879 8.81381 0.861127
 -9.01879 8.81381 0.861127
 -9.01879 8.8135 0.861147
 -9.01879 8.81381 0.861127
 -9.01879 8.81381 0.861127
 -9.00143 8.81381 0.862168
 -6.50139 -6.21717 0.764961
 -6.50139 -5.59217 0.406476
 -6.50139 -6.21717 0.764961
 -6.50139 -6.21717 0.764961
 -6.50139 -6.21717 0.764961
 -6.50143 -6.21713 0.764962
 -6.50139 -6.21717 0.764961
 -6.50139 -6.21717 0.764961
 -6.50142 -6.21708 0.764932
 -6.50142 -6.21708 0.764932
 -6.50142 -6.21708 0.764932
 -6.50142 -6.21708 0.764932
 -6.50142 -6.18618 0.749995
 -6.50109 -6.21709 0.764773
 0.668712 9.12631 0.855172
 2.23119 7.56379 0.000965174
