 -0.251393 3.17156 0.988403
 -1.81389 2.54656 0.990095
 -0.251393 3.17156 0.988403
 -0.251393 3.17156 0.988403
 -0.251622 3.17156 0.988401
 -0.251393 3.17156 0.988403
 -0.251624 3.1716 0.988398
 -0.251657 3.1716 0.988398
 -0.251657 3.1716 0.988398
 -0.251657 3.1716 0.988398
 -0.251662 3.1716 0.988398
 -0.251662 3.1716 0.988398
 -0.25151 3.1716 0.988399
 -0.251662 3.1716 0.988398
 -0.251662 3.1716 0.988398
 -0.251662 3.1716 0.988398
 -0.251662 3.1716 0.988398
 -0.251662 3.1716 0.988398
 -0.251662 3.17313 0.988266
 -0.293586 3.17175 0.988065
 -9.00142 8.81379 0.86217
 -9.00142 8.81379 0.86217
 -9.00142 8.81379 0.86217
 -9.00142 8.81379 0.86217
 -9.00143 8.81381 0.862168
 -4.01879 8.81381 0.852879
 -9.01879 8.81381 0.861127
 -9.01879 8.81381 0.861127
 -9.01879 8.81381 0.861127
 -9.01864 8.81381 0.861137
 -9.01879 8.81381 0.861127
 -9.01879 8.81381 0.861127
 -6.50142 -6.18622 0.750011
 -9.01974 8.78287 0.862729
 -6.50139 -6.21717 0.764961
 -6.50139 -5.90467 0.595307
 -6.50139 -6.21717 0.764961
 -6.50139 -6.21717 0.764961
 -6.50139 -6.21717 0.764961
 -6.50141 -6.21717 0.76497
 -6.50139 -6.21717 0.764961
 -6.50139 -6.21717 0.764961
 -6.50142 -6.21708 0.764932
 -6.50142 -6.21708 0.764932
 -6.50142 -6.21708 0.764932
 -6.50142 -6.21708 0.764932
 -6.50142 -6.21708 0.764932
 -6.50142 -6.18618 0.749995
 0.999523 8.97006 0.784977
 0.999513 8.81381 0.670074
