 -0.251393 3.17156 0.988403
 -1.81389 2.54656 0.990095
 -0.251393 3.17156 0.988403
 -0.251393 3.17156 0.988403
 -0.251393 3.17156 0.988403
 -0.251393 3.17156 0.988403
 -0.251626 3.17156 0.988401
 -0.251619 3.1716 0.988398
 -0.251624 3.1716 0.988398
 -0.251624 3.1716 0.988398
 -0.251624 3.1716 0.988398
 -0.251657 3.17168 0.988391
 -0.251657 3.17221 0.988346
 -0.251657 3.1716 0.988398
 -0.251657 3.1716 0.988398
 -0.251657 3.1716 0.988398
 -0.251657 3.1716 0.988398
 -0.251662 3.1716 0.988398
 -0.0954121 3.32938 0.954063
 -0.252082 3.17221 0.988343
 -9.00048 8.81381 0.862217
 -9.00142 8.81379 0.86217
 -9.00142 8.81379 0.86217
 -9.00142 8.81379 0.86217
 -9.00142 8.81379 0.86217
 -9.01879 8.81381 0.861127
 -9.01879 8.81381 0.861127
 -9.01879 8.81381 0.861127
 -9.01879 8.81381 0.861127
 -9.01879 8.81381 0.861127
 -9.01879 8.81381 0.861127
 -9.01879 8.81381 0.861127
 -6.51879 -6.21717 0.773509
 -9.01974 8.81381 0.861062
 -6.50139 -6.21717 0.764961
 -5.25139 -6.21717 0.0737454
 -6.50139 -6.21717 0.764961
 -6.50139 -6.21717 0.764961
 -6.50139 -6.21717 0.764961
 -6.50139 -6.21709 0.764925
 -6.50139 -6.21717 0.764961
 -6.50139 -6.21717 0.764961
 -6.50142 -6.21708 0.764932
 -6.50142 -6.21708 0.764932
 -6.50142 -6.21708 0.764932
 -6.50142 -6.21708 0.764932
 -6.50142 -6.21708 0.764932
 -6.50139 -6.21709 0.764925
 -7.12642 -5.56118 0.793893
 -6.50146 -8.68622 0.0188636
