 -0.251393 3.17156 0.988403
 -1.81389 2.54656 0.990095
 -0.251393 3.17156 0.988403
 -0.251393 3.17156 0.988403
 -0.251393 3.17156 0.988403
 -0.251393 3.17156 0.988403
 -0.251622 3.17156 0.988401
 -0.25139 3.1716 0.9884
 -0.251619 3.1716 0.988398
 -0.251619 3.1716 0.988398
 -0.251619 3.1716 0.988398
 -0.251624 3.17221 0.988346
 -0.251624 3.1716 0.988398
 -0.251624 3.1716 0.988398
 -0.251624 3.1716 0.988398
 -0.251657 3.1716 0.988398
 -0.246775 3.1716 0.98843
 -0.251662 3.1716 0.988398
 -0.252115 4.42221 0.0764722
 -0.251624 3.17221 0.988346
 -9.00048 8.81379 0.862218
 -9.00142 8.81381 0.862169
 -9.00142 8.81379 0.86217
 -9.00142 8.81379 0.86217
 -9.00141 8.81381 0.862169
 -9.01879 8.81379 0.861128
 -6.51879 -6.21793 0.773863
 -9.01879 8.81381 0.861127
 -9.01879 8.81381 0.861127
 -9.01879 8.81381 0.861127
 -9.01391 8.80892 0.861739
 -9.01879 8.81381 0.861127
 -9.01879 8.81381 0.861127
 -9.01879 8.81457 0.861076
 -6.50139 -6.21717 0.764961
 -6.50139 -6.21708 0.764916
 3.49861 3.78283 0.176947
 -6.50139 -6.21717 0.764961
 -6.50139 -6.21717 0.764961
 -6.50139 -6.21717 0.764961
 -6.50139 -6.21717 0.764961
 -6.50139 -6.21717 0.764961
 -6.50139 -6.21717 0.764961
 -6.50142 -6.21717 0.764977
 -6.50142 -6.21708 0.764932
 -6.50142 -6.21708 0.764932
 -6.50142 -6.21708 0.764932
 -6.50139 -6.21709 0.764925
 -6.50139 -1.2171 0.856806
 -6.50139 -6.2174 0.76507
