 6.26384 0.437225 0.962052
 -1.62678 2.6248 0.987716
 6.26384 0.447214 0.962049
 6.26384 0.437225 0.962052
 6.26384 0.447143 0.962049
 6.26384 0.447214 0.962049
 6.28219 0.437296 0.961661
 6.26384 0.447143 0.962049
 6.28219 0.437225 0.961662
 6.28219 0.437225 0.961662
 6.28219 0.437225 0.961662
 6.28219 0.437225 0.961662
 6.28219 0.447214 0.961634
 6.28219 0.447214 0.961634
 6.28219 0.447214 0.961634
 6.28219 0.447214 0.961634
 6.31396 0.389109 0.959766
 5.87695 -2.1353 0.961487
 6.44767 -0.264036 0.932581
 5.87741 -1.8865 0.951596
 5.89877 -1.10744 0.890813
 5.89877 -1.10744 0.890813
 5.89877 -1.10744 0.890813
 5.97912 -0.408232 0.886316
 5.92262 -0.248061 0.849101
 -9.02097 8.87647 0.855065
 -4.07743 -0.405757 0.327218
 6.50623 -0.266625 0.910098
 5.89679 0.529273 0.844523
 -3.5133 -0.572862 0.824687
 5.82263 -0.447282 0.789041
 5.89679 0.364631 0.836556
 -0.271184 2.55242 0.699809
 -0.271184 2.5573 0.704184
 -7.24323 -6.83689 0.672858
 -7.24323 -6.83689 0.672858
 -9.08163 4.11462 0.664736
 -9.07919 4.11217 0.667378
 -9.07919 4.11221 0.667368
 -9.07919 4.11221 0.667368
 6.01892 3.32398 0.657008
 6.01892 3.32398 0.657009
 -7.20086 9.62408 0.637706
 -7.20086 9.62408 0.637706
 6.83643 9.87795 0.632464
 6.83643 9.87795 0.632464
 5.87729 -1.18232 0.887351
 6.95442 8.12256 0.0796882
 -4.14029 -0.408179 0.270327
 5.89947 -8.47113 0.350773
