 -0.251393 3.17156 0.988403
 -1.80927 2.5466 0.990025
 -0.251047 3.1716 0.988402
 -0.24712 3.17156 0.988431
 -0.251393 3.17156 0.988403
 -0.251393 3.17156 0.988403
 -0.251393 3.17156 0.988403
 -0.251622 3.17156 0.988401
 -0.251622 3.17156 0.988401
 -0.251622 3.17156 0.988401
 -0.251622 3.17156 0.988401
 -0.25139 3.1716 0.9884
 -0.252611 3.1716 0.988391
 -0.251467 3.1716 0.988399
 -0.251619 3.1716 0.988398
 -0.250399 3.1716 0.988406
 -0.251624 3.17282 0.988293
 -0.251657 3.1716 0.988398
 -0.251624 3.48471 0.870382
 -0.251624 3.17221 0.988346
 -9.00142 8.81379 0.86217
 -9.00142 8.81379 0.86217
 -9.00141 8.81381 0.862169
 -9.00141 8.81381 0.862169
 -9.0139 8.81381 0.861446
 -9.01879 8.80892 0.861439
 -9.01879 8.81381 0.861127
 -9.01879 8.81381 0.861127
 -9.01879 8.81381 0.861127
 -9.01879 8.81381 0.861127
 -9.01879 8.81381 0.861127
 -9.01879 8.81381 0.861127
 -6.50139 -6.21748 0.765105
 -9.01879 8.81464 0.861071
 -6.50142 -6.21717 0.764977
 -6.50142 -6.21717 0.764977
 -6.50139 -6.21717 0.764961
 -6.50141 -6.21717 0.76497
 -6.50139 -6.21717 0.764961
 -6.50139 -6.21717 0.764961
 -6.50139 -6.21717 0.764961
 -6.50139 -6.21717 0.764961
 -6.50139 -6.21717 0.764961
 -6.50139 -6.21717 0.764961
 -6.50139 -6.21717 0.764961
 -6.50141 -6.21708 0.764922
 -6.50142 -6.21708 0.764932
 -6.50139 -6.21709 0.764925
 -6.50139 -6.21708 0.764916
 -1.50139 -6.21715 0.948553
