 -0.246775 3.1716 0.98843
 -1.80962 2.54656 0.99003
 -0.250782 3.17156 0.988407
 -0.246736 3.1716 0.988431
 -0.251393 3.17156 0.988403
 -0.251393 3.17156 0.988403
 -0.251393 3.1716 0.9884
 -0.251047 3.17156 0.988405
 -0.251622 3.17187 0.988375
 -0.251622 3.17156 0.988401
 -0.251622 3.17156 0.988401
 -0.251622 3.17156 0.988401
 -0.251622 3.17156 0.988401
 -0.251622 3.17156 0.988401
 -0.251622 3.17156 0.988401
 -0.251622 3.17156 0.988401
 -0.249025 3.1716 0.988415
 -0.252611 3.1716 0.988391
 -1.5004 -5.59213 0.75063
 -0.252613 3.1728 0.988288
 -9.00142 8.81379 0.86217
 -9.00141 8.81379 0.86217
 -9.00142 8.81379 0.86217
 -9.00142 8.81381 0.862168
 -9.0139 8.81381 0.861446
 -9.01879 8.81381 0.861127
 -6.50139 -6.21717 0.764961
 -9.01879 8.81381 0.861127
 -9.01879 8.81381 0.861127
 -9.01879 8.81381 0.861127
 -9.01879 8.81381 0.861127
 -9.01879 8.81381 0.861127
 -9.01879 8.81381 0.861127
 -9.01882 8.8138 0.861125
 -6.50142 -6.21717 0.764977
 -6.50142 -6.21717 0.764977
 -6.50141 -6.21717 0.76497
 -6.50139 -6.21717 0.764961
 -6.50139 -6.21717 0.764961
 -6.50139 -6.21717 0.764961
 -6.50139 -6.21717 0.764961
 -6.50139 -6.21717 0.764961
 -6.50139 -6.21717 0.764961
 -1.50139 -1.21717 0.124949
 -6.50139 -6.21717 0.764961
 -6.50139 -6.21717 0.764961
 -6.50139 -6.21717 0.764961
 -6.50141 -6.21708 0.764922
 -9.00141 -6.21708 0.00278398
 3.49861 -6.21723 0.4137
