 -0.24712 3.17156 0.988431
 -1.80924 2.5466 0.990024
 -0.246736 3.1716 0.988431
 -0.246775 3.1716 0.98843
 -0.246775 3.1716 0.98843
 -0.250782 3.17156 0.988407
 -0.251393 3.17156 0.988403
 -0.251047 3.17156 0.988405
 -0.251393 3.17156 0.988403
 -0.251393 3.17156 0.988403
 -0.251393 3.17156 0.988403
 -0.251622 3.17187 0.988375
 -0.24918 3.17156 0.988418
 -0.251622 3.17156 0.988401
 -0.251622 3.17156 0.988401
 -0.251622 3.17156 0.988401
 -0.251622 3.17156 0.988401
 -0.253834 3.1716 0.988383
 -0.251622 3.17187 0.988375
 -0.252613 3.1728 0.988288
 -9.00142 8.81379 0.86217
 -9.00142 8.81379 0.86217
 -9.00142 8.81379 0.86217
 -9.00142 8.81381 0.862168
 -9.01879 8.81381 0.861127
 -6.50139 -6.21793 0.765323
 -9.01879 8.81381 0.861127
 -9.01879 8.81381 0.861127
 -9.01879 8.81381 0.861127
 -9.01879 8.81381 0.861127
 -9.01879 8.81381 0.861127
 -9.01879 8.81381 0.861126
 -9.01879 8.81381 0.861127
 -9.01882 8.81457 0.861074
 -6.50139 -6.21717 0.764961
 -6.50139 -6.21717 0.764961
 -6.50139 -6.21717 0.764961
 -6.50139 -6.21717 0.764961
 -6.50139 -6.21717 0.764961
 -6.50139 -6.21717 0.764961
 -1.50139 -1.21717 0.124949
 -6.50139 -6.21717 0.764961
 -6.50139 -6.21717 0.764961
 -6.50139 -6.21717 0.764961
 -6.50139 -6.21717 0.764961
 -6.50139 -6.21717 0.764961
 -6.50139 -6.21717 0.764961
 -6.50141 -6.21708 0.764922
 0.999597 -6.21713 0.961677
 8.49861 -5.59223 0.486344
