 -0.246736 3.1716 0.988431
 -1.80962 2.54656 0.99003
 -0.24712 3.17156 0.988431
 -0.246736 3.1716 0.988431
 -0.246775 3.1716 0.98843
 -0.24918 3.17156 0.988418
 -0.251047 3.17156 0.988405
 -0.250782 3.17156 0.988407
 -0.251393 3.17156 0.988403
 -0.251047 3.17156 0.988405
 -0.251393 3.17156 0.988403
 -0.251393 3.17156 0.988403
 -0.251393 3.17156 0.988403
 -0.251088 3.17187 0.988379
 -0.251393 3.17156 0.988403
 -0.251393 3.17156 0.988403
 -0.24918 3.17156 0.988418
 -0.253834 3.1716 0.988383
 -0.251622 3.17187 0.988375
 -0.252613 3.1728 0.988288
 -9.00142 8.81379 0.86217
 -9.00142 8.81379 0.86217
 -9.00142 8.81379 0.86217
 -9.00142 8.81379 0.86217
 -9.00142 8.81381 0.862168
 -9.01879 8.81382 0.861126
 -6.50048 -6.21793 0.764869
 -9.01879 8.81381 0.861127
 -9.01879 8.81381 0.861127
 -9.01879 8.81381 0.861127
 -9.01879 8.81381 0.861127
 -9.01879 8.81381 0.861127
 -9.01879 8.81381 0.861127
 -9.0197 8.81381 0.861064
 -6.50139 -6.21717 0.764961
 -6.50139 -6.21717 0.764961
 -6.50139 -6.21717 0.764961
 -6.50139 -6.21717 0.764961
 -6.50139 -6.21717 0.764961
 -6.50139 -6.21717 0.764961
 -6.50139 -6.21717 0.764961
 -1.50139 -1.21717 0.124949
 -6.50139 -6.21717 0.764961
 -6.50139 -6.21717 0.764961
 -6.50139 -6.21717 0.764961
 -6.50139 -6.21717 0.764961
 -6.50139 -6.21717 0.764961
 -6.50139 -6.21717 0.764961
 5.9986 -5.59208 0.108306
 3.49861 -6.21723 0.4137
