 -0.24712 3.17156 0.988431
 -1.80962 2.54656 0.99003
 -0.24712 3.17156 0.988431
 -0.246736 3.1716 0.988431
 -0.246736 3.1716 0.988431
 -0.246775 3.1716 0.98843
 -0.250782 3.17156 0.988407
 -0.24918 3.17156 0.988418
 -0.250782 3.17156 0.988407
 -0.250782 3.17156 0.988407
 -0.250782 3.17156 0.988407
 -0.251047 3.17156 0.988405
 -0.251047 3.17156 0.988405
 -0.251047 3.17156 0.988405
 -0.251088 3.17187 0.988379
 -0.251393 3.17156 0.988403
 -0.251393 3.17156 0.988403
 -0.251393 3.17156 0.988403
 -0.252308 3.17187 0.988371
 -0.250401 3.17187 0.988383
 -9.00142 8.81379 0.86217
 -9.00142 8.81379 0.86217
 -9.00142 8.81379 0.86217
 -9.00142 8.81379 0.86217
 -9.01881 8.81381 0.861125
 -9.00139 8.81381 0.86217
 -6.50139 -6.21793 0.765323
 -9.01879 8.81381 0.861127
 -9.01879 8.81381 0.861127
 -9.01879 8.81381 0.861127
 -9.01879 8.81381 0.861127
 -9.01879 8.81381 0.861127
 -9.01879 8.81381 0.861127
 -6.50139 -6.21717 0.764961
 -6.50139 -6.21778 0.765251
 -6.50139 -6.21717 0.764961
 -6.50139 -6.21717 0.764961
 -6.50139 -6.21717 0.764961
 -6.50139 -6.21717 0.764961
 -1.50139 -1.21717 0.124949
 -6.50139 -6.21717 0.764961
 -6.50139 -6.21717 0.764961
 -6.50139 -6.21717 0.764961
 -6.50139 -6.21717 0.764961
 -6.50139 -6.21717 0.764961
 -6.50139 -6.21717 0.764961
 -9.01879 8.81457 0.861076
 -6.50048 -6.21732 0.764578
 0.999523 -6.21793 0.961647
 3.49861 -6.21723 0.4137
