 -0.24712 3.17156 0.988431
 -1.80962 2.54656 0.99003
 -0.24712 3.17156 0.988431
 -0.24712 3.17156 0.988431
 -0.246775 3.1716 0.98843
 -0.246736 3.1716 0.988431
 -0.24918 3.17156 0.988418
 -0.250706 3.17164 0.988401
 -0.250782 3.17156 0.988407
 -0.250782 3.17156 0.988407
 -0.250782 3.17156 0.988407
 -0.250782 3.17156 0.988407
 -0.250782 3.17156 0.988407
 -0.250782 3.17156 0.988407
 -0.250782 3.17156 0.988407
 -0.251047 3.17156 0.988405
 -0.250437 3.17217 0.988357
 -0.251393 3.17156 0.988403
 -0.0960583 3.32812 0.954522
 -0.250401 3.17187 0.988383
 -9.00139 8.81381 0.86217
 -9.00139 8.81381 0.86217
 -9.00142 8.81379 0.86217
 -9.00142 8.81379 0.86217
 -9.00142 8.81379 0.86217
 -9.01879 8.81381 0.861127
 -6.50139 -6.21793 0.765323
 -9.01879 8.81381 0.861127
 -9.01879 8.81381 0.861127
 -9.01879 8.81381 0.861127
 -9.01879 8.81381 0.861127
 -9.01879 8.81381 0.861127
 -9.01879 8.81381 0.861127
 -9.01879 8.81381 0.861127
 -6.50139 -6.21778 0.765251
 -6.50139 -6.21778 0.765251
 -6.50139 -6.21717 0.764961
 -6.50139 -6.21717 0.764961
 -6.50139 -6.21717 0.764961
 -6.50139 -6.21717 0.764961
 -6.50139 -6.21717 0.764961
 -6.50139 -6.21717 0.764961
 -6.50139 -6.21717 0.764961
 -5.25139 -6.21717 0.0737454
 -6.50139 -6.21717 0.764961
 -6.50139 -6.21717 0.764961
 -6.50139 -6.21717 0.764961
 -6.50139 -6.21709 0.764925
 2.87452 -5.59232 0.961946
 -6.50143 -8.71727 0.0129996
