 -0.24712 3.17156 0.988431
 -1.80962 2.54656 0.99003
 -0.24712 3.17156 0.988431
 -0.24712 3.17156 0.988431
 -0.246739 3.17156 0.988434
 -0.247118 3.1716 0.988428
 -0.24918 3.17156 0.988418
 -0.250782 3.17156 0.988407
 -0.25063 3.17156 0.988408
 -0.250782 3.17156 0.988407
 -0.250782 3.17156 0.988407
 -0.250782 3.17156 0.988407
 -0.250782 3.17156 0.988407
 -0.250782 3.17156 0.988407
 -0.250782 3.17156 0.988407
 -0.250782 3.17156 0.988407
 -0.250782 3.17156 0.988407
 -0.251393 3.17156 0.988403
 -0.250401 3.17217 0.988357
 -0.250437 3.17187 0.988383
 -9.00231 3.32812 0.88851
 -0.0951427 8.81381 0.62299
 -9.00139 8.81381 0.86217
 -9.00139 8.81381 0.86217
 -9.00142 8.81379 0.86217
 -4.01879 8.81381 0.852879
 -9.01879 8.81381 0.861127
 -9.01879 8.81381 0.861127
 -9.01879 8.81381 0.861127
 -9.01879 8.81381 0.861127
 -9.01879 8.81381 0.861127
 -9.01864 8.81381 0.861137
 -9.01879 8.81381 0.861127
 -9.01879 8.81381 0.861127
 -6.50139 -6.21778 0.765251
 -6.50139 -6.21778 0.765251
 -6.50141 -6.21778 0.76526
 -6.50139 -6.21778 0.765251
 -6.50139 -6.21717 0.764961
 -6.50139 -6.21717 0.764961
 -6.50139 -6.21717 0.764961
 -6.50139 -6.21717 0.764961
 -6.50139 -6.21717 0.764961
 -6.50139 -6.21717 0.764961
 -6.50139 -6.21717 0.764961
 -6.50139 -5.90467 0.595307
 -6.50139 -6.21717 0.764961
 -6.50139 -6.21717 0.764961
 -6.50139 -6.06084 0.684677
 -6.5014 -6.21709 0.764929
