 -0.24712 3.17156 0.988431
 -1.80924 2.54656 0.990024
 -0.246739 3.17156 0.988434
 -0.24712 3.17156 0.988431
 -0.24712 3.17156 0.988431
 -0.247118 3.1716 0.988428
 -0.25063 3.17156 0.988408
 -0.24918 3.17156 0.988418
 -0.250782 3.17156 0.988407
 -0.25063 3.17156 0.988408
 -0.250782 3.17156 0.988407
 -0.249562 3.17278 0.98831
 -0.250782 3.17156 0.988407
 -0.250782 3.17156 0.988407
 -0.250782 3.17156 0.988407
 -0.250782 3.17156 0.988407
 -0.250782 3.17156 0.988407
 -0.25063 3.17156 0.988408
 -0.250437 3.48437 0.870657
 -0.250401 3.17217 0.988357
 -9.00139 8.81381 0.86217
 -9.00139 8.81381 0.86217
 -9.00139 8.81381 0.86217
 -9.00142 8.81379 0.86217
 -9.01879 8.81381 0.861127
 -6.50139 -6.21778 0.765251
 -9.01879 8.81381 0.861127
 -9.01879 8.81381 0.861127
 -9.01879 8.81381 0.861127
 -9.01879 8.81381 0.861127
 -9.01879 8.81381 0.861127
 -9.01879 8.81381 0.861127
 -9.01879 8.81381 0.861127
 -9.01879 8.81381 0.861127
 -6.50139 -6.21778 0.765251
 -6.50139 -6.21778 0.765251
 -6.50139 -6.21717 0.764961
 -6.50139 -6.21717 0.764961
 -6.50139 -6.21717 0.764961
 -6.50139 -6.21717 0.764961
 -6.50139 -6.21717 0.764961
 -6.50139 -6.21717 0.764961
 -6.50139 -6.21717 0.764961
 -6.50139 -6.21717 0.764961
 -6.50139 -6.21717 0.764961
 -6.50139 -6.21717 0.764961
 -6.50139 -6.21717 0.764961
 -6.50139 -6.06084 0.684677
 -6.34514 -5.91276 0.496298
 -1.50139 3.82189 0.319203
