 -0.246739 3.17156 0.988434
 -1.80924 2.54656 0.990024
 -0.246739 3.17156 0.988434
 -0.246739 3.17156 0.988434
 -0.24712 3.17156 0.988431
 -0.247118 3.1716 0.988428
 -0.24918 3.17156 0.988418
 -0.250554 3.17164 0.988402
 -0.25063 3.17217 0.988356
 -0.25063 3.17156 0.988408
 -0.25063 3.17156 0.988408
 -0.25063 3.17156 0.988408
 -0.25063 3.17156 0.988408
 -0.25063 3.17156 0.988408
 -0.25063 3.17156 0.988408
 -0.25063 3.17156 0.988408
 -0.25063 3.17156 0.988408
 -0.250782 3.17156 0.988407
 -1.34453 -5.75651 0.838747
 -0.250172 3.17278 0.988306
 -9.00139 8.81381 0.86217
 -9.00139 8.81381 0.86217
 -9.00139 8.81381 0.86217
 -9.00139 8.81381 0.86217
 -9.01878 8.81381 0.861127
 -9.01879 8.81381 0.861127
 -6.51879 -6.21778 0.773792
 -9.01879 8.81381 0.861127
 -9.01879 8.81381 0.861127
 -9.01879 8.81381 0.861127
 -9.01879 8.81381 0.861127
 -9.01879 8.81381 0.861127
 -9.01879 8.81381 0.861127
 -9.00139 8.81381 0.86217
 -6.50139 -6.21717 0.764961
 -6.50139 -6.21709 0.764925
 -6.50139 -6.21717 0.764961
 -6.50139 -6.21717 0.764961
 -6.50139 -6.21717 0.764961
 -6.50139 -6.21717 0.764961
 -5.25139 -6.21717 0.0737454
 -6.50139 -6.21717 0.764961
 -6.50139 -6.21717 0.764961
 -6.50139 -6.21717 0.764961
 -6.50139 -6.21709 0.764925
 -6.50139 -6.21717 0.764961
 -6.50139 -6.21717 0.764961
 -6.50139 -6.21717 0.764961
 -7.12639 -5.43592 0.741867
 -6.34518 -8.41276 0.17612
