 6.26384 0.437296 0.962052
 -1.62678 2.62472 0.98771
 6.26384 0.437225 0.962052
 6.26384 0.437225 0.962052
 6.26384 0.437225 0.962052
 6.26384 0.447143 0.962049
 6.26384 0.447214 0.962049
 6.26384 0.447214 0.962049
 6.28219 0.437225 0.961662
 6.28219 0.437225 0.961662
 6.28219 0.43753 0.961661
 6.28219 0.437225 0.961662
 6.28219 0.437225 0.961662
 6.28219 0.437225 0.961662
 6.28219 0.437225 0.961662
 6.28219 0.437225 0.961662
 6.28219 0.447214 0.961634
 6.28219 0.447214 0.961634
 5.87695 -1.48589 0.918083
 6.31443 0.613502 0.957739
 6.50623 -0.266625 0.910098
 6.50623 -0.266625 0.910098
 6.50623 -1.10744 0.865363
 5.89877 -0.266619 0.834428
 5.89877 -0.407973 0.839658
 5.97912 -1.10769 0.9254
 -4.02088 8.874 0.824205
 5.97912 -0.408232 0.886316
 5.97912 -0.408232 0.886316
 0.979028 -0.405757 0.238915
 5.92257 -0.18603 0.847657
 -9.02092 8.81444 0.860937
 -0.271153 2.55732 0.704196
 5.89676 0.364614 0.836536
 -0.271184 2.55242 0.699809
 -0.271184 2.55242 0.699809
 -9.07917 4.11221 0.667383
 -7.24323 -6.83689 0.672858
 -7.24354 -6.83658 0.672848
 -7.24325 -6.83692 0.672825
 -9.07919 4.11221 0.667368
 -4.07919 9.11221 0.653745
 -9.08163 4.11462 0.664736
 -9.08163 4.11462 0.664736
 6.01892 3.32398 0.657008
 6.01892 3.32398 0.657008
 7.79914 9.87799 0.862934
 -8.16357 9.62405 0.86013
 -4.10053 -0.424258 0.304339
 5.92257 -8.45263 0.352494
