 -0.246739 3.17156 0.988434
 -1.80924 2.54656 0.990024
 -0.246739 3.17156 0.988434
 -0.246739 3.17156 0.988434
 -0.24712 3.17156 0.988431
 -0.246739 3.17156 0.988434
 -0.247118 3.17156 0.988431
 -0.25063 3.1716 0.988405
 -0.250325 3.17187 0.988384
 -0.25063 3.17156 0.988408
 -0.25063 3.17156 0.988408
 -0.25063 3.17156 0.988408
 -0.25063 3.17156 0.988408
 -0.25063 3.1716 0.988405
 -0.25063 3.17156 0.988408
 -0.25063 3.17156 0.988408
 -0.25063 3.17156 0.988408
 -0.250782 3.17156 0.988407
 -0.171284 3.25091 0.976748
 -0.251393 3.17217 0.988351
 -9.00139 8.81381 0.86217
 -9.00139 8.81381 0.86217
 -9.00139 8.81381 0.86217
 -9.00139 8.81381 0.86217
 -9.01878 8.81381 0.861127
 0.981212 8.81381 0.668399
 -6.51879 -6.21717 0.773509
 -9.01879 8.81381 0.861127
 -9.01879 8.81381 0.861127
 -9.01879 8.81381 0.861127
 -9.01879 8.8135 0.861147
 -9.01879 8.81381 0.861127
 -9.01879 8.81381 0.861127
 -6.50139 -6.21717 0.764961
 -6.50139 -6.21709 0.764925
 -6.50139 -6.21717 0.764961
 -6.50139 -6.21717 0.764961
 -6.50139 -6.21717 0.764961
 -6.50139 -6.21717 0.764961
 -6.50139 -5.59217 0.406476
 -6.50139 -6.21717 0.764961
 -6.50139 -6.21717 0.764961
 -6.50139 -6.21717 0.764961
 -6.50143 -6.21713 0.764962
 -6.50139 -6.21717 0.764961
 -6.50139 -6.21717 0.764961
 -9.00139 8.81381 0.86217
 -6.50139 -6.21717 0.764961
 -7.43889 -5.12342 0.789462
 -5.87641 -6.68594 0.695073
