 -0.246739 3.17156 0.988434
 -1.80924 2.54656 0.990024
 -0.246739 3.17156 0.988434
 -0.246739 3.17156 0.988434
 -0.24712 3.17156 0.988431
 -0.246736 3.17156 0.988434
 -0.24712 3.17156 0.988431
 -0.25063 3.1716 0.988405
 -0.250325 3.17187 0.988384
 -0.25063 3.17156 0.988408
 -0.25063 3.17156 0.988408
 -0.25063 3.17156 0.988408
 -0.25063 3.17156 0.988408
 -0.25063 3.17156 0.988408
 -0.25063 3.17156 0.988408
 -0.25063 3.17156 0.988408
 -0.25063 3.17156 0.988408
 -0.25063 3.1716 0.988405
 -0.172047 3.25091 0.976739
 -0.25063 3.17217 0.988356
 -9.00139 8.81381 0.86217
 -9.00139 8.81381 0.86217
 -9.00139 8.81381 0.86217
 -9.00139 8.81381 0.86217
 -9.01879 8.8135 0.861147
 0.981212 8.81381 0.668399
 -6.51879 -6.21713 0.773491
 -9.01879 8.81381 0.861127
 -9.01879 8.81381 0.861127
 -9.01879 8.81381 0.861127
 -9.01879 8.8135 0.861147
 -9.01879 8.81381 0.861127
 -9.01879 8.81381 0.861127
 -9.00143 8.81381 0.862168
 -6.50139 -6.21717 0.764961
 -5.25139 -6.68592 0.339501
 -6.50139 -6.21717 0.764961
 -6.50139 -6.21717 0.764961
 -6.50139 -6.21717 0.764961
 -6.50139 -6.21717 0.764961
 -6.50139 -5.59217 0.406476
 -6.50139 -6.21717 0.764961
 -6.50139 -6.21717 0.764961
 -6.50139 -6.21717 0.764961
 -6.50143 -6.21713 0.764962
 -6.50139 -6.21717 0.764961
 -6.50139 -6.21717 0.764961
 -7.12641 -6.21719 0.916937
 0.668712 9.12631 0.855172
 2.23119 7.56379 0.000965174
