 -0.246739 3.17156 0.988434
 -1.80924 2.54656 0.990024
 -0.246736 3.17156 0.988434
 -0.246739 3.17156 0.988434
 -0.246739 3.17156 0.988434
 -0.246739 3.17156 0.988434
 -0.24712 3.17156 0.988431
 -0.25063 3.17156 0.988408
 -0.249409 3.17278 0.988311
 -0.25063 3.17156 0.988408
 -0.25063 3.17156 0.988408
 -0.25063 3.17156 0.988408
 -0.25063 3.17156 0.988408
 -0.25063 3.17156 0.988408
 -0.25063 3.17156 0.988408
 -0.25063 3.17156 0.988408
 -0.25063 3.17156 0.988408
 -0.25063 3.1716 0.988405
 -0.250325 3.48467 0.870466
 -0.25063 3.17187 0.988382
 -9.00141 3.78281 0.811893
 -7.12639 -1.1862 0.32946
 -9.00139 8.81381 0.86217
 -9.00139 8.81381 0.86217
 -9.00139 8.8135 0.862186
 -9.01879 8.81381 0.861127
 -9.01879 8.8135 0.861147
 -9.01879 8.8135 0.861147
 -9.01879 8.8135 0.861147
 -9.01879 8.8135 0.861147
 -9.01879 8.81381 0.861127
 -9.01879 8.81381 0.861127
 0.668712 9.12631 0.855172
 -9.01879 8.81381 0.861127
 -6.50143 -6.21713 0.764962
 -6.50143 -6.21713 0.764962
 -6.50139 -6.21717 0.764961
 0.981212 8.78283 0.64275
 -6.50139 -6.21717 0.764961
 -6.50139 -6.21717 0.764961
 -6.50139 -6.21717 0.764961
 -6.50139 -6.21717 0.764961
 -6.50139 -6.21717 0.764961
 -6.50139 -6.21717 0.764961
 -6.50139 -6.21717 0.764961
 -6.50139 -6.21717 0.764961
 -6.50139 -6.21717 0.764961
 -6.50139 -6.1862 0.749988
 -6.51879 -5.60026 0.423446
 5.99861 3.82189 0.434008
