 -0.246736 3.17156 0.988434
 -1.80924 2.54656 0.990024
 -0.246736 3.17156 0.988434
 -0.246739 3.17156 0.988434
 -0.246739 3.17156 0.988434
 -0.246739 3.17156 0.988434
 -0.246739 3.17156 0.988434
 -0.25063 3.1716 0.988405
 -0.25063 3.17156 0.988408
 -0.250325 3.17187 0.988384
 -0.25063 3.17156 0.988408
 -0.25063 3.17156 0.988408
 -0.25063 3.17156 0.988408
 -0.25063 3.17156 0.988408
 -0.25063 3.17156 0.988408
 -0.25063 3.17156 0.988408
 -0.25063 3.17156 0.988408
 -0.25063 3.17156 0.988408
 -0.172505 3.25121 0.976663
 -0.249409 3.17156 0.988416
 -9.00139 8.81381 0.86217
 -9.00139 8.81381 0.86217
 -9.00139 8.81381 0.86217
 -9.00139 8.81381 0.86217
 -9.01879 8.8135 0.861147
 0.981212 8.8135 0.66815
 -9.01879 8.8135 0.861147
 -9.01879 8.8135 0.861147
 -9.01879 8.81381 0.861127
 -9.01879 8.81381 0.861127
 -9.01879 8.81381 0.861127
 -9.01879 8.81381 0.861127
 -6.50109 -6.1862 0.74983
 0.668369 9.09537 0.840023
 -6.50139 -6.21717 0.764961
 3.49861 8.78283 0.91717
 -6.50139 -6.21717 0.764961
 -6.50139 -6.21717 0.764961
 -6.50139 -6.21717 0.764961
 -6.50139 -6.21717 0.764961
 -6.50139 -5.59217 0.406476
 -6.50139 -6.21717 0.764961
 -6.50139 -6.21717 0.764961
 -6.50139 -6.21717 0.764961
 -6.50143 -6.21713 0.764962
 -6.50139 -6.21717 0.764961
 -6.50139 -6.21717 0.764961
 -9.01879 -6.21717 0.00153682
 -6.83159 -5.86561 0.770823
 7.24889 3.14972 0.00231726
