 -0.246736 3.17156 0.988434
 -1.80924 2.54656 0.990024
 -0.246736 3.17156 0.988434
 -0.246736 3.17156 0.988434
 -0.246736 3.17156 0.988434
 -0.246739 3.17156 0.988434
 -0.246739 3.17156 0.988434
 -0.249409 3.17156 0.988416
 -0.249409 3.17156 0.988416
 -0.249409 3.17156 0.988416
 -0.249409 3.17156 0.988416
 -0.25063 3.17156 0.988408
 -0.25063 3.17156 0.988408
 -0.249409 3.17278 0.988311
 -0.25063 3.17156 0.988408
 -0.25063 3.17156 0.988408
 -0.25063 3.17156 0.988408
 -0.25063 3.17156 0.988408
 -0.25063 3.48441 0.870624
 -0.250325 3.17156 0.98841
 -9.00139 8.78283 0.863351
 3.49861 8.81381 0.914411
 -9.00139 8.81381 0.86217
 -9.00139 8.81381 0.86217
 -9.00139 8.8135 0.862186
 -9.01879 8.81381 0.861127
 -9.01879 8.8135 0.861147
 -9.01879 8.8135 0.861147
 -9.01879 8.8135 0.861147
 -9.01879 8.8135 0.861147
 -9.01879 8.8135 0.861147
 -9.01879 8.81381 0.861127
 -6.83159 -5.86637 0.771159
 -9.01879 8.81457 0.861076
 -6.50143 -6.21713 0.764962
 -6.50143 -6.21713 0.764962
 -6.50139 -6.21717 0.764961
 -6.50139 -6.18604 0.749913
 -6.50139 -6.21717 0.764961
 -6.50139 -6.21717 0.764961
 -6.50139 -6.21717 0.764961
 -6.50139 -6.21717 0.764961
 -6.50139 -6.21717 0.764961
 -6.50139 -6.21717 0.764961
 -6.50139 -6.21717 0.764961
 -6.50139 -6.21717 0.764961
 -6.50139 -6.21717 0.764961
 -6.50109 -6.21732 0.764882
 0.981212 8.8135 0.66815
 5.98121 3.8135 0.452337
