 -0.246736 3.17156 0.988434
 -1.80924 2.54656 0.990024
 -0.246736 3.17156 0.988434
 -0.246736 3.17156 0.988434
 -0.246736 3.17156 0.988434
 -0.246739 3.17156 0.988434
 -0.246739 3.17156 0.988434
 -0.25063 3.17156 0.988408
 -0.249409 3.17156 0.988416
 -0.249409 3.17156 0.988416
 -0.249409 3.17156 0.988416
 -0.249409 3.17156 0.988416
 -0.249409 3.17156 0.988416
 -0.249409 3.17156 0.988416
 -0.249409 3.17156 0.988416
 -0.249104 3.17156 0.988418
 -0.249409 3.17278 0.988311
 -0.25063 3.17156 0.988408
 3.49937 9.12631 0.805808
 -0.250172 3.17278 0.988306
 -9.00139 8.78283 0.863351
 -9.00139 8.8135 0.862186
 -9.00139 8.8135 0.862186
 -9.00139 8.81381 0.86217
 -9.01879 8.8135 0.861147
 -9.01879 8.8135 0.861147
 -9.01879 8.8135 0.861147
 -9.01879 8.8135 0.861147
 -9.01879 8.8135 0.861147
 -9.01879 8.8135 0.861147
 -9.01879 8.8135 0.861147
 -9.01879 8.81381 0.861127
 -6.50139 -6.21793 0.765323
 -9.01883 8.81461 0.861071
 -6.50139 -6.21717 0.764961
 -6.50139 -6.18604 0.749913
 -6.50139 -6.21717 0.764961
 -6.50139 -6.21717 0.764961
 -6.50139 -6.21717 0.764961
 -6.50139 -6.21717 0.764961
 -6.50139 -6.21717 0.764961
 -6.50139 -6.21717 0.764961
 -6.50139 -6.21717 0.764961
 -6.50139 -6.21717 0.764961
 -6.50139 -6.21717 0.764961
 -6.50139 -6.21717 0.764961
 -6.50139 -6.21717 0.764961
 -6.50139 -6.21717 0.764961
 0.981212 8.8135 0.66815
 5.98121 3.8135 0.452337
