 -0.246736 3.17156 0.988434
 -1.80924 2.54656 0.990024
 -0.246736 3.17156 0.988434
 -0.246736 3.17156 0.988434
 -0.246736 3.17156 0.988434
 -0.246739 3.17156 0.988434
 -0.246739 3.17156 0.988434
 -0.249104 3.17156 0.988418
 -0.249409 3.17156 0.988416
 -0.249104 3.17187 0.988392
 -0.249409 3.17156 0.988416
 -0.249409 3.17156 0.988416
 -0.249409 3.17156 0.988416
 -0.249409 3.17156 0.988416
 -0.249409 3.17156 0.988416
 -0.249409 3.17156 0.988416
 -0.249104 3.17156 0.988418
 -0.25063 3.17156 0.988408
 -9.00139 9.40691 0.690982
 -0.250172 3.1737 0.988226
 -9.00139 8.81381 0.86217
 -9.00139 8.8135 0.862185
 -9.00139 8.81381 0.86217
 -9.01879 8.8135 0.861147
 -9.01879 8.8135 0.861147
 -9.01879 8.8135 0.861147
 -9.01879 8.8135 0.861147
 -9.01879 8.8135 0.861147
 -9.01879 8.8135 0.861147
 -9.01879 8.81351 0.861146
 -9.01879 8.8135 0.861147
 -9.01879 8.81381 0.861127
 -6.50052 -6.21713 0.764507
 -6.50139 -6.21717 0.764961
 -6.50139 -6.21717 0.764961
 -6.50139 -6.21717 0.764961
 -6.50139 -6.21717 0.764961
 -6.50139 -6.21717 0.764961
 -6.50139 -6.21717 0.764961
 -1.50139 -1.21717 0.124949
 -6.50139 -6.21717 0.764961
 -6.50139 -6.21717 0.764961
 -6.50139 -6.21717 0.764961
 -6.50139 -6.21717 0.764961
 -6.50139 -6.21717 0.764961
 -6.50139 -6.21717 0.764961
 -9.0197 8.81457 0.861013
 -6.50139 -6.18604 0.749913
 0.981212 8.8135 0.66815
 0.981212 -1.1865 0.000966713
