 -0.246736 3.17156 0.988434
 -1.80924 2.54656 0.990024
 -0.246736 3.17156 0.988434
 -0.246736 3.17156 0.988434
 -0.246736 3.17156 0.988434
 -0.246736 3.17156 0.988434
 -0.249104 3.17156 0.988418
 -0.246739 3.17156 0.988434
 -0.249104 3.17156 0.988418
 -0.249104 3.17156 0.988418
 -0.249104 3.17156 0.988418
 -0.249104 3.17156 0.988418
 -0.249104 3.17156 0.988418
 -0.249333 3.17164 0.98841
 -0.249409 3.17156 0.988416
 -0.249409 3.17217 0.988364
 -0.249409 3.17156 0.988416
 -0.249409 3.17156 0.988416
 -0.0928539 3.32934 0.954103
 -0.250172 3.17248 0.988333
 -9.00139 8.81381 0.86217
 -9.00139 8.81381 0.86217
 -9.01879 8.81381 0.861127
 -9.00139 8.8135 0.862186
 -9.01879 8.8135 0.861147
 -9.01879 8.8135 0.861147
 -9.01879 8.8135 0.861147
 -9.01879 8.8135 0.861147
 -9.01879 8.8135 0.861147
 -9.01879 8.8135 0.861147
 -9.01879 8.8135 0.861147
 -9.01879 8.81351 0.861146
 -6.50139 -6.21717 0.764961
 -6.50139 -6.21717 0.764961
 -9.00139 8.78283 0.863351
 -6.50139 -6.21717 0.764961
 -6.50139 -6.21717 0.764961
 -6.50139 -6.21717 0.764961
 -6.50139 -6.21717 0.764961
 -5.25139 -6.21717 0.0737454
 -6.50139 -6.21717 0.764961
 -6.50139 -6.21717 0.764961
 -6.50139 -6.21717 0.764961
 -6.50139 -6.21709 0.764925
 -6.50139 -6.21717 0.764961
 -6.50139 -6.21717 0.764961
 -9.01879 8.81381 0.861127
 -6.50139 -5.59309 0.407024
 0.356212 9.4385 0.917711
 3.48117 6.3135 0.342983
