 6.26384 0.437225 0.962052
 -1.62678 2.62472 0.98771
 6.26384 0.437225 0.962052
 6.26384 0.437225 0.962052
 6.26384 0.437225 0.962052
 6.26384 0.437296 0.962052
 6.26384 0.447214 0.962049
 6.26384 0.447143 0.962049
 6.26384 0.447214 0.962049
 6.26384 0.447214 0.962049
 6.26384 0.447214 0.962049
 6.28219 0.44699 0.961634
 6.36031 0.437225 0.952808
 6.28219 0.437225 0.961662
 6.28219 0.437225 0.961662
 6.28219 0.437225 0.961662
 6.28219 0.437225 0.961662
 6.28219 0.437531 0.961661
 6.31446 0.61323 0.957738
 6.28215 0.447486 0.961635
 5.87695 -0.266628 0.819843
 6.50623 -1.48589 0.818603
 6.50623 -0.266625 0.910098
 6.50623 -0.266625 0.910098
 6.50623 -1.1112 0.864997
 5.97911 -0.404317 0.886178
 6.50623 9.87889 0.480627
 7.79914 -1.18646 0.00114579
 -9.02092 8.94049 0.845637
 7.79914 9.75194 0.859678
 -8.16357 9.62407 0.860128
 -9.02092 8.81442 0.860938
 -3.78873 8.874 0.869618
 5.66662 -0.407974 0.658161
 -0.271153 2.55732 0.704196
 -0.271153 2.55732 0.704196
 -7.24384 -6.82258 0.680417
 -0.271184 2.55242 0.699809
 -0.271184 2.55242 0.699809
 -0.270574 2.53811 0.68682
 -7.24322 -6.83657 0.673039
 -7.24354 -6.83689 0.672678
 -9.07917 4.11221 0.667383
 -9.07917 4.11221 0.667383
 -9.08163 4.11462 0.664736
 -9.08163 4.11462 0.664736
 -4.08163 9.11462 0.651093
 -9.07919 4.11221 0.667368
 -4.07743 -0.42422 0.325481
 5.89947 -8.45267 0.36426
