 -0.246736 3.17156 0.988434
 -1.80924 2.54656 0.990024
 -0.246736 3.17156 0.988434
 -0.246736 3.17156 0.988434
 -0.246736 3.17156 0.988434
 -0.246736 3.17156 0.988434
 -0.249104 3.17156 0.988418
 -0.249104 3.17156 0.988418
 -0.249104 3.17156 0.988418
 -0.249104 3.17187 0.988392
 -0.249104 3.1716 0.988415
 -0.249104 3.17156 0.988418
 -0.249104 3.17156 0.988418
 -0.249104 3.17156 0.988418
 -0.249104 3.17156 0.988418
 -0.249104 3.17156 0.988418
 -0.249104 3.17156 0.988418
 -0.246739 3.17156 0.988434
 -0.171284 3.2503 0.976888
 -0.250172 3.17248 0.988333
 -9.00048 8.8135 0.862233
 -9.00048 8.8135 0.862233
 -9.00048 8.8135 0.862233
 -9.00139 8.8135 0.862186
 -9.00139 8.8135 0.862186
 0.981365 8.8135 0.668164
 -9.01879 8.8135 0.861147
 -9.01879 8.8135 0.861147
 -9.01879 8.8135 0.861147
 -9.01879 8.8135 0.861147
 -9.01879 8.8135 0.861147
 -6.50109 -6.1865 0.74998
 -9.01879 8.8135 0.861147
 -6.50139 -6.21717 0.764961
 -6.50139 -6.21717 0.764961
 -6.50139 -6.21717 0.764961
 -6.50139 -6.21717 0.764961
 -6.50139 -6.21717 0.764961
 -6.50139 -6.21717 0.764961
 -6.50139 -5.59217 0.406476
 -6.50139 -6.21717 0.764961
 -6.50139 -6.21717 0.764961
 -6.50139 -6.21717 0.764961
 -6.50143 -6.21713 0.764962
 -6.50139 -6.21717 0.764961
 -6.50139 -6.21717 0.764961
 -9.01909 8.78283 0.862758
 -6.5014 -5.90467 0.595313
 -6.81389 -5.90467 0.778924
 -5.25141 -6.99844 0.565999
