 -0.246736 3.17156 0.988434
 -1.80924 2.54656 0.990024
 -0.246736 3.17156 0.988434
 -0.246736 3.17156 0.988434
 -0.246736 3.17156 0.988434
 -0.246736 3.17156 0.988434
 -0.249104 3.17156 0.988418
 -0.249104 3.17156 0.988418
 -0.249104 3.17156 0.988418
 -0.249104 3.17156 0.988418
 -0.249104 3.17156 0.988418
 -0.249104 3.17156 0.988418
 -0.249104 3.17156 0.988418
 -0.246739 3.17156 0.988434
 -0.249104 3.17156 0.988418
 -0.249104 3.17156 0.988418
 -0.249104 3.17156 0.988418
 -0.249104 3.1716 0.988415
 -0.249104 3.24999 0.975789
 -0.171284 3.17217 0.988783
 -9.00048 8.8135 0.862233
 -9.00048 8.8135 0.862233
 -9.00048 8.8135 0.862233
 -9.00048 8.8135 0.862233
 -9.00139 8.8135 0.862186
 -4.01879 8.8135 0.853011
 -6.50109 -6.1865 0.74998
 -9.01879 8.8135 0.861147
 -9.01879 8.8135 0.861147
 -9.01879 8.8135 0.861147
 -9.01864 8.8135 0.861157
 -9.01879 8.8135 0.861147
 -9.01879 8.8135 0.861147
 -6.50139 -6.21717 0.764961
 -6.50139 -6.21717 0.764961
 -6.50139 -6.21717 0.764961
 -6.50139 -6.21717 0.764961
 -6.50139 -6.21717 0.764961
 -6.50139 -6.21717 0.764961
 -6.50139 -5.90467 0.595307
 -6.50139 -6.21717 0.764961
 -6.50139 -6.21717 0.764961
 -6.50139 -6.21717 0.764961
 -6.50141 -6.21717 0.76497
 -6.50139 -6.21717 0.764961
 -6.50139 -6.21717 0.764961
 -9.01909 8.78283 0.862758
 -6.5014 -5.90467 0.595313
 -5.25141 -6.99844 0.565999
 -5.25142 -6.99844 0.566004
