 -0.168611 3.17156 0.988839
 -1.81191 2.54717 0.990079
 -0.246968 3.17156 0.988432
 -0.171053 3.17217 0.988784
 -0.246736 3.17156 0.988434
 -0.246736 3.17156 0.988434
 -0.246736 3.17156 0.988434
 -0.246739 3.17156 0.988434
 -0.249028 3.17156 0.988419
 -0.249104 3.17156 0.988418
 -0.249104 3.17156 0.988418
 -0.249104 3.17278 0.988313
 -0.249104 3.17156 0.988418
 -0.249104 3.17156 0.988418
 -0.249104 3.17156 0.988418
 -0.249104 3.17156 0.988418
 -0.249104 3.17156 0.988418
 -0.246815 3.17156 0.988433
 -0.249104 3.56253 0.816086
 -0.249104 3.17156 0.988418
 -9.00048 8.8135 0.862233
 -9.00048 8.8135 0.862233
 -9.00048 8.8135 0.862233
 -9.00048 8.8135 0.862233
 -9.01879 8.8135 0.861147
 -9.00033 8.8135 0.862241
 -9.01879 8.8135 0.861147
 -9.01864 8.8135 0.861157
 -9.01879 8.8135 0.861147
 -9.01879 8.8135 0.861147
 -9.01879 8.8135 0.861147
 -9.01879 8.8135 0.861147
 -6.50139 -6.21717 0.764961
 -6.50139 -6.21717 0.764961
 -6.50139 -6.21717 0.764961
 -6.50139 -6.21717 0.764961
 -6.50139 -6.21717 0.764961
 -6.50139 -6.21717 0.764961
 -6.50139 -6.21717 0.764961
 -6.50139 -6.21717 0.764961
 -6.50139 -6.21717 0.764961
 -6.50139 -6.21717 0.764961
 -6.50139 -6.21717 0.764961
 -6.50139 -6.21717 0.764961
 -6.50139 -6.21717 0.764961
 -6.50139 -6.21717 0.764961
 -9.01879 8.8135 0.861147
 -6.50139 -5.90467 0.595307
 -6.50142 -5.74844 0.501147
 -0.251412 -6.99844 0.539007
