 -0.171284 3.17217 0.988783
 -1.80924 2.54656 0.990024
 -0.171053 3.17217 0.988784
 -0.168611 3.17156 0.988839
 -0.246736 3.17156 0.988434
 -0.246736 3.17156 0.988434
 -0.246739 3.17156 0.988434
 -0.246815 3.17156 0.988433
 -0.246968 3.17156 0.988432
 -0.246815 3.17156 0.988433
 -0.246968 3.17156 0.988432
 -0.246968 3.17156 0.988432
 -0.249409 3.17156 0.988416
 -0.249104 3.17156 0.988418
 -9.00033 9.12615 0.805785
 -0.249104 3.17156 0.988418
 -0.249104 3.17278 0.988313
 -0.249104 3.17156 0.988418
 -0.246663 3.17156 0.988434
 -0.249104 3.17141 0.988431
 -9.00048 8.8135 0.862233
 -9.00048 8.8135 0.862233
 -9.00048 8.8135 0.862233
 -9.00048 8.8135 0.862233
 -9.01863 8.8135 0.861157
 -9.01879 8.8135 0.861147
 -6.50139 -6.21717 0.764961
 -9.01879 8.8135 0.861147
 -9.01879 8.8135 0.861147
 -9.01879 8.8135 0.861147
 -9.01879 8.8135 0.861147
 -9.01879 8.8135 0.861147
 -9.01879 8.8135 0.861147
 -6.50139 -6.21717 0.764961
 -6.50139 -6.21717 0.764961
 -6.50139 -6.21717 0.764961
 -6.50139 -6.21717 0.764961
 -6.50139 -6.21717 0.764961
 -6.50139 -6.21717 0.764961
 -6.50139 -6.21717 0.764961
 -6.50139 -6.21717 0.764961
 -6.50139 -6.21717 0.764961
 -6.50139 -6.21717 0.764961
 -6.50139 -6.21717 0.764961
 -6.50139 -6.21717 0.764961
 -6.50139 -6.21717 0.764961
 -9.01879 8.8135 0.861147
 -6.50139 -5.90467 0.595307
 -6.50141 -5.74844 0.50114
 -1.50142 -6.99844 0.391323
