 -0.168611 3.17156 0.988839
 -1.80924 2.54656 0.990024
 -0.171053 3.17217 0.988784
 -0.168611 3.17156 0.988839
 -0.171284 3.17217 0.988783
 -0.246663 3.17156 0.988434
 -0.246739 3.17156 0.988434
 -0.246736 3.17156 0.988434
 -0.246739 3.17156 0.988434
 -0.246739 3.17156 0.988434
 -0.246815 3.17156 0.988433
 -0.246815 3.17156 0.988433
 -0.246815 3.17156 0.988433
 -0.246815 3.17156 0.988433
 -0.246968 3.1716 0.988429
 -0.246968 3.17156 0.988432
 -0.249104 3.17172 0.988405
 -0.249104 3.17156 0.988418
 -8.92235 8.89178 0.862273
 -0.249409 3.17141 0.988429
 -9.00048 8.8135 0.862233
 -9.00048 8.8135 0.862233
 -9.00048 8.8135 0.862233
 -9.00048 8.8135 0.862233
 -6.51879 -6.21717 0.773509
 0.981212 8.8135 0.66815
 -9.01879 8.8135 0.861147
 -9.01879 8.8135 0.861147
 -9.01879 8.8135 0.861147
 -9.01879 8.8135 0.861147
 -9.01879 8.8135 0.861147
 -9.01879 8.8135 0.861147
 -9.01879 8.8135 0.861147
 -6.50139 -6.21717 0.764961
 -6.50139 -5.90467 0.595307
 -6.50139 -6.21717 0.764961
 -6.50139 -6.21717 0.764961
 -6.50139 -6.21717 0.764961
 -6.50139 -6.21717 0.764961
 -6.50139 -5.59217 0.406476
 -6.50139 -6.21717 0.764961
 -6.50139 -6.21717 0.764961
 -6.50139 -6.21717 0.764961
 -6.50143 -6.21713 0.764962
 -6.50139 -6.21717 0.764961
 -6.50139 -6.21717 0.764961
 -9.00139 8.8135 0.862185
 -6.50139 -6.21717 0.764961
 -6.81391 -5.74844 0.705636
 -5.25141 -6.99844 0.565999
