 -0.168611 3.17156 0.988839
 -1.80924 2.54656 0.990024
 -0.168611 3.17156 0.988839
 -0.168611 3.17156 0.988839
 -0.171053 3.17156 0.988829
 -0.168611 3.17156 0.988839
 -0.246739 3.17156 0.988434
 -0.246736 3.1716 0.988431
 -0.246736 3.17187 0.988408
 -0.246736 3.17156 0.988434
 -0.246736 3.17156 0.988434
 -0.246736 3.17156 0.988434
 -0.246736 3.17156 0.988434
 -0.246736 3.17156 0.988434
 -0.246736 3.17156 0.988434
 -0.246736 3.17156 0.988434
 -0.246736 3.17156 0.988434
 -0.249409 3.17141 0.988429
 -8.9222 8.89178 0.862281
 -0.249257 3.17156 0.988417
 -9.00048 8.8135 0.862233
 -9.00048 8.8135 0.862233
 -9.00048 8.8135 0.862233
 -9.00048 8.8135 0.862233
 -9.0197 8.8135 0.861085
 0.999523 8.8135 0.669826
 -9.01879 8.8135 0.861147
 -9.01879 8.8135 0.861147
 -9.01879 8.8135 0.861147
 -9.01879 8.8135 0.861147
 -9.01879 8.8135 0.861147
 -9.01879 8.8135 0.861147
 -6.5197 -6.21717 0.773954
 -6.50139 -6.21717 0.764961
 -6.50139 -5.90467 0.595307
 -6.50139 -6.21717 0.764961
 -6.50139 -6.21717 0.764961
 -6.50139 -6.21717 0.764961
 -6.50139 -6.21717 0.764961
 -6.50139 -5.59217 0.406476
 -6.50139 -6.21717 0.764961
 -6.50139 -6.21717 0.764961
 -6.50139 -6.21717 0.764961
 -6.50143 -6.21713 0.764962
 -6.50139 -6.21717 0.764961
 -6.50139 -6.21717 0.764961
 -9.00139 8.8135 0.862185
 -6.50139 -6.21717 0.764961
 -5.56391 -6.99844 0.725387
 -5.25141 -6.99844 0.565999
