 -0.168611 3.17156 0.988839
 -1.80924 2.54656 0.990024
 -0.168611 3.17156 0.988839
 -0.168611 3.17156 0.988839
 -0.168611 3.17156 0.988839
 -0.168611 3.17156 0.988839
 -0.246739 3.17156 0.988434
 -0.246736 3.17156 0.988434
 -0.249025 3.17156 0.988419
 -0.246736 3.17156 0.988434
 -0.246736 3.17156 0.988434
 -0.246736 3.17156 0.988434
 -0.246736 3.17156 0.988434
 -0.246736 3.17156 0.988434
 -0.246736 3.17156 0.988434
 -0.246736 3.17156 0.988434
 -0.246736 3.17156 0.988434
 -0.246968 3.17141 0.988445
 -8.99926 8.89178 0.855858
 -0.1722 3.17156 0.988825
 -9.00048 8.8135 0.862233
 -9.00048 8.8135 0.862233
 -9.00048 8.8135 0.862233
 -9.00048 8.8135 0.862233
 -9.00139 8.8135 0.862185
 -4.01879 8.8135 0.853011
 -9.01879 8.8135 0.861147
 -9.01879 8.8135 0.861147
 -9.01879 8.8135 0.861147
 -9.01864 8.8135 0.861157
 -9.01879 8.8135 0.861147
 -9.01879 8.8135 0.861147
 -6.50139 -6.1865 0.750138
 -6.50139 -6.21717 0.764961
 -6.50139 -6.21717 0.764961
 -6.50139 -6.21717 0.764961
 -6.50139 -6.21717 0.764961
 -6.50139 -6.21717 0.764961
 -6.50139 -6.21717 0.764961
 -6.50139 -5.90467 0.595307
 -6.50139 -6.21717 0.764961
 -6.50139 -6.21717 0.764961
 -6.50139 -6.21717 0.764961
 -6.50141 -6.21717 0.76497
 -6.50139 -6.21717 0.764961
 -6.50139 -6.21717 0.764961
 -9.0197 8.78283 0.862732
 -6.50139 -5.90467 0.595307
 -5.25141 -6.99844 0.565999
 -5.25142 -6.99844 0.566004
