 -0.168611 3.17156 0.988839
 -1.80924 2.54656 0.990024
 -0.168611 3.17156 0.988839
 -0.168611 3.17156 0.988839
 -0.168611 3.17156 0.988839
 -0.168611 3.17156 0.988839
 -0.246968 3.17156 0.988432
 -0.1722 3.17141 0.988836
 -0.246968 3.17156 0.988432
 -0.246739 3.17141 0.988447
 -0.246739 3.17156 0.988434
 -0.246739 3.17156 0.988434
 -0.246739 3.17156 0.988434
 -0.246736 3.17164 0.988427
 -8.86246 8.93908 0.862829
 -0.246736 3.17156 0.988434
 -0.246736 3.17217 0.988382
 -0.246736 3.17156 0.988434
 -0.246736 3.17156 0.988434
 -0.247731 3.17156 0.988427
 -9.00048 8.8135 0.862233
 -9.00048 8.8135 0.862233
 -9.00048 8.8135 0.862233
 -9.00048 8.8135 0.862233
 -9.0197 8.8135 0.861085
 -9.00048 8.8135 0.862233
 -9.01879 8.8135 0.861147
 -9.01879 8.8135 0.861147
 -9.01879 8.8135 0.861147
 -9.01879 8.8135 0.861147
 -9.01879 8.8135 0.861147
 -9.01879 8.8135 0.861147
 -6.49926 -6.21717 0.763898
 -6.50139 -6.21717 0.764961
 -6.50139 -5.90467 0.595307
 -6.50139 -6.21717 0.764961
 -6.50139 -6.21717 0.764961
 -6.50139 -6.21717 0.764961
 -6.50139 -6.21717 0.764961
 -5.25139 -6.21717 0.0737454
 -6.50139 -6.21717 0.764961
 -6.50139 -6.21717 0.764961
 -6.50139 -6.21717 0.764961
 -6.50139 -6.21709 0.764925
 -6.50139 -6.21717 0.764961
 -6.50139 -6.21717 0.764961
 -9.00139 8.89178 0.855606
 -6.50139 -6.21717 0.764961
 -5.87642 -6.37344 0.492664
 -5.25145 -9.49844 0.017941
