 6.26384 0.437225 0.962052
 -1.62678 2.62472 0.98771
 6.26384 0.437225 0.962052
 6.26384 0.437225 0.962052
 6.26384 0.437225 0.962052
 6.26384 0.437225 0.962052
 6.26384 0.447062 0.962049
 6.26384 0.437377 0.962052
 6.26384 0.447214 0.962049
 6.26384 0.447214 0.962049
 6.26384 0.448435 0.962049
 6.26384 0.447214 0.962049
 6.26384 0.447214 0.962049
 6.26384 0.447214 0.962049
 6.26384 0.447214 0.962049
 6.26384 0.447214 0.962049
 6.28219 0.44699 0.961634
 6.28219 0.437531 0.961661
 8.78219 3.11301 0.909588
 6.31446 0.447214 0.95934
 6.50623 -0.266625 0.910098
 6.50623 -0.266625 0.910098
 6.50623 -0.266625 0.910098
 6.50623 -0.266625 0.910098
 -3.78873 8.8142 0.889743
 -9.02092 8.87423 0.855339
 -9.02092 9.62496 0.560035
 -9.02092 8.81442 0.860938
 -9.01116 8.81442 0.86158
 -8.16357 8.81352 0.632828
 -9.02092 8.81444 0.860937
 7.79914 9.87799 0.862934
 -0.271159 2.55732 0.704194
 5.87696 -0.266625 0.819847
 -0.271184 2.55242 0.699809
 -0.271184 2.55242 0.699809
 -7.24384 -6.82255 0.680437
 -0.270574 2.53811 0.68682
 -0.270574 2.53811 0.68682
 -0.270574 2.53808 0.686788
 -7.24322 -6.83657 0.67304
 -7.24354 -6.83689 0.672678
 -9.07917 4.11221 0.667383
 -9.07917 4.11221 0.667383
 -9.07919 4.11465 0.666546
 -9.08163 4.11217 0.66556
 -4.08163 9.11462 0.651093
 -9.08163 4.11462 0.664736
 -4.09924 1.55857 0.101139
 6.50433 9.86703 0.471168
