 -0.168611 3.17156 0.988839
 -1.80924 2.54656 0.990024
 -0.168611 3.17156 0.988839
 -0.168611 3.17156 0.988839
 -0.168611 3.17156 0.988839
 -0.168611 3.17156 0.988839
 -0.172197 3.17156 0.988825
 -0.168614 3.17141 0.98885
 -0.246739 3.17141 0.988447
 -0.246739 3.17141 0.988447
 -0.246739 3.17141 0.988447
 -0.246586 3.17156 0.988435
 -0.246739 3.17156 0.988434
 -0.246739 3.17156 0.988434
 -0.246739 3.17156 0.988434
 -0.246736 3.17156 0.988434
 -0.246736 3.17278 0.988329
 -0.246968 3.17156 0.988432
 -0.246739 3.48406 0.871023
 -0.247728 3.17217 0.988375
 -9.00048 8.8135 0.862233
 -9.00048 8.8135 0.862233
 -9.00048 8.8135 0.862233
 -9.00048 8.8135 0.862233
 -9.00048 8.8135 0.862233
 -9.01879 8.8135 0.861147
 -6.50139 -6.21717 0.764961
 -9.01879 8.8135 0.861147
 -9.01879 8.8135 0.861147
 -9.01879 8.8135 0.861147
 -9.01879 8.8135 0.861147
 -9.01879 8.8135 0.861147
 -9.01879 8.8135 0.861147
 -6.50139 -6.21717 0.764961
 -6.49926 -6.21717 0.763898
 -6.50139 -6.21717 0.764961
 -6.50139 -6.21717 0.764961
 -6.50139 -6.21717 0.764961
 -6.50139 -6.21717 0.764961
 -6.50139 -6.21717 0.764961
 -6.50139 -6.21717 0.764961
 -6.50139 -6.21717 0.764961
 -6.50139 -6.21717 0.764961
 -6.50139 -6.21717 0.764961
 -6.50139 -6.21717 0.764961
 -6.50139 -6.21717 0.764961
 -9.01879 8.8135 0.861147
 -6.50139 -6.21717 0.764961
 -6.50139 -5.12342 0.15809
 -0.876421 -5.90469 0.873586
