 -0.168614 3.17141 0.98885
 -1.80924 2.54641 0.99002
 -0.168611 3.17156 0.988839
 -0.168611 3.17141 0.98885
 -0.168611 3.17156 0.988839
 -0.168611 3.17156 0.988839
 -0.168614 3.17156 0.988839
 -0.172123 3.17156 0.988825
 -0.172197 3.17156 0.988825
 -0.172197 3.17156 0.988825
 -0.172197 3.17156 0.988825
 -0.172197 3.17156 0.988825
 -0.172197 3.17156 0.988825
 -0.246586 3.17156 0.988435
 -0.246739 3.17141 0.988447
 -0.246739 3.17141 0.988447
 -0.246813 3.17263 0.988342
 -0.246968 3.17156 0.988432
 -0.247731 3.47033 0.879663
 -1.49929 -6.21719 0.948656
 -9.00048 8.8135 0.862233
 -9.00048 8.8135 0.862233
 -9.00048 8.8135 0.862233
 -9.00048 8.8135 0.862233
 -9.01879 8.8135 0.861147
 -9.00048 8.8135 0.862233
 -6.50139 -6.21824 0.765468
 -9.01879 8.8135 0.861147
 -9.01879 8.8135 0.861147
 -9.01879 8.8135 0.861147
 -9.01879 8.8135 0.861147
 -9.01879 8.8135 0.861147
 -9.01879 8.8135 0.861147
 -6.50139 -6.21717 0.764961
 -6.50139 -6.21717 0.764961
 -6.50139 -6.21717 0.764961
 -6.50139 -6.21717 0.764961
 -6.50139 -6.21717 0.764961
 -6.50139 -6.21717 0.764961
 -6.50139 -6.21717 0.764961
 -6.50139 -6.21717 0.764961
 -6.50139 -6.21717 0.764961
 -6.50139 -6.21717 0.764961
 -6.50139 -6.21717 0.764961
 -6.50139 -6.21717 0.764961
 -6.50139 -6.21717 0.764961
 -6.50139 -6.21717 0.764961
 -6.50139 -6.21717 0.764961
 -9.01879 8.81457 0.861076
 -1.49926 -6.21717 0.948662
