 -0.168611 3.17141 0.98885
 -1.80924 2.54641 0.99002
 -0.168611 3.17141 0.98885
 -0.168614 3.17141 0.98885
 -0.168611 3.17156 0.988839
 -0.168611 3.17156 0.988839
 -0.168614 3.17156 0.988839
 -0.172123 3.17156 0.988825
 -0.172197 3.17156 0.988825
 -0.172197 3.17156 0.988825
 -0.172197 3.17156 0.988825
 -0.172197 3.17156 0.988825
 -0.172197 3.17156 0.988825
 -0.172197 3.17156 0.988825
 -0.172197 3.17156 0.988825
 -0.172197 3.17156 0.988825
 -0.246586 3.17156 0.988435
 -0.246968 3.17156 0.988432
 -1.49926 -6.17811 0.955866
 -1.49929 -6.21719 0.948656
 -9.00048 8.8135 0.862233
 -9.00048 8.8135 0.862233
 -9.00048 8.8135 0.862233
 -9.00048 8.8135 0.862233
 -9.01879 8.8135 0.861147
 -4.00048 8.8135 0.856545
 -6.51879 -6.21717 0.773509
 -9.01879 8.8135 0.861147
 -9.01879 8.8135 0.861147
 -9.01879 8.8135 0.861147
 -9.01864 8.8135 0.861157
 -9.01879 8.8135 0.861147
 -9.01879 8.8135 0.861147
 -6.5014 -6.21717 0.764966
 -6.50139 -6.06092 0.684719
 -6.50139 -6.21717 0.764961
 -6.50139 -6.21717 0.764961
 -6.50139 -6.21717 0.764961
 -6.50139 -6.21717 0.764961
 -6.50139 -6.21717 0.764961
 -6.50139 -6.21717 0.764961
 -6.50139 -5.90467 0.595307
 -6.50139 -6.21717 0.764961
 -6.50139 -6.21717 0.764961
 -6.50139 -6.21717 0.764961
 -6.50139 -6.21717 0.764961
 -6.50141 -6.21717 0.76497
 -6.50139 -6.21717 0.764961
 -6.50139 -6.21717 0.764961
 -9.00139 8.8135 0.862185
