 -0.168611 3.17141 0.98885
 -1.80924 2.54641 0.99002
 -0.168611 3.17141 0.98885
 -0.168611 3.17141 0.98885
 -0.168614 3.17141 0.98885
 -0.168611 3.17156 0.988839
 -0.168614 3.17156 0.988839
 -0.172123 3.17156 0.988825
 -0.172123 3.17156 0.988825
 -0.172121 3.17164 0.988819
 -0.247881 3.17217 0.988374
 -0.172197 3.17156 0.988825
 -0.172197 3.17156 0.988825
 -0.172197 3.17156 0.988825
 -0.172197 3.17156 0.988825
 -0.172197 3.17156 0.988825
 -0.172197 3.17156 0.988825
 -0.170903 3.17156 0.98883
 -1.34301 -6.06092 0.957449
 -1.49929 -6.17813 0.955862
 -9.00048 8.8135 0.862233
 -9.00048 8.8135 0.862233
 -9.00048 8.8135 0.862233
 -9.00048 8.8135 0.862233
 -9.01863 8.8135 0.861157
 -9.01879 8.8135 0.861147
 -9.01879 8.8135 0.861147
 -9.01879 8.8135 0.861147
 -9.01879 8.8135 0.861147
 -9.01879 8.8135 0.861147
 -9.01879 8.8135 0.861147
 -9.01879 8.8135 0.861147
 -6.50139 -6.21717 0.764961
 -4.00049 8.8135 0.856543
 -6.50139 -6.21717 0.764961
 -6.50139 -6.21717 0.764961
 -6.50139 -6.21717 0.764961
 -6.50139 -6.21717 0.764961
 -6.50139 -6.21717 0.764961
 -6.50139 -6.21717 0.764961
 -6.50139 -6.21717 0.764961
 -5.25139 -6.21717 0.0737454
 -6.50139 -6.21717 0.764961
 -6.50139 -6.21717 0.764961
 -6.50139 -6.21717 0.764961
 -6.50139 -6.21709 0.764925
 -6.50139 -6.21717 0.764961
 -6.50139 -6.21717 0.764961
 -7.12639 -5.43592 0.741867
 -6.50143 -8.40467 0.117377
