 -0.168611 3.17141 0.98885
 -1.80924 2.54641 0.99002
 -0.168611 3.17141 0.98885
 -0.168611 3.17141 0.98885
 -0.168611 3.17141 0.98885
 -0.168614 3.17141 0.98885
 -0.168611 3.17156 0.988839
 -0.170903 3.17156 0.98883
 -0.170903 3.17156 0.98883
 -0.170903 3.17156 0.98883
 -0.170903 3.17156 0.98883
 -0.172123 3.17156 0.988825
 -0.172123 3.17156 0.988825
 -0.172123 3.17156 0.988825
 -0.172197 3.1716 0.988822
 -0.172197 3.17156 0.988825
 -0.172197 3.17187 0.988802
 -0.172197 3.17156 0.988825
 -1.26473 -5.9828 0.936948
 -0.248036 3.17217 0.988373
 -9.00048 8.8135 0.862233
 -9.00048 8.8135 0.862233
 -9.00048 8.8135 0.862233
 -9.00048 8.8135 0.862233
 -9.01863 8.8135 0.861157
 0.981212 8.8135 0.66815
 -6.51879 -6.21717 0.773509
 -9.01879 8.8135 0.861147
 -9.01879 8.8135 0.861147
 -9.01879 8.8135 0.861147
 -9.01879 8.8135 0.861147
 -9.01879 8.8135 0.861147
 -9.01879 8.8135 0.861147
 -6.50139 -6.21717 0.764961
 -6.50139 -6.21709 0.764925
 -6.50139 -6.21717 0.764961
 -6.50139 -6.21717 0.764961
 -6.50139 -6.21717 0.764961
 -6.50139 -6.21717 0.764961
 -6.50139 -5.59217 0.406476
 -6.50139 -6.21717 0.764961
 -6.50139 -6.21717 0.764961
 -6.50139 -6.21717 0.764961
 -6.50143 -6.21713 0.764962
 -6.50139 -6.21717 0.764961
 -6.50139 -6.21717 0.764961
 -9.00139 8.8135 0.862185
 -6.50139 -6.21717 0.764961
 -7.43889 -5.12342 0.789462
 -5.87641 -6.68594 0.695073
