 -0.168611 3.17141 0.98885
 -1.80924 2.54641 0.99002
 -0.168611 3.17141 0.98885
 -0.168611 3.17141 0.98885
 -0.168611 3.17141 0.98885
 -0.168614 3.17141 0.98885
 -0.168611 3.17156 0.988839
 -0.172123 3.17164 0.988819
 -0.170903 3.17156 0.98883
 -0.170903 3.17156 0.98883
 -0.170903 3.17156 0.98883
 -0.170903 3.17156 0.98883
 -0.170903 3.17156 0.98883
 -0.170903 3.17156 0.98883
 -0.170903 3.17156 0.98883
 -0.170903 3.17156 0.98883
 -0.172123 3.17217 0.988779
 -0.172197 3.1716 0.988822
 -1.26473 -5.9831 0.93704
 -0.248033 3.17248 0.988347
 -9.00048 8.8135 0.862233
 -9.00048 8.8135 0.862233
 -9.00048 8.8135 0.862233
 -9.00048 8.8135 0.862233
 -9.01863 8.8135 0.861157
 -9.01879 8.8135 0.861147
 -6.50143 -6.21717 0.76498
 -9.01879 8.8135 0.861147
 -9.01879 8.8135 0.861147
 -9.01879 8.8135 0.861147
 -9.01879 8.8135 0.861147
 -9.01879 8.8135 0.861147
 -9.01879 8.8135 0.861147
 -9.01879 8.81354 0.861144
 -6.50139 -6.21717 0.764961
 -5.87639 -6.21717 0.387499
 -6.50139 -6.21717 0.764961
 -6.50139 -6.21717 0.764961
 -6.50139 -6.21717 0.764961
 -6.50139 -6.21717 0.764961
 -5.25139 -6.21717 0.0737454
 -6.50139 -6.21717 0.764961
 -6.50139 -6.21717 0.764961
 -6.50139 -6.21717 0.764961
 -6.50139 -6.21709 0.764925
 -6.50139 -6.21717 0.764961
 -6.50139 -6.21717 0.764961
 -6.50141 -6.68594 0.911001
 0.356212 9.4385 0.917711
 3.48117 6.3135 0.342983
