 -0.168611 3.17141 0.98885
 -1.80924 2.54641 0.99002
 -0.168611 3.17141 0.98885
 -0.168611 3.17141 0.98885
 -0.168611 3.17141 0.98885
 -0.168611 3.17141 0.98885
 -0.1709 3.17156 0.98883
 -0.170903 3.17156 0.98883
 -0.170903 3.17278 0.988738
 -0.170903 3.17156 0.98883
 -0.170903 3.17156 0.98883
 -0.170903 3.17156 0.98883
 -0.170903 3.17156 0.98883
 -0.170903 3.17156 0.98883
 -0.170903 3.17156 0.98883
 -0.170903 3.17156 0.98883
 -0.168614 3.17156 0.988839
 -0.170977 3.1716 0.988827
 -0.172123 3.48467 0.873504
 -0.248033 3.17248 0.988347
 -6.51879 -6.69431 0.913699
 0.373588 9.44687 0.917153
 -9.00048 3.31406 0.890621
 -6.50141 -1.1865 0.860109
 -9.00048 8.8135 0.862233
 -9.01863 8.8135 0.861157
 -9.01863 8.8135 0.861157
 -9.01879 8.8135 0.861147
 -9.01879 8.8135 0.861147
 -9.01879 8.8135 0.861147
 -9.01879 8.8135 0.861147
 -9.01879 8.8135 0.861147
 -9.01879 8.8135 0.861147
 -9.01879 8.81354 0.861144
 -6.50143 -6.21717 0.76498
 -6.50143 -6.21717 0.76498
 -6.50139 -6.21717 0.764961
 -6.50139 -6.21717 0.764961
 -6.50139 -6.21717 0.764961
 -6.50139 -6.21717 0.764961
 -6.50139 -6.21717 0.764961
 -6.50139 -6.21717 0.764961
 -6.50139 -6.21717 0.764961
 -6.50139 -6.21717 0.764961
 -6.50139 -6.21717 0.764961
 -6.50139 -6.21717 0.764961
 -6.50139 -6.21717 0.764961
 -6.50139 -6.21709 0.764925
 -7.12639 -6.21717 0.916939
 -0.876393 -6.21717 0.962054
