 -0.168611 3.17141 0.98885
 -1.80924 2.54641 0.99002
 -0.168611 3.17141 0.98885
 -0.168611 3.17141 0.98885
 -0.168611 3.17141 0.98885
 -0.168611 3.17141 0.98885
 -0.170903 3.17156 0.98883
 -0.168611 3.17156 0.988839
 -0.170903 3.17156 0.98883
 -0.170903 3.17156 0.98883
 -0.170903 3.17187 0.988807
 -0.170903 3.17156 0.98883
 -0.170903 3.17156 0.98883
 -0.170903 3.17156 0.98883
 -0.170903 3.17156 0.98883
 -0.170903 3.17156 0.98883
 -0.170903 3.17156 0.98883
 -0.170977 3.1716 0.988827
 -0.248033 -5.59217 0.581014
 -0.876393 3.17248 0.967275
 -6.50139 -6.68592 0.910997
 -7.14379 -6.22556 0.915217
 -9.00048 3.30569 0.891524
 -6.51879 -6.68594 0.912872
 -9.00048 8.81351 0.862233
 -9.01863 8.8135 0.861157
 -9.01863 8.8135 0.861157
 -9.01879 8.8135 0.861147
 -9.01879 8.8135 0.861147
 -9.01879 8.8135 0.861147
 -9.01879 8.8135 0.861147
 -9.01879 8.8135 0.861147
 -6.50139 -1.1865 0.860119
 -9.0188 8.8135 0.861146
 -6.50143 -6.21717 0.76498
 -6.50143 -6.21717 0.76498
 -6.50143 -6.21717 0.76498
 -9.00139 -6.21717 0.00277963
 -6.50139 -6.21717 0.764961
 -6.50139 -6.21717 0.764961
 -6.50139 -6.21717 0.764961
 -6.50139 -6.21717 0.764961
 -6.50139 -6.21717 0.764961
 -6.50139 -6.21717 0.764961
 -6.50139 -6.21717 0.764961
 -1.50139 -1.21717 0.124949
 -6.50139 -6.21717 0.764961
 -6.50139 -6.21717 0.764961
 -6.50139 -6.21717 0.764961
 3.49861 -6.21725 0.413684
