 -0.168611 3.17141 0.98885
 -1.80924 2.54641 0.99002
 -0.168611 3.17141 0.98885
 -0.168611 3.17141 0.98885
 -0.168611 3.17141 0.98885
 -0.168611 3.17141 0.98885
 -0.1709 3.17141 0.988841
 -0.170903 3.17164 0.988824
 -0.170903 3.17156 0.98883
 -0.170903 3.17217 0.988784
 -0.170903 3.17156 0.98883
 -0.170903 3.17156 0.98883
 -0.170903 3.17156 0.98883
 -0.168614 3.17156 0.988839
 -0.170903 3.17156 0.98883
 -0.170903 3.17156 0.98883
 -0.170903 3.17156 0.98883
 -0.170903 3.17156 0.98883
 -0.717778 3.32812 0.921704
 -0.173268 3.17248 0.988751
 -6.50048 -6.68594 0.910893
 -6.5197 -6.68592 0.912961
 -9.00048 3.30569 0.891524
 -6.50139 -6.68592 0.910997
 -9.01863 8.8135 0.861157
 -9.01879 8.8135 0.861147
 -6.51879 -6.21717 0.773509
 -9.01879 8.8135 0.861147
 -9.01879 8.8135 0.861147
 -9.01879 8.8135 0.861147
 -9.01879 8.8135 0.861147
 -9.01879 8.8135 0.861147
 -9.01879 8.8135 0.861147
 -9.00143 8.8135 0.862183
 -6.50143 -6.21717 0.76498
 -6.50143 -6.21717 0.76498
 -6.50143 -6.21709 0.764944
 -6.50139 -6.21717 0.764961
 -6.50139 -6.21717 0.764961
 -6.50139 -6.21717 0.764961
 -6.50139 -6.21717 0.764961
 -6.50139 -6.21717 0.764961
 -6.50139 -6.21717 0.764961
 -6.50139 -6.21717 0.764961
 -5.25139 -6.21717 0.0737454
 -6.50139 -6.21717 0.764961
 -6.50139 -6.21717 0.764961
 -6.50139 -6.21717 0.764961
 2.87697 -5.59217 0.961925
 -0.251431 -8.71725 0.540059
