 6.26384 0.437225 0.962052
 -1.62678 2.62472 0.98771
 6.26385 0.437225 0.962052
 6.26384 0.437225 0.962052
 6.26384 0.437225 0.962052
 6.26384 0.437225 0.962052
 6.26384 0.437225 0.962052
 6.26384 0.437377 0.962052
 6.26384 0.447062 0.962049
 6.26384 0.447062 0.962049
 6.26384 0.447062 0.962049
 6.26384 0.447214 0.962049
 6.34197 0.447214 0.95582
 6.26384 0.447214 0.962049
 6.26384 0.447214 0.962049
 6.26384 0.447214 0.962049
 6.26384 0.447214 0.962049
 6.26384 0.448436 0.962049
 6.31393 0.447219 0.959395
 6.28273 0.446985 0.961613
 6.50623 -0.266625 0.910098
 6.50623 -0.266625 0.910098
 6.50623 -0.266625 0.910098
 6.50623 -0.266625 0.910098
 7.79968 9.98801 0.851937
 8.78181 3.00299 0.901808
 -9.01116 9.25299 0.756558
 7.79914 9.43942 0.782625
 -9.01116 8.81442 0.86158
 -9.02092 8.81442 0.860938
 -9.02092 8.81442 0.860938
 -9.02092 8.81444 0.860937
 -0.271725 2.5532 0.70056
 5.8775 -0.267405 0.820241
 -0.270574 2.53811 0.68682
 -0.270574 2.53811 0.68682
 -0.270574 2.53811 0.68682
 -7.26276 -6.81739 0.672161
 -0.270574 2.53808 0.686788
 -0.251653 2.53292 0.680309
 -7.24322 -6.83657 0.67304
 -7.24354 -6.83689 0.672678
 -9.07917 4.11221 0.667383
 -9.07917 4.11221 0.667383
 -9.08163 4.11465 0.664726
 -9.07919 4.11217 0.667378
 -8.14413 8.80944 0.620283
 -9.10108 4.11626 0.649541
 6.60408 9.86695 0.518512
 -9.12067 9.62015 0.505836
