 -0.168611 3.17141 0.98885
 -1.80924 2.54641 0.99002
 -0.168611 3.17141 0.98885
 -0.168611 3.17141 0.98885
 -0.168611 3.17141 0.98885
 -0.168611 3.17141 0.98885
 -0.168611 3.17141 0.98885
 -0.170903 3.17156 0.98883
 -0.168614 3.17156 0.988839
 -0.170903 3.17156 0.98883
 -0.170903 3.17278 0.988738
 -0.170903 3.17156 0.98883
 -0.170903 3.17156 0.98883
 -0.170903 3.17156 0.98883
 -0.170903 3.17156 0.98883
 -0.170903 3.17156 0.98883
 -0.170903 3.17156 0.98883
 -0.170903 3.17164 0.988824
 2.87605 -5.27967 0.895962
 -0.17235 3.17248 0.988755
 -6.5197 -6.68592 0.912961
 -6.5197 -6.68592 0.912961
 -6.50139 -6.68592 0.910997
 -6.50139 -6.68592 0.910997
 -9.01879 8.93069 0.847659
 -9.00032 3.1885 0.902506
 -9.01879 8.8135 0.861147
 -9.01864 8.8135 0.861157
 -9.01879 8.8135 0.861147
 -9.01879 8.8135 0.861147
 -9.01879 8.8135 0.861147
 -9.01879 8.8135 0.861147
 -6.51879 -6.21717 0.773509
 -9.01879 8.8135 0.861147
 -6.50143 -6.21717 0.76498
 -6.50143 -6.21717 0.76498
 -6.50143 -6.21717 0.76498
 -6.50139 -6.21717 0.764961
 -6.50139 -6.21717 0.764961
 -6.50139 -6.21717 0.764961
 -6.50139 -6.21717 0.764961
 -6.50139 -6.21717 0.764961
 -6.50139 -6.21717 0.764961
 -6.50139 -6.21717 0.764961
 -6.50139 -6.21717 0.764961
 -6.50139 -6.21717 0.764961
 -6.50139 -6.21717 0.764961
 -6.50139 -6.21717 0.764961
 -1.50143 -8.71709 0.649472
 -0.251431 -6.21732 0.959173
