 -0.168611 3.17141 0.98885
 -1.80924 2.54641 0.99002
 -0.168611 3.17141 0.98885
 -0.168611 3.17141 0.98885
 -0.168611 3.17141 0.98885
 -0.168611 3.17141 0.98885
 -0.168611 3.17141 0.98885
 -0.168614 3.17156 0.988839
 -0.170903 3.17156 0.98883
 -0.170903 3.17217 0.988784
 -0.170903 3.17156 0.98883
 -0.170903 3.17164 0.988824
 -0.170903 3.17156 0.98883
 -0.170903 3.17156 0.98883
 -0.170903 3.17156 0.98883
 -0.170903 3.17156 0.98883
 -0.170903 3.17156 0.98883
 -0.170903 3.17164 0.988824
 -0.0146526 -6.06184 0.918072
 -0.251431 3.17355 0.98823
 -6.5197 -6.68592 0.912961
 -6.50139 -6.68592 0.910997
 -6.50139 -6.68592 0.910997
 -6.50139 -6.68592 0.910997
 -9.0197 9.09533 0.809311
 2.87697 -5.5615 0.961822
 -9.01879 8.8135 0.861147
 -9.01879 8.8135 0.861147
 -9.01879 8.8135 0.861147
 -9.01879 8.8135 0.861147
 -9.01879 8.8135 0.861147
 -9.01879 8.8135 0.861147
 -6.51879 -6.21717 0.773509
 -9.00143 8.8135 0.862183
 -6.50143 -6.21717 0.76498
 -6.50143 -6.21717 0.76498
 -6.50143 -6.21709 0.764944
 -6.50139 -6.21717 0.764961
 -2.12639 -8.09217 0.225042
 -6.50139 -6.21717 0.764961
 -6.50139 -6.21717 0.764961
 -6.50139 -6.21717 0.764961
 -6.50139 -6.21717 0.764961
 -6.50139 -6.21717 0.764961
 -6.50139 -6.21717 0.764961
 -5.25139 -6.21717 0.0737454
 -6.50139 -6.21717 0.764961
 -6.50139 -6.21717 0.764961
 -6.50139 -6.21717 0.764961
 -6.50143 -8.71709 0.0130291
