 -0.168611 3.17141 0.98885
 -1.80924 2.54641 0.99002
 -0.168611 3.17141 0.98885
 -0.168611 3.17141 0.98885
 -0.168611 3.17141 0.98885
 -0.168611 3.17141 0.98885
 -0.168611 3.17141 0.98885
 -0.168614 3.17156 0.988839
 -0.168614 3.17156 0.988839
 -0.168614 3.17156 0.988839
 -0.173497 3.17156 0.98882
 -0.170903 3.17156 0.98883
 -0.16602 3.17156 0.988849
 -0.170903 3.17217 0.988784
 -0.170903 3.17156 0.98883
 -0.170903 3.17156 0.98883
 -0.16602 3.17156 0.988849
 -0.170903 3.17164 0.988824
 -0.250248 4.42355 0.0758272
 -0.172085 3.17217 0.988779
 -6.51856 -6.06184 0.695228
 -0.015797 -6.68592 0.810157
 -6.5197 -6.68592 0.912961
 -6.50139 -6.68592 0.910997
 -9.00139 8.78284 0.863351
 -6.50143 -6.65525 0.906934
 -9.00143 8.8135 0.862183
 -9.0139 8.80862 0.861756
 -9.01879 8.8135 0.861147
 -9.01879 8.8135 0.861147
 -9.01879 8.8135 0.861147
 -9.01879 8.8135 0.861147
 -6.51879 -6.1865 0.759032
 -9.01879 8.78283 0.86277
 -6.50143 -6.21717 0.76498
 -6.50143 -6.21717 0.76498
 -6.50143 -6.21717 0.76498
 -6.50139 -6.21717 0.764961
 -6.50139 -6.21717 0.764961
 -6.50139 -6.21717 0.764961
 -6.50139 -6.21717 0.764961
 -6.50139 -6.21717 0.764961
 -6.50139 -6.21717 0.764961
 -6.50139 -6.21717 0.764961
 3.49861 3.78283 0.176947
 -6.50139 -6.21717 0.764961
 -6.50139 -6.21717 0.764961
 -6.50139 -6.21717 0.764961
 -6.50143 -1.2171 0.856783
 -6.50143 -6.2174 0.765089
