 -0.168611 3.17141 0.98885
 -1.80924 2.54641 0.99002
 -0.168611 3.17141 0.98885
 -0.168611 3.17141 0.98885
 -0.168611 3.17141 0.98885
 -0.168611 3.17141 0.98885
 -0.166017 3.17141 0.988861
 -0.168614 3.17156 0.988839
 -0.16602 3.17156 0.988849
 -0.16602 3.17156 0.988849
 -0.16602 3.17156 0.988849
 -0.16602 3.17156 0.988849
 -0.168461 3.17156 0.98884
 -0.168614 3.17187 0.988816
 -0.168614 3.17156 0.988839
 -0.166172 3.17156 0.988849
 -0.170903 3.17156 0.98883
 -0.170903 3.17164 0.988824
 -0.170903 3.17217 0.988784
 -0.172085 3.17217 0.988779
 -6.50139 -6.68592 0.910997
 -6.50143 -6.65525 0.906934
 -6.50143 3.34475 0.253122
 -9.00139 -1.21716 0.820192
 -9.01883 8.81351 0.861144
 -9.00139 8.8135 0.862186
 -9.01879 8.8135 0.861147
 -9.01879 8.8135 0.861147
 -9.01879 8.8135 0.861147
 -9.01879 8.8135 0.861147
 -9.01879 8.8135 0.861147
 -9.01879 8.8135 0.861147
 -6.50139 -6.21717 0.764961
 -0.0158352 -6.68592 0.810157
 -6.50143 -6.21717 0.76498
 -6.50143 -6.21717 0.76498
 -6.50139 -6.21717 0.764961
 -6.51909 -6.21717 0.773657
 -6.50139 -6.21717 0.764961
 -6.50139 -6.21717 0.764961
 -6.50139 -6.21717 0.764961
 -6.50139 -6.21717 0.764961
 -1.50139 -1.21717 0.124949
 -6.50139 -6.21717 0.764961
 -6.50139 -6.21717 0.764961
 -6.50139 -6.21717 0.764961
 -6.50139 -6.21717 0.764961
 -6.50109 -6.1865 0.74998
 -9.01856 -6.06184 0.0148238
 3.48129 -6.06199 0.550848
