 -0.168611 3.17141 0.98885
 -1.80664 2.54641 0.989974
 -0.168459 3.17141 0.988851
 -0.16617 3.17141 0.98886
 -0.168611 3.17141 0.98885
 -0.168611 3.17141 0.98885
 -0.168611 3.17141 0.98885
 -0.168611 3.17141 0.98885
 -0.16602 3.1716 0.988846
 -0.16602 3.17156 0.988849
 -0.16602 3.17156 0.988849
 -0.16602 3.17156 0.988849
 -0.16602 3.17156 0.988849
 -0.16602 3.17156 0.988849
 -0.16602 3.17156 0.988849
 -0.166172 3.17156 0.988849
 -0.168614 3.17187 0.988816
 -0.170903 3.17156 0.98883
 -0.171055 3.2503 0.976891
 -0.168461 3.17187 0.988817
 -6.50139 -6.68592 0.910997
 -6.50139 -6.68592 0.910997
 -6.50143 -6.65525 0.906934
 -6.50143 -6.65525 0.906934
 -9.01879 8.8135 0.861147
 0.981214 8.8135 0.66815
 -9.01879 8.8135 0.861147
 -9.01879 8.8135 0.861147
 -9.01879 8.8135 0.861147
 -9.01879 8.8135 0.861147
 -9.01879 8.8135 0.861147
 -9.01879 8.8135 0.861147
 -6.50139 -6.21716 0.764956
 -9.00143 -1.21717 0.820214
 -6.50143 -6.21717 0.76498
 -6.50143 -6.21717 0.76498
 -6.50139 -6.21717 0.764961
 -6.50139 -6.1865 0.750138
 -6.50139 -6.21717 0.764961
 -6.50139 -6.21717 0.764961
 -6.50139 -6.21717 0.764961
 -6.50139 -6.21717 0.764961
 -6.50139 -5.59217 0.406476
 -6.50139 -6.21717 0.764961
 -6.50139 -6.21717 0.764961
 -6.50139 -6.21717 0.764961
 -6.50143 -6.21713 0.764962
 -6.50109 -6.21717 0.764809
 3.16879 -5.74949 0.884592
 4.73127 -7.31201 0.529448
