 -0.166017 3.17141 0.988861
 -1.8068 2.54641 0.989977
 -0.168611 3.17141 0.98885
 -0.166017 3.17141 0.988861
 -0.168611 3.17141 0.98885
 -0.168611 3.17141 0.98885
 -0.168611 3.17141 0.98885
 -0.168611 3.17141 0.98885
 -0.168611 3.17156 0.988839
 -0.16602 3.17164 0.988844
 -0.16602 3.17217 0.988804
 -0.16602 3.17156 0.988849
 -0.16602 3.17156 0.988849
 -0.16602 3.17156 0.988849
 -0.16602 3.17156 0.988849
 -0.16602 3.17156 0.988849
 -0.16602 3.17141 0.988861
 -0.170903 3.17156 0.98883
 -0.0148052 3.40655 0.920726
 -0.168614 3.17187 0.988816
 -6.50139 -6.68592 0.910997
 -6.50139 -6.68592 0.910997
 -6.50143 -6.65525 0.906934
 -6.50143 -6.65525 0.906934
 -9.01871 9.25051 0.754564
 3.16871 -6.1865 0.588281
 -9.01879 8.8135 0.861147
 -9.01879 8.8135 0.861147
 -9.01879 8.8135 0.861147
 -9.01879 8.8135 0.861147
 -9.01879 8.8135 0.861147
 -9.01879 8.8135 0.861147
 -6.51879 -6.21717 0.773509
 -9.00143 8.8135 0.862183
 -6.50143 -6.21713 0.764962
 -6.50139 -6.21717 0.764961
 -6.50139 -6.21717 0.764961
 -6.50139 -6.21717 0.764961
 -6.50139 -6.21717 0.764961
 -6.50139 -6.21717 0.764961
 -5.25139 -6.21717 0.0737454
 -6.50139 -6.21717 0.764961
 -6.50139 -6.21717 0.764961
 -6.50139 -6.21717 0.764961
 -6.50139 -6.21709 0.764925
 -6.50139 -6.21717 0.764961
 0.981212 8.78284 0.642758
 -6.50139 -6.1865 0.750137
 4.10627 -6.68701 4.41447e-05
 4.73123 -9.81201 0.00935052
