 -0.16617 3.17141 0.98886
 -1.80664 2.54641 0.989974
 -0.166017 3.17141 0.988861
 -0.166017 3.17141 0.988861
 -0.168611 3.17141 0.98885
 -0.166017 3.17141 0.988861
 -0.168611 3.17141 0.98885
 -0.168611 3.17141 0.98885
 -0.168611 3.17141 0.98885
 -0.168611 3.17141 0.98885
 -0.168611 3.17141 0.98885
 -0.168611 3.17141 0.98885
 -0.16617 3.17141 0.98886
 -0.16602 3.17164 0.988844
 -0.16602 3.17217 0.988804
 -0.16602 3.17156 0.988849
 -0.168461 3.17156 0.98884
 -0.168611 3.17156 0.988839
 -0.00992239 3.32842 0.954915
 -0.168461 3.17187 0.988817
 -6.50139 -6.68592 0.910997
 -6.50139 -6.68592 0.910997
 -6.50139 -6.68592 0.910997
 -6.50139 -6.68592 0.910997
 -9.01974 8.96975 0.840428
 -6.50048 -6.8115 0.918488
 -6.51879 -6.21713 0.773491
 -9.01879 8.8135 0.861147
 -9.01879 8.8135 0.861147
 -9.01879 8.8135 0.861147
 -9.01879 8.8135 0.861147
 -9.01879 8.8135 0.861147
 -9.01879 8.8135 0.861147
 -9.00143 8.8135 0.862183
 -6.50139 -6.21717 0.764961
 -6.50139 -6.21717 0.764961
 -6.50139 -6.21717 0.764961
 -6.50139 -6.21717 0.764961
 -6.50139 -6.21717 0.764961
 -5.25139 -6.21717 0.0737454
 -6.50139 -6.21717 0.764961
 -6.50139 -6.21717 0.764961
 -6.50139 -6.21717 0.764961
 -6.50139 -6.21709 0.764925
 -6.50139 -6.21717 0.764961
 -6.50139 -6.21717 0.764961
 -6.50139 -6.1865 0.750138
 -6.50139 -6.21709 0.764924
 2.85621 -5.59216 0.962051
 3.16868 6.3135 0.480554
