 -0.166017 3.17141 0.988861
 -1.80664 2.54641 0.989974
 -0.16617 3.17141 0.98886
 -0.166017 3.17141 0.988861
 -0.166017 3.17141 0.988861
 -0.166017 3.17141 0.988861
 -0.168611 3.17149 0.988845
 -0.168611 3.17141 0.98885
 -0.168611 3.17141 0.98885
 -0.168611 3.17141 0.98885
 -0.168611 3.17141 0.98885
 -0.168611 3.17141 0.98885
 -0.168611 3.17141 0.98885
 -0.168611 3.17141 0.98885
 -0.168611 3.17141 0.98885
 -0.168611 3.17141 0.98885
 -0.168461 3.17217 0.988794
 -0.16617 3.17156 0.988849
 3.74023 -5.43623 0.866044
 -0.893788 3.17249 0.965858
 -6.50048 -6.8115 0.918488
 -6.50048 -6.8115 0.918488
 -6.50139 -6.68592 0.910997
 -6.50139 -6.68592 0.910997
 -6.50139 8.81457 0.00162958
 -9.00143 -6.68699 0.0415067
 -9.00143 8.8135 0.862183
 -9.01879 8.8135 0.861147
 -9.01879 8.8135 0.861147
 -9.01879 8.8135 0.861147
 -9.01879 8.8135 0.861147
 -9.01879 8.8135 0.861147
 -6.51879 -6.21713 0.773491
 -9.01879 8.8135 0.861147
 -6.50139 -6.21717 0.764961
 -6.50139 -6.21709 0.764925
 -6.50139 -6.21717 0.764961
 -6.50139 -6.21717 0.764961
 -6.50139 -6.21717 0.764961
 -6.50139 -6.21717 0.764961
 -5.25139 -6.21717 0.0737454
 -6.50139 -6.21717 0.764961
 -6.50139 -6.21717 0.764961
 -6.50139 -6.21717 0.764961
 -6.50139 -6.21709 0.764925
 -6.50139 -6.21717 0.764961
 -6.50139 -6.21717 0.764961
 -6.50139 -6.21717 0.76496
 2.87361 6.9385 0.107645
 -6.83133 -8.6865 0.00272461
