 -0.166017 3.17141 0.988861
 -1.80664 2.54641 0.989974
 -0.166017 3.17141 0.988861
 -0.166017 3.17141 0.988861
 -0.166017 3.17141 0.988861
 -0.166017 3.17141 0.988861
 -0.168611 3.17141 0.98885
 -0.168611 3.17141 0.98885
 -0.16617 3.17202 0.988815
 -0.168611 3.17149 0.988845
 -0.168611 3.17141 0.98885
 -0.168611 3.17141 0.98885
 -0.168611 3.17141 0.98885
 -0.168611 3.17141 0.98885
 -0.168611 3.17141 0.98885
 -0.168611 3.17141 0.98885
 -0.16617 3.17141 0.98886
 -0.168611 3.17156 0.988839
 -0.0123614 3.32774 0.955163
 -0.168461 3.17217 0.988794
 -6.50048 -6.8115 0.918488
 -6.50048 -6.8115 0.918488
 -6.50139 -6.68592 0.910997
 -6.50048 -6.8115 0.918488
 -9.00139 8.93908 0.849127
 -6.50143 -6.8115 0.918489
 -9.01879 8.8135 0.861147
 -9.00082 8.8135 0.862215
 -9.01879 8.8135 0.861147
 -9.01879 8.8135 0.861147
 -9.01879 8.8135 0.861147
 -9.01879 8.8135 0.861147
 -6.51879 -6.21717 0.773509
 -9.01879 8.81354 0.861144
 -6.50139 -6.21717 0.764961
 -6.50139 -6.21717 0.764961
 -6.50139 -6.21717 0.764961
 -6.50139 -6.21717 0.764961
 -6.50139 -6.21717 0.764961
 -6.50139 -6.21717 0.764961
 -5.25139 -6.21717 0.0737454
 -6.50139 -6.21717 0.764961
 -6.50139 -6.21717 0.764961
 -6.50139 -6.21717 0.764961
 -6.50139 -6.21709 0.764925
 -6.50139 -6.21717 0.764961
 -6.50139 -6.21717 0.764961
 -6.50139 -6.21709 0.764925
 -7.12639 -5.59209 0.805646
 -6.50143 -8.71709 0.0130291
