 -0.166017 3.17141 0.988861
 -1.80664 2.54641 0.989974
 -0.166017 3.17141 0.988861
 -0.166017 3.17141 0.988861
 -0.166017 3.17141 0.988861
 -0.166017 3.17141 0.988861
 -0.168611 3.17141 0.98885
 -0.168611 3.17141 0.98885
 -0.168459 3.17156 0.98884
 -0.168611 3.17141 0.98885
 -0.168611 3.17141 0.98885
 -0.168611 3.17141 0.98885
 -0.168611 3.17141 0.98885
 -0.16617 3.17141 0.98886
 -0.168611 3.17141 0.98885
 -0.168611 3.17141 0.98885
 -0.168611 3.17141 0.98885
 -0.168611 3.17149 0.988845
 -0.16617 3.32827 0.953439
 -0.0123614 3.17149 0.989156
 -6.50048 -6.8115 0.918488
 -6.50048 -6.8115 0.918488
 -6.50048 -6.8115 0.918488
 -6.50048 -6.8115 0.918488
 -6.50139 8.81457 0.00162958
 -4.01879 -1.68699 0.117853
 -9.01879 8.8135 0.861147
 -9.01879 8.8135 0.861147
 -9.01879 8.8135 0.861147
 -9.01863 8.8135 0.861157
 -9.01879 8.8135 0.861147
 -9.01879 8.8135 0.861147
 -7.12609 -5.56146 0.793836
 -9.01909 8.78291 0.862755
 -6.50139 -6.21717 0.764961
 -6.50139 -6.21717 0.764961
 -6.50139 -6.21717 0.764961
 -6.50139 -6.21717 0.764961
 -6.50139 -6.21717 0.764961
 -6.50139 -6.21717 0.764961
 -6.50139 -5.90467 0.595307
 -6.50139 -6.21717 0.764961
 -6.50139 -6.21717 0.764961
 -6.50139 -6.21717 0.764961
 -6.50141 -6.21717 0.76497
 -6.50139 -6.21717 0.764961
 -6.50139 -6.21717 0.764961
 -6.50139 -6.21709 0.764925
 -6.50139 -6.06084 0.684677
 -6.5014 -6.21709 0.764929
