 6.26384 0.437225 0.962052
 -1.62678 2.62472 0.98771
 6.26384 0.437225 0.962052
 6.26384 0.437225 0.962052
 6.26384 0.437225 0.962052
 6.26384 0.437225 0.962052
 6.26384 0.437225 0.962052
 6.26384 0.437377 0.962052
 6.26384 0.437377 0.962052
 6.26384 0.437377 0.962052
 6.26384 0.437377 0.962052
 6.26445 0.447672 0.962046
 6.26384 0.447062 0.962049
 6.26384 0.447062 0.962049
 6.26384 0.447062 0.962049
 6.26384 0.447214 0.962049
 6.26873 0.447214 0.962002
 6.26384 0.447214 0.962049
 6.31446 1.69721 0.897797
 6.28219 0.44699 0.961634
 6.50623 -0.266625 0.910098
 6.50623 -0.266625 0.910098
 6.50623 -0.266625 0.910098
 6.50623 -0.266625 0.910098
 -9.02092 9.253 0.752652
 8.78181 2.56442 0.854144
 7.79968 9.75192 0.859715
 -9.02092 8.81442 0.860938
 -9.01604 8.80953 0.861574
 -9.02092 8.81442 0.860938
 -9.02092 8.81442 0.860938
 -9.02093 9.05051 0.821544
 -0.271756 2.55318 0.700548
 5.87753 -0.267388 0.820262
 -0.270574 2.53811 0.68682
 -0.270574 2.53811 0.68682
 -0.270574 2.53872 0.687375
 -0.270574 2.53811 0.68682
 -0.251653 2.53289 0.680277
 -0.270574 2.53811 0.68682
 -7.24384 -6.84208 0.669604
 9.74897 2.53843 0.576016
 -7.26276 -6.81739 0.672161
 -7.26276 -6.81739 0.672161
 -9.07917 4.11221 0.667383
 -9.07917 4.11221 0.667383
 -8.14413 9.11217 0.770462
 -9.07919 3.80944 0.759225
 -9.13811 9.62281 0.494014
 6.62121 9.86398 0.524523
