 -0.00976741 3.17141 0.989161
 -1.80924 2.54649 0.990022
 -0.16617 3.17149 0.988854
 -0.0122088 3.17141 0.989161
 -0.166017 3.17141 0.988861
 -0.166017 3.17141 0.988861
 -0.166017 3.17141 0.988861
 -0.16617 3.17141 0.98886
 -0.16617 3.17141 0.98886
 -0.16617 3.17141 0.98886
 -0.16617 3.17141 0.98886
 -0.168459 3.17156 0.98884
 -0.168611 3.17141 0.98885
 -0.168611 3.17263 0.988759
 -0.168611 3.17141 0.98885
 -0.168611 3.17141 0.98885
 -0.168611 3.17141 0.98885
 -0.168611 3.17141 0.98885
 -0.168611 3.48406 0.874003
 -0.168459 3.17149 0.988845
 -6.50048 -6.8115 0.918488
 -6.50048 -6.8115 0.918488
 -6.50048 -6.8115 0.918488
 -6.50048 -6.8115 0.918488
 -9.01909 8.8135 0.861126
 -9.01879 8.78291 0.862767
 -6.50139 -6.21717 0.76496
 -9.01879 8.8135 0.861147
 -9.01879 8.8135 0.861147
 -9.01879 8.8135 0.861147
 -9.01879 8.8135 0.861147
 -9.01879 8.8135 0.861147
 -9.01879 8.8135 0.861147
 -6.50139 -6.21717 0.764961
 -6.50139 -6.21717 0.764961
 -6.50139 -6.21717 0.764961
 -6.50139 -6.21717 0.764961
 -6.50139 -6.21717 0.764961
 -6.50139 -6.21717 0.764961
 -6.50139 -6.21717 0.764961
 -6.50139 -6.21717 0.764961
 -6.50139 -6.21717 0.764961
 -6.50139 -6.21717 0.764961
 -6.50139 -6.21717 0.764961
 -6.50139 -6.21717 0.764961
 -6.50139 -6.21717 0.764961
 -9.01879 8.8135 0.861147
 -6.50139 -6.06084 0.684677
 -6.50139 -5.90459 0.595262
 -1.50139 -6.06092 0.961006
