 -0.0123614 3.17149 0.989156
 -1.80664 2.54641 0.989974
 -0.0122088 3.17141 0.989161
 -0.00976741 3.17141 0.989161
 -0.166017 3.17141 0.988861
 -0.166017 3.17141 0.988861
 -0.16617 3.17141 0.98886
 -0.16617 3.17141 0.98886
 -0.16617 3.17141 0.98886
 -0.16617 3.17141 0.98886
 -0.16617 3.17141 0.98886
 -0.16617 3.17141 0.98886
 -0.16617 3.17141 0.98886
 -0.168611 3.17179 0.988822
 -0.16617 3.17149 0.988854
 -0.16617 3.17141 0.98886
 -0.16617 3.17141 0.98886
 -0.168459 3.17149 0.988845
 -1.50139 -5.43699 0.621008
 -0.168614 3.1737 0.988676
 -6.50048 -6.8115 0.918488
 -6.50048 -6.8115 0.918488
 -6.50048 -6.8115 0.918488
 -6.50048 -6.8115 0.918488
 -9.01879 8.78291 0.862767
 -9.01879 8.8135 0.861147
 -9.01879 8.8135 0.861147
 -9.01879 8.8135 0.861147
 -9.01879 8.8135 0.861147
 -9.01879 8.8135 0.861147
 -9.01879 8.8135 0.861147
 -9.01879 8.8135 0.861147
 -6.50139 -6.21824 0.765468
 -6.50139 -6.21717 0.764961
 -6.50139 -6.21717 0.764961
 -6.50139 -6.21717 0.764961
 -6.50139 -6.21717 0.764961
 -6.50139 -6.21717 0.764961
 -6.50139 -6.21717 0.764961
 -1.50139 -1.21717 0.124949
 -6.50139 -6.21717 0.764961
 -6.50139 -6.21717 0.764961
 -6.50139 -6.21717 0.764961
 -6.50139 -6.21717 0.764961
 -6.50139 -6.21717 0.764961
 -6.50139 -6.21717 0.764961
 -9.01879 8.81457 0.861076
 -6.50139 -6.21717 0.76496
 -9.00139 -5.90459 0.0467291
 3.49861 -6.061 0.543455
