 -0.00976741 3.17141 0.989161
 -1.80664 2.54641 0.989974
 -0.0122088 3.17141 0.989161
 -0.00976741 3.17141 0.989161
 -0.0123614 3.17149 0.989156
 -0.166017 3.17141 0.988861
 -0.16617 3.17141 0.98886
 -0.166017 3.17156 0.988849
 -0.16617 3.17263 0.988769
 -0.16617 3.17141 0.98886
 -0.16617 3.17141 0.98886
 -0.16617 3.17141 0.98886
 -0.16617 3.17141 0.98886
 -0.166017 3.17141 0.988861
 -0.16617 3.17141 0.98886
 -0.16617 3.17141 0.98886
 -0.16617 3.17141 0.98886
 -0.16617 3.17149 0.988854
 -0.168611 3.48551 0.873078
 -0.168614 3.17248 0.98877
 -6.50048 -6.8115 0.918488
 -6.50048 -6.8115 0.918488
 -6.50048 -6.8115 0.918488
 -6.50048 -6.8115 0.918488
 -6.50139 -6.21717 0.76496
 -9.01879 8.8135 0.861147
 -9.01879 8.8135 0.861147
 -9.01879 8.8135 0.861147
 -9.01879 8.8135 0.861147
 -9.01879 8.8135 0.861147
 -9.01879 8.8135 0.861147
 -9.01878 8.8135 0.861147
 -9.01879 8.8135 0.861147
 -6.50139 -6.21717 0.764961
 -6.50139 -6.21717 0.764961
 -6.50139 -6.21717 0.764961
 -6.50139 -6.21717 0.764961
 -6.50139 -6.21717 0.764961
 -6.50139 -6.21717 0.764961
 -6.50139 -6.21717 0.764961
 -6.50139 -6.21717 0.764961
 -6.50139 -6.21717 0.764961
 -6.50139 -6.21717 0.764961
 -6.50139 -6.21717 0.764961
 -6.50139 -6.21717 0.764961
 -6.50139 -6.21717 0.764961
 -9.01879 8.8135 0.861147
 -6.50139 -6.21717 0.76496
 3.49861 -6.06199 0.542635
 -1.50139 -5.43607 0.620193
