 -0.00976741 3.17141 0.989161
 -1.80664 2.54641 0.989974
 -0.00976741 3.17141 0.989161
 -0.00976741 3.17141 0.989161
 -0.166017 3.17141 0.988861
 -0.0122088 3.17141 0.989161
 -0.166017 3.17141 0.988861
 -0.166017 3.17156 0.988849
 -0.16617 3.17263 0.988769
 -0.16617 3.17141 0.98886
 -0.16617 3.17141 0.98886
 -0.16617 3.17141 0.98886
 -0.16617 3.17141 0.98886
 -0.16617 3.17141 0.98886
 -0.16617 3.17141 0.98886
 -0.16617 3.17141 0.98886
 -0.16617 3.17141 0.98886
 -0.166017 3.17156 0.988849
 -6.5004 -6.499 0.873008
 -6.50048 -6.8115 0.918488
 -0.166249 3.17263 0.988768
 -6.50048 -6.8115 0.918488
 -6.50048 3.1885 0.315071
 -0.168611 -6.51449 0.907912
 -6.50139 -6.21717 0.76496
 -9.01879 8.8135 0.861147
 -9.01879 8.8135 0.861147
 -9.01879 8.8135 0.861147
 -9.01879 8.8135 0.861147
 -9.01879 8.8135 0.861147
 -9.01879 8.8135 0.861147
 -9.01878 8.8135 0.861147
 -9.01879 8.8135 0.861147
 -6.50139 -6.21717 0.764961
 -6.50139 -6.21717 0.764961
 -6.50139 -6.21717 0.764961
 -6.50139 -6.21717 0.764961
 -6.50139 -6.21717 0.764961
 -6.50139 -6.21717 0.764961
 -6.50139 -6.21717 0.764961
 -6.50139 -6.21717 0.764961
 -6.50139 -6.21717 0.764961
 -6.50139 -6.21717 0.764961
 -6.50139 -6.21717 0.764961
 -6.50139 -6.21717 0.764961
 -6.50139 -6.21717 0.764961
 -9.01879 8.8135 0.861147
 -6.50139 -6.21717 0.76496
 3.49861 -6.06107 0.543392
 -1.50139 -5.43699 0.621008
