 -0.00976741 3.17141 0.989161
 -1.80664 2.54641 0.989974
 -0.00976741 3.17141 0.989161
 -0.00976741 3.17141 0.989161
 -0.166017 3.17141 0.988861
 -0.00976741 3.17141 0.989161
 -0.166017 3.17141 0.988861
 -0.16617 3.17141 0.98886
 -0.166017 3.17156 0.988849
 -0.16617 3.17141 0.98886
 -0.16617 3.17141 0.98886
 -0.16617 3.17141 0.98886
 -0.16617 3.17141 0.98886
 -0.16617 3.17141 0.98886
 -0.16617 3.17141 0.98886
 -0.16617 3.17141 0.98886
 -0.16617 3.17141 0.98886
 -0.166017 3.17156 0.988849
 -6.5004 -6.8115 0.918488
 -0.166249 3.17263 0.988768
 -0.168611 -6.51449 0.907912
 -0.168611 -6.51449 0.907912
 -6.5004 -6.499 0.873008
 -6.5004 -6.499 0.873008
 -4.01879 8.8135 0.853011
 -9.01879 8.8135 0.861147
 -9.01879 8.8135 0.861147
 -9.01879 8.8135 0.861147
 -9.01863 8.8135 0.861157
 -9.01879 8.8135 0.861147
 -9.01879 8.8135 0.861147
 -9.01879 8.8135 0.861147
 -6.50109 -6.1865 0.74998
 -6.50139 -6.21717 0.764961
 -1.50139 -6.21717 0.948549
 -6.50139 -6.21717 0.764961
 -6.50139 -6.21717 0.764961
 -6.50139 -6.21717 0.764961
 -6.50139 -6.21717 0.764961
 -6.50139 -5.90467 0.595307
 -6.50139 -6.21717 0.764961
 -6.50139 -6.21717 0.764961
 -6.50139 -6.21717 0.764961
 -6.50141 -6.21717 0.76497
 -6.50139 -6.21717 0.764961
 -6.50139 -6.21717 0.764961
 -9.01909 8.78283 0.862758
 -6.50139 -5.43699 0.316049
 3.49861 -6.06107 0.543392
 3.4986 -6.06107 0.543396
