 -0.00976741 3.17141 0.989161
 -1.80664 2.54641 0.989974
 -0.166017 3.17141 0.988861
 -0.00976741 3.17141 0.989161
 -0.00976741 3.17141 0.989161
 -0.00976741 3.17141 0.989161
 -0.166017 3.17141 0.988861
 -0.16617 3.17149 0.988854
 -0.16617 3.17202 0.988815
 -0.16617 3.17141 0.98886
 -0.16617 3.17141 0.98886
 -0.16617 3.17141 0.98886
 -0.16617 3.17141 0.98886
 -0.16617 3.17141 0.98886
 -0.16617 3.17141 0.98886
 -0.16617 3.17141 0.98886
 -0.16617 3.17141 0.98886
 -0.166017 3.17156 0.988849
 -1.344 -6.06092 0.957478
 -0.167164 3.17156 0.988845
 -0.168611 -6.51449 0.907912
 -0.168611 -6.51449 0.907912
 -0.168611 -6.51449 0.907912
 -0.168611 -6.51449 0.907912
 -9.01871 9.126 0.800138
 -6.50032 -6.8115 0.918488
 -9.01879 8.8135 0.861147
 -9.01863 8.8135 0.861157
 -9.01879 8.8135 0.861147
 -9.01879 8.8135 0.861147
 -9.01879 8.8135 0.861147
 -9.01879 8.8135 0.861147
 -6.50139 -6.21717 0.76496
 -9.01881 8.8135 0.861145
 -6.50139 -6.21717 0.764961
 3.49861 -6.21717 0.413747
 -6.50139 -6.21717 0.764961
 -6.50139 -6.21717 0.764961
 -6.50139 -6.21717 0.764961
 -6.50139 -6.21717 0.764961
 -5.25139 -6.21717 0.0737454
 -6.50139 -6.21717 0.764961
 -6.50139 -6.21717 0.764961
 -6.50139 -6.21717 0.764961
 -6.50139 -6.21709 0.764925
 -6.50139 -6.21717 0.764961
 -6.50139 -6.21717 0.764961
 -6.5014 -6.06107 0.684808
 2.87361 -5.43607 0.946288
 3.49857 -8.56107 0.892829
