 -0.00976741 3.17141 0.989161
 -1.80664 2.54641 0.989974
 -0.166017 3.17141 0.988861
 -0.00976741 3.17141 0.989161
 -0.00976741 3.17141 0.989161
 -0.00976741 3.17141 0.989161
 -0.166017 3.17141 0.988861
 -0.16617 3.17171 0.988837
 -0.16617 3.17141 0.98886
 -0.16617 3.17141 0.98886
 -0.16617 3.17141 0.98886
 -0.16617 3.17141 0.98886
 -0.16617 3.17141 0.98886
 -0.16617 3.17141 0.98886
 -0.16617 3.17141 0.98886
 -0.16617 3.17141 0.98886
 -0.16617 3.17141 0.98886
 -0.166017 3.17156 0.988849
 -1.34415 -5.43592 0.582875
 -0.166017 3.17202 0.988815
 -6.50032 -6.8115 0.918488
 -6.50032 -6.8115 0.918488
 -0.168611 -6.51449 0.907912
 -0.168611 -6.51449 0.907912
 3.4996 -8.38948 0.824045
 -0.169644 -6.68607 0.808552
 -9.01864 8.93893 0.846305
 3.49857 -8.6865 0.916047
 -9.01863 8.8135 0.861157
 -9.01879 8.8135 0.861147
 -9.01879 8.8135 0.861147
 -9.01879 8.8135 0.861147
 -9.01879 9.126 0.800113
 -9.01871 8.8135 0.861152
 -6.50139 -6.21717 0.764961
 -6.50139 -6.21717 0.764961
 -6.50139 -6.21717 0.764961
 -6.50139 -6.21717 0.764961
 -6.50139 -6.21717 0.764961
 -6.50139 -6.21717 0.764961
 -1.50139 -1.21717 0.124949
 -6.50139 -6.21717 0.764961
 -6.50139 -6.21717 0.764961
 -6.50139 -6.21717 0.764961
 -6.50139 -6.21717 0.764961
 -6.50139 -6.21717 0.764961
 -6.50139 -6.21717 0.764961
 -6.50139 -6.21709 0.764925
 0.998598 -6.21732 0.961676
 3.49861 -6.06107 0.543392
