 -0.00976741 3.17141 0.989161
 -1.80664 2.54641 0.989974
 -0.166017 3.17141 0.988861
 -0.00976741 3.17141 0.989161
 -0.00976741 3.17141 0.989161
 -0.00976741 3.17141 0.989161
 -0.166017 3.17141 0.988861
 -0.166017 3.17156 0.988849
 -0.16617 3.17263 0.988769
 -0.16617 3.17141 0.98886
 -0.16617 3.17141 0.98886
 -0.16617 3.17141 0.98886
 -0.16617 3.17141 0.98886
 -0.16617 3.17141 0.98886
 -0.16617 3.17141 0.98886
 -0.16617 3.17141 0.98886
 -0.16617 3.17141 0.98886
 -0.166017 3.17156 0.988849
 0.999602 -5.90482 0.884122
 -0.167174 3.17172 0.988833
 -6.50032 -6.8115 0.918488
 -6.50032 -6.8115 0.918488
 3.49857 -8.6865 0.916047
 3.49857 -8.6865 0.916047
 -9.01871 9.11051 0.805008
 -0.16861 -6.8115 0.711074
 -9.01879 8.8135 0.861147
 -9.01871 8.8135 0.861152
 -9.01879 8.8135 0.861147
 -9.01879 8.8135 0.861147
 -9.01879 8.8135 0.861147
 -9.01879 8.8135 0.861147
 -6.50139 -6.21709 0.764922
 -6.50139 -6.21717 0.764961
 -6.50139 -6.21717 0.764961
 -6.50139 -6.21717 0.764961
 -6.50139 -6.21717 0.764961
 -6.50139 -6.21717 0.764961
 -6.50139 -6.21717 0.764961
 -6.50139 -6.21717 0.764961
 -6.50139 -6.21717 0.764961
 -6.50139 -6.21717 0.764961
 -6.50139 -6.21717 0.764961
 -6.50139 -6.21717 0.764961
 -6.50139 -6.21717 0.764961
 -6.50139 -6.21717 0.764961
 3.4996 -8.38956 0.824086
 -6.50139 -6.21709 0.764925
 3.65585 -6.06092 0.467048
 -1.50139 -5.43607 0.620193
