 -0.00976741 3.17141 0.989161
 -1.80664 2.54641 0.989974
 -0.00976741 3.17141 0.989161
 -0.00976741 3.17141 0.989161
 -0.166017 3.17141 0.988861
 -0.00976741 3.17141 0.989161
 -0.166017 3.17141 0.988861
 -0.16617 3.17145 0.988857
 -0.16617 3.17171 0.988837
 -0.16617 3.17141 0.98886
 -0.16617 3.17141 0.98886
 -0.16617 3.17141 0.98886
 -0.16617 3.17141 0.98886
 -0.16617 3.17141 0.98886
 -0.16617 3.17141 0.98886
 -0.16617 3.17141 0.98886
 -0.16617 3.17141 0.98886
 -0.166017 3.17156 0.988849
 3.57773 -8.60838 0.910406
 3.49857 -8.6865 0.916047
 3.49857 -8.6865 0.916047
 3.49857 -8.6865 0.916047
 3.49857 -8.6865 0.916047
 -0.167201 3.17172 0.988833
 -9.01871 8.8135 0.861152
 0.981214 8.8135 0.66815
 -9.01879 8.8135 0.861147
 -9.01879 8.8135 0.861147
 -9.01879 8.8135 0.861147
 -9.01879 8.8135 0.861147
 -9.01879 8.8135 0.861147
 -9.01879 8.8135 0.861147
 -6.50139 -6.21713 0.764943
 -9.00143 9.11051 0.810172
 -6.50139 -6.21717 0.764961
 0.998607 8.8135 0.669742
 -6.50139 -6.21717 0.764961
 -6.50139 -6.21717 0.764961
 -6.50139 -6.21717 0.764961
 -6.50139 -6.21717 0.764961
 -6.50139 -5.59217 0.406476
 -6.50139 -6.21717 0.764961
 -6.50139 -6.21717 0.764961
 -6.50139 -6.21717 0.764961
 -6.50143 -6.21713 0.764962
 -6.50139 -6.21717 0.764961
 -6.50139 -6.21717 0.764961
 -6.51879 -6.21717 0.773509
 -1.81389 -5.12357 0.425004
 -0.563912 -6.37359 0.947954
