0,	10,	10
0.25,	10.075,	9.95
0.5,	10.1508,	9.901
0.75,	10.2274,	9.85298
1,	10.3049,	9.80596
1.25,	10.3832,	9.75992
1.5,	10.4623,	9.71486
1.75,	10.5423,	9.67078
2,	10.6231,	9.62767
2.25,	10.7047,	9.58553
2.5,	10.7872,	9.54436
2.75,	10.8706,	9.50415
3,	10.9548,	9.4649
3.25,	11.0399,	9.42661
3.5,	11.1259,	9.38928
3.75,	11.2127,	9.35291
4,	11.3004,	9.31749
4.25,	11.389,	9.28302
4.5,	11.4785,	9.2495
4.75,	11.5689,	9.21692
5,	11.6602,	9.1853
5.25,	11.7524,	9.15462
5.5,	11.8456,	9.12489
5.75,	11.9396,	9.09611
6,	12.0345,	9.06827
6.25,	12.1304,	9.04138
6.5,	12.2272,	9.01543
6.75,	12.3249,	8.99044
7,	12.4236,	8.96639
7.25,	12.5232,	8.94328
7.5,	12.6237,	8.92113
7.75,	12.7252,	8.89993
8,	12.8276,	8.87969
8.25,	12.931,	8.8604
8.5,	13.0354,	8.84207
8.75,	13.1407,	8.82469
9,	13.247,	8.80829
9.25,	13.3542,	8.79285
9.5,	13.4624,	8.77837
9.75,	13.5716,	8.76488
10,	13.6818,	8.75236
10.25,	13.7929,	8.74082
10.5,	13.9051,	8.73027
10.75,	14.0182,	8.72071
11,	14.1323,	8.71215
11.25,	14.2474,	8.70459
11.5,	14.3634,	8.69804
11.75,	14.4805,	8.6925
12,	14.5986,	8.68798
12.25,	14.7177,	8.6845
12.5,	14.8377,	8.68204
12.75,	14.9588,	8.68064
13,	15.0808,	8.68028
13.25,	15.2039,	8.68098
13.5,	15.328,	8.68275
13.75,	15.453,	8.6856
14,	15.5791,	8.68953
14.25,	15.7061,	8.69456
14.5,	15.8342,	8.7007
14.75,	15.9632,	8.70796
15,	16.0932,	8.71635
15.25,	16.2243,	8.72588
15.5,	16.3563,	8.73656
15.75,	16.4893,	8.74841
16,	16.6233,	8.76144
16.25,	16.7583,	8.77566
16.5,	16.8942,	8.79109
16.75,	17.0311,	8.80774
17,	17.169,	8.82563
17.25,	17.3079,	8.84478
17.5,	17.4477,	8.86519
17.75,	17.5884,	8.88689
18,	17.7301,	8.90989
18.25,	17.8728,	8.93421
18.5,	18.0163,	8.95988
18.75,	18.1608,	8.98691
19,	18.3062,	9.01531
19.25,	18.4525,	9.04512
19.5,	18.5997,	9.07635
19.75,	18.7478,	9.10902
20,	18.8968,	9.14316
20.25,	19.0466,	9.17879
20.5,	19.1973,	9.21593
20.75,	19.3488,	9.25461
21,	19.5011,	9.29486
21.25,	19.6542,	9.3367
21.5,	19.8082,	9.38015
21.75,	19.9629,	9.42525
22,	20.1183,	9.47203
22.25,	20.2745,	9.52051
22.5,	20.4314,	9.57073
22.75,	20.5891,	9.62271
23,	20.7474,	9.67649
23.25,	20.9063,	9.73211
23.5,	21.0659,	9.78959
23.75,	21.2261,	9.84897
24,	21.3869,	9.91029
24.25,	21.5483,	9.97359
24.5,	21.7102,	10.0389
24.75,	21.8726,	10.1063
25,	22.0355,	10.1757
25.25,	22.1988,	10.2473
25.5,	22.3626,	10.3211
25.75,	22.5267,	10.3971
26,	22.6912,	10.4753
26.25,	22.856,	10.5559
26.5,	23.021,	10.6388
26.75,	23.1863,	10.7241
27,	23.3518,	10.8119
27.25,	23.5175,	10.9022
27.5,	23.6833,	10.9951
27.75,	23.8491,	11.0906
28,	24.015,	11.1887
28.25,	24.1808,	11.2896
28.5,	24.3466,	11.3932
28.75,	24.5122,	11.4997
29,	24.6777,	11.6091
29.25,	24.8429,	11.7215
29.5,	25.0078,	11.8368
29.75,	25.1724,	11.9553
30,	25.3366,	12.0769
30.25,	25.5003,	12.2017
30.5,	25.6635,	12.3299
30.75,	25.8261,	12.4613
31,	25.988,	12.5962
31.25,	26.1492,	12.7347
31.5,	26.3095,	12.8766
31.75,	26.469,	13.0223
32,	26.6275,	13.1716
32.25,	26.785,	13.3248
32.5,	26.9414,	13.4818
32.75,	27.0965,	13.6428
33,	27.2504,	13.8078
33.25,	27.4029,	13.977
33.5,	27.5539,	14.1503
33.75,	27.7034,	14.328
34,	27.8512,	14.51
34.25,	27.9973,	14.6965
34.5,	28.1416,	14.8875
34.75,	28.2838,	15.0831
35,	28.4241,	15.2835
35.25,	28.5622,	15.4886
35.5,	28.698,	15.6987
35.75,	28.8315,	15.9137
36,	28.9625,	16.1339
36.25,	29.0909,	16.3591
36.5,	29.2165,	16.5896
36.75,	29.3394,	16.8255
37,	29.4593,	17.0668
37.25,	29.5762,	17.3135
37.5,	29.6898,	17.5659
37.75,	29.8002,	17.8239
38,	29.9071,	18.0877
38.25,	30.0105,	18.3574
38.5,	30.1102,	18.6329
38.75,	30.206,	18.9145
39,	30.2979,	19.2021
39.25,	30.3858,	19.4958
39.5,	30.4694,	19.7958
39.75,	30.5487,	20.102
40,	30.6235,	20.4146
40.25,	30.6937,	20.7335
40.5,	30.7592,	21.0589
40.75,	30.8198,	21.3908
41,	30.8754,	21.7292
41.25,	30.9259,	22.0741
41.5,	30.9711,	22.4257
41.75,	31.011,	22.7839
42,	31.0454,	23.1486
42.25,	31.0741,	23.5201
42.5,	31.0971,	23.8981
42.75,	31.1142,	24.2828
43,	31.1254,	24.6741
43.25,	31.1305,	25.072
43.5,	31.1293,	25.4764
43.75,	31.1219,	25.8873
44,	31.1081,	26.3047
44.25,	31.0878,	26.7284
44.5,	31.061,	27.1584
44.75,	31.0274,	27.5946
45,	30.9872,	28.0369
45.25,	30.9401,	28.4851
45.5,	30.8862,	28.9392
45.75,	30.8254,	29.3989
46,	30.7576,	29.8642
46.25,	30.6828,	30.3347
46.5,	30.6009,	30.8105
46.75,	30.512,	31.2911
47,	30.4161,	31.7765
47.25,	30.313,	32.2664
47.5,	30.2029,	32.7605
47.75,	30.0857,	33.2585
48,	29.9614,	33.7603
48.25,	29.8302,	34.2654
48.5,	29.692,	34.7735
48.75,	29.5469,	35.2844
49,	29.395,	35.7977
49.25,	29.2363,	36.313
49.5,	29.0709,	36.83
49.75,	28.8989,	37.3482
50,	28.7205,	37.8673
50.25,	28.5357,	38.3869
50.5,	28.3447,	38.9065
50.75,	28.1476,	39.4257
51,	27.9446,	39.944
51.25,	27.7358,	40.4611
51.5,	27.5214,	40.9764
51.75,	27.3016,	41.4895
52,	27.0765,	41.9999
52.25,	26.8463,	42.5071
52.5,	26.6113,	43.0106
52.75,	26.3717,	43.51
53,	26.1276,	44.0048
53.25,	25.8793,	44.4945
53.5,	25.6271,	44.9785
53.75,	25.3711,	45.4565
54,	25.1116,	45.928
54.25,	24.8488,	46.3924
54.5,	24.583,	46.8493
54.75,	24.3145,	47.2982
55,	24.0434,	47.7388
55.25,	23.77,	48.1705
55.5,	23.4946,	48.593
55.75,	23.2175,	49.0058
56,	22.9388,	49.4085
56.25,	22.6589,	49.8007
56.5,	22.3779,	50.1821
56.75,	22.0961,	50.5524
57,	21.8138,	50.9111
57.25,	21.5312,	51.258
57.5,	21.2485,	51.5928
57.75,	20.966,	51.9151
58,	20.6838,	52.2249
58.25,	20.4023,	52.5217
58.5,	20.1215,	52.8054
58.75,	19.8418,	53.0759
59,	19.5633,	53.3329
59.25,	19.2861,	53.5762
59.5,	19.0105,	53.8059
59.75,	18.7367,	54.0217
60,	18.4649,	54.2235
60.25,	18.1951,	54.4114
60.5,	17.9275,	54.5852
60.75,	17.6623,	54.745
61,	17.3996,	54.8908
61.25,	17.1396,	55.0225
61.5,	16.8823,	55.1402
61.75,	16.6279,	55.244
62,	16.3764,	55.334
62.25,	16.128,	55.4101
62.5,	15.8828,	55.4726
62.75,	15.6408,	55.5216
63,	15.4021,	55.5572
63.25,	15.1668,	55.5795
63.5,	14.9349,	55.5888
63.75,	14.7065,	55.5852
64,	14.4816,	55.5688
64.25,	14.2602,	55.54
64.5,	14.0425,	55.4989
64.75,	13.8283,	55.4458
65,	13.6178,	55.3808
65.25,	13.411,	55.3043
65.5,	13.2078,	55.2164
65.75,	13.0082,	55.1175
66,	12.8123,	55.0077
66.25,	12.6201,	54.8873
66.5,	12.4315,	54.7567
66.75,	12.2465,	54.6161
67,	12.0652,	54.4657
67.25,	11.8874,	54.3058
67.5,	11.7133,	54.1368
67.75,	11.5426,	53.9589
68,	11.3755,	53.7723
68.25,	11.2118,	53.5774
68.5,	11.0516,	53.3745
68.75,	10.8948,	53.1637
69,	10.7414,	52.9455
69.25,	10.5913,	52.72
69.5,	10.4445,	52.4876
69.75,	10.301,	52.2485
70,	10.1606,	52.003
70.25,	10.0235,	51.7513
70.5,	9.88939,	51.4938
70.75,	9.75839,	51.2306
71,	9.63041,	50.9621
71.25,	9.50539,	50.6884
71.5,	9.3833,	50.4099
71.75,	9.26409,	50.1268
72,	9.1477,	49.8392
72.25,	9.03409,	49.5476
72.5,	8.92321,	49.252
72.75,	8.81501,	48.9527
73,	8.70943,	48.6499
73.25,	8.60645,	48.3439
73.5,	8.50599,	48.0348
73.75,	8.40802,	47.7228
74,	8.3125,	47.4083
74.25,	8.21936,	47.0912
74.5,	8.12858,	46.7719
74.75,	8.04009,	46.4505
75,	7.95386,	46.1272
75.25,	7.86983,	45.8022
75.5,	7.78798,	45.4756
75.75,	7.70825,	45.1477
76,	7.6306,	44.8184
76.25,	7.55498,	44.4882
76.5,	7.48137,	44.1569
76.75,	7.40971,	43.8249
77,	7.33996,	43.4923
77.25,	7.2721,	43.1591
77.5,	7.20607,	42.8256
77.75,	7.14184,	42.4918
78,	7.07938,	42.1579
78.25,	7.01865,	41.824
78.5,	6.95961,	41.4902
78.75,	6.90222,	41.1566
79,	6.84647,	40.8233
79.25,	6.7923,	40.4905
79.5,	6.73969,	40.1581
79.75,	6.68861,	39.8264
80,	6.63903,	39.4954
80.25,	6.59091,	39.1652
80.5,	6.54423,	38.8358
80.75,	6.49895,	38.5075
81,	6.45506,	38.1801
81.25,	6.41252,	37.8539
81.5,	6.37131,	37.5288
81.75,	6.3314,	37.205
82,	6.29276,	36.8824
82.25,	6.25537,	36.5613
82.5,	6.21921,	36.2416
82.75,	6.18426,	35.9234
83,	6.15048,	35.6067
83.25,	6.11786,	35.2916
83.5,	6.08638,	34.9781
83.75,	6.05602,	34.6663
84,	6.02675,	34.3563
84.25,	5.99855,	34.048
84.5,	5.97142,	33.7415
84.75,	5.94532,	33.4369
85,	5.92024,	33.1341
85.25,	5.89616,	32.8332
85.5,	5.87306,	32.5343
85.75,	5.85094,	32.2374
86,	5.82977,	31.9425
86.25,	5.80953,	31.6495
86.5,	5.79022,	31.3587
86.75,	5.77181,	31.0699
87,	5.75429,	30.7831
87.25,	5.73765,	30.4985
87.5,	5.72188,	30.216
87.75,	5.70695,	29.9357
88,	5.69287,	29.6575
88.25,	5.67961,	29.3815
88.5,	5.66717,	29.1076
88.75,	5.65553,	28.836
89,	5.64468,	28.5665
89.25,	5.63462,	28.2993
89.5,	5.62532,	28.0342
89.75,	5.61679,	27.7714
90,	5.609,	27.5108
90.25,	5.60196,	27.2525
90.5,	5.59565,	26.9964
90.75,	5.59007,	26.7425
91,	5.5852,	26.4908
91.25,	5.58103,	26.2414
91.5,	5.57757,	25.9943
91.75,	5.5748,	25.7493
92,	5.57271,	25.5066
92.25,	5.5713,	25.2662
92.5,	5.57056,	25.028
92.75,	5.57048,	24.792
93,	5.57106,	24.5582
93.25,	5.57229,	24.3266
93.5,	5.57416,	24.0973
93.75,	5.57668,	23.8701
94,	5.57983,	23.6452
94.25,	5.58361,	23.4225
94.5,	5.58801,	23.2019
94.75,	5.59304,	22.9835
95,	5.59868,	22.7673
95.25,	5.60493,	22.5533
95.5,	5.61178,	22.3414
95.75,	5.61924,	22.1316
96,	5.6273,	21.924
96.25,	5.63596,	21.7185
96.5,	5.64521,	21.5152
96.75,	5.65504,	21.3139
97,	5.66546,	21.1147
97.25,	5.67647,	20.9176
97.5,	5.68806,	20.7226
97.75,	5.70022,	20.5296
98,	5.71296,	20.3387
98.25,	5.72628,	20.1498
98.5,	5.74016,	19.963
98.75,	5.75462,	19.7781
99,	5.76965,	19.5953
99.25,	5.78524,	19.4144
99.5,	5.80139,	19.2355
99.75,	5.81812,	19.0585
100,	5.8354,	18.8835
100.25,	5.85325,	18.7105
100.5,	5.87165,	18.5393
100.75,	5.89062,	18.3701
101,	5.91015,	18.2028
101.25,	5.93023,	18.0373
101.5,	5.95088,	17.8737
101.75,	5.97208,	17.712
102,	5.99385,	17.5521
102.25,	6.01617,	17.394
102.5,	6.03905,	17.2377
102.75,	6.06248,	17.0833
103,	6.08648,	16.9306
103.25,	6.11104,	16.7797
103.5,	6.13616,	16.6305
103.75,	6.16183,	16.4831
104,	6.18807,	16.3374
104.25,	6.21488,	16.1935
104.5,	6.24224,	16.0512
104.75,	6.27017,	15.9106
105,	6.29867,	15.7717
105.25,	6.32773,	15.6345
105.5,	6.35736,	15.4989
105.75,	6.38756,	15.365
106,	6.41834,	15.2326
106.25,	6.44968,	15.1019
106.5,	6.4816,	14.9728
106.75,	6.5141,	14.8452
107,	6.54717,	14.7193
107.25,	6.58083,	14.5948
107.5,	6.61506,	14.472
107.75,	6.64988,	14.3506
108,	6.68529,	14.2308
108.25,	6.72129,	14.1125
108.5,	6.75788,	13.9956
108.75,	6.79506,	13.8803
109,	6.83284,	13.7664
109.25,	6.87122,	13.654
109.5,	6.9102,	13.543
109.75,	6.94979,	13.4334
110,	6.98998,	13.3253
110.25,	7.03078,	13.2185
110.5,	7.0722,	13.1132
110.75,	7.11423,	13.0092
111,	7.15689,	12.9066
111.25,	7.20016,	12.8054
111.5,	7.24406,	12.7055
111.75,	7.28859,	12.607
112,	7.33376,	12.5098
112.25,	7.37956,	12.4139
112.5,	7.426,	12.3193
112.75,	7.47308,	12.226
113,	7.52081,	12.1339
113.25,	7.56919,	12.0432
113.5,	7.61823,	11.9537
113.75,	7.66792,	11.8655
114,	7.71828,	11.7785
114.25,	7.7693,	11.6927
114.5,	7.821,	11.6082
114.75,	7.87337,	11.5248
115,	7.92642,	11.4427
115.25,	7.98015,	11.3617
115.5,	8.03456,	11.282
115.75,	8.08967,	11.2034
116,	8.14548,	11.126
116.25,	8.20198,	11.0497
116.5,	8.25919,	10.9746
116.75,	8.31711,	10.9006
117,	8.37575,	10.8278
117.25,	8.4351,	10.7561
117.5,	8.49517,	10.6854
117.75,	8.55597,	10.6159
118,	8.61751,	10.5475
118.25,	8.67978,	10.4802
118.5,	8.74279,	10.414
118.75,	8.80656,	10.3488
119,	8.87107,	10.2847
119.25,	8.93634,	10.2217
119.5,	9.00237,	10.1597
119.75,	9.06917,	10.0988
120,	9.13674,	10.0389
120.25,	9.20509,	9.98
120.5,	9.27422,	9.92217
120.75,	9.34414,	9.86536
121,	9.41485,	9.80956
121.25,	9.48636,	9.75477
121.5,	9.55867,	9.70099
121.75,	9.63179,	9.6482
122,	9.70572,	9.59641
122.25,	9.78047,	9.5456
122.5,	9.85604,	9.49578
122.75,	9.93245,	9.44693
123,	10.0097,	9.39906
123.25,	10.0878,	9.35216
123.5,	10.1667,	9.30622
123.75,	10.2465,	9.26124
124,	10.3271,	9.21721
124.25,	10.4086,	9.17414
124.5,	10.491,	9.13202
124.75,	10.5742,	9.09084
125,	10.6583,	9.05061
125.25,	10.7433,	9.01131
125.5,	10.8292,	8.97296
125.75,	10.916,	8.93553
126,	11.0037,	8.89904
126.25,	11.0922,	8.86348
126.5,	11.1817,	8.82884
126.75,	11.2721,	8.79513
127,	11.3635,	8.76234
127.25,	11.4557,	8.73048
127.5,	11.5489,	8.69953
127.75,	11.6431,	8.66951
128,	11.7381,	8.64041
128.25,	11.8341,	8.61222
128.5,	11.9311,	8.58496
128.75,	12.029,	8.55861
129,	12.1279,	8.53319
129.25,	12.2278,	8.50868
129.5,	12.3286,	8.48509
129.75,	12.4304,	8.46242
130,	12.5332,	8.44068
130.25,	12.637,	8.41986
130.5,	12.7417,	8.39996
130.75,	12.8475,	8.38099
131,	12.9542,	8.36295
131.25,	13.062,	8.34584
131.5,	13.1708,	8.32967
131.75,	13.2805,	8.31443
132,	13.3913,	8.30013
132.25,	13.5031,	8.28678
132.5,	13.616,	8.27438
132.75,	13.7299,	8.26292
133,	13.8448,	8.25243
133.25,	13.9607,	8.2429
133.5,	14.0777,	8.23433
133.75,	14.1957,	8.22673
134,	14.3147,	8.22012
134.25,	14.4348,	8.21448
134.5,	14.556,	8.20984
134.75,	14.6782,	8.2062
135,	14.8014,	8.20355
135.25,	14.9257,	8.20193
135.5,	15.0511,	8.20132
135.75,	15.1775,	8.20174
136,	15.305,	8.20319
136.25,	15.4335,	8.20569
136.5,	15.5631,	8.20925
136.75,	15.6938,	8.21387
137,	15.8255,	8.21957
137.25,	15.9583,	8.22636
137.5,	16.0921,	8.23424
137.75,	16.227,	8.24323
138,	16.363,	8.25335
138.25,	16.5,	8.2646
138.5,	16.6381,	8.27699
138.75,	16.7772,	8.29055
139,	16.9173,	8.30529
139.25,	17.0586,	8.32121
139.5,	17.2008,	8.33834
139.75,	17.3441,	8.35669
140,	17.4884,	8.37628
140.25,	17.6338,	8.39712
140.5,	17.7802,	8.41924
140.75,	17.9276,	8.44265
141,	18.076,	8.46736
141.25,	18.2254,	8.49341
141.5,	18.3759,	8.5208
141.75,	18.5273,	8.54957
142,	18.6797,	8.57973
142.25,	18.833,	8.6113
142.5,	18.9873,	8.6443
142.75,	19.1426,	8.67877
143,	19.2988,	8.71472
143.25,	19.456,	8.75219
143.5,	19.614,	8.79119
143.75,	19.773,	8.83175
144,	19.9328,	8.8739
144.25,	20.0936,	8.91768
144.5,	20.2551,	8.9631
144.75,	20.4175,	9.0102
145,	20.5808,	9.05901
145.25,	20.7448,	9.10957
145.5,	20.9096,	9.1619
145.75,	21.0752,	9.21605
146,	21.2416,	9.27204
146.25,	21.4086,	9.32991
146.5,	21.5763,	9.3897
146.75,	21.7447,	9.45145
147,	21.9138,	9.5152
147.25,	22.0835,	9.58098
147.5,	22.2537,	9.64885
147.75,	22.4245,	9.71884
148,	22.5959,	9.791
148.25,	22.7677,	9.86537
148.5,	22.94,	9.942
148.75,	23.1127,	10.0209
149,	23.2858,	10.1022
149.25,	23.4592,	10.1859
149.5,	23.633,	10.2721
149.75,	23.807,	10.3608
150,	23.9813,	10.452
150.25,	24.1557,	10.5459
150.5,	24.3303,	10.6425
150.75,	24.505,	10.7418
151,	24.6797,	10.8439
151.25,	24.8544,	10.9488
151.5,	25.029,	11.0567
151.75,	25.2035,	11.1676
152,	25.3778,	11.2816
152.25,	25.5519,	11.3986
152.5,	25.7256,	11.5189
152.75,	25.899,	11.6425
153,	26.072,	11.7693
153.25,	26.2445,	11.8997
153.5,	26.4164,	12.0335
153.75,	26.5876,	12.1708
154,	26.7582,	12.3119
154.25,	26.928,	12.4566
154.5,	27.0968,	12.6052
154.75,	27.2648,	12.7577
155,	27.4317,	12.9142
155.25,	27.5974,	13.0747
155.5,	27.762,	13.2394
155.75,	27.9252,	13.4084
156,	28.0871,	13.5817
156.25,	28.2474,	13.7594
156.5,	28.4062,	13.9417
156.75,	28.5632,	14.1286
157,	28.7185,	14.3203
157.25,	28.8719,	14.5167
157.5,	29.0232,	14.7181
157.75,	29.1724,	14.9245
158,	29.3194,	15.136
158.25,	29.464,	15.3527
158.5,	29.6061,	15.5748
158.75,	29.7456,	15.8023
159,	29.8824,	16.0353
159.25,	30.0164,	16.2739
159.5,	30.1473,	16.5183
159.75,	30.2752,	16.7685
160,	30.3998,	17.0247
160.25,	30.521,	17.2868
160.5,	30.6387,	17.5551
160.75,	30.7528,	17.8297
161,	30.863,	18.1105
161.25,	30.9693,	18.3978
161.5,	31.0716,	18.6916
161.75,	31.1696,	18.992
162,	31.2632,	19.2991
162.25,	31.3523,	19.613
162.5,	31.4368,	19.9337
162.75,	31.5164,	20.2614
163,	31.5911,	20.596
163.25,	31.6606,	20.9377
163.5,	31.7249,	21.2866
163.75,	31.7838,	21.6426
164,	31.8372,	22.0058
164.25,	31.8849,	22.3763
164.5,	31.9267,	22.7542
164.75,	31.9625,	23.1393
165,	31.9923,	23.5318
165.25,	32.0158,	23.9317
165.5,	32.0329,	24.3389
165.75,	32.0434,	24.7534
166,	32.0474,	25.1753
166.25,	32.0446,	25.6045
166.5,	32.0349,	26.0409
166.75,	32.0182,	26.4845
167,	31.9945,	26.9352
167.25,	31.9635,	27.393
167.5,	31.9253,	27.8577
167.75,	31.8796,	28.3292
168,	31.8266,	28.8074
168.25,	31.766,	29.2921
168.5,	31.6978,	29.7832
168.75,	31.622,	30.2805
169,	31.5385,	30.7838
169.25,	31.4473,	31.293
169.5,	31.3484,	31.8076
169.75,	31.2417,	32.3276
170,	31.1272,	32.8527
170.25,	31.005,	33.3825
170.5,	30.875,	33.9168
170.75,	30.7374,	34.4552
171,	30.5921,	34.9975
171.25,	30.4391,	35.5432
171.5,	30.2787,	36.0919
171.75,	30.1108,	36.6433
172,	29.9355,	37.1971
172.25,	29.7529,	37.7526
172.5,	29.5632,	38.3096
172.75,	29.3664,	38.8675
173,	29.1628,	39.4259
173.25,	28.9525,	39.9842
173.5,	28.7356,	40.5421
173.75,	28.5123,	41.099
174,	28.2827,	41.6543
174.25,	28.0472,	42.2076
174.5,	27.8059,	42.7583
174.75,	27.559,	43.3059
175,	27.3068,	43.8498
175.25,	27.0494,	44.3894
175.5,	26.7872,	44.9243
175.75,	26.5203,	45.4538
176,	26.2491,	45.9774
176.25,	25.9738,	46.4946
176.5,	25.6946,	47.0049
176.75,	25.4119,	47.5076
177,	25.126,	48.0022
177.25,	24.837,	48.4883
177.5,	24.5453,	48.9653
177.75,	24.2512,	49.4327
178,	23.9549,	49.89
178.25,	23.6568,	50.3367
178.5,	23.3571,	50.7725
178.75,	23.0561,	51.1968
179,	22.7541,	51.6092
179.25,	22.4514,	52.0094
179.5,	22.1482,	52.397
179.75,	21.8448,	52.7715
180,	21.5415,	53.1327
180.25,	21.2384,	53.4803
180.5,	20.936,	53.8139
180.75,	20.6344,	54.1333
181,	20.3338,	54.4384
181.25,	20.0345,	54.7287
181.5,	19.7367,	55.0043
181.75,	19.4406,	55.2648
182,	19.1464,	55.5102
182.25,	18.8544,	55.7404
182.5,	18.5646,	55.9552
182.75,	18.2772,	56.1547
183,	17.9925,	56.3387
183.25,	17.7106,	56.5073
183.5,	17.4316,	56.6605
183.75,	17.1556,	56.7982
184,	16.8829,	56.9207
184.25,	16.6134,	57.0278
184.5,	16.3474,	57.1199
184.75,	16.0848,	57.1968
185,	15.8259,	57.2589
185.25,	15.5706,	57.3062
185.5,	15.3191,	57.3389
185.75,	15.0714,	57.3572
186,	14.8276,	57.3613
186.25,	14.5877,	57.3514
186.5,	14.3517,	57.3277
186.75,	14.1197,	57.2905
187,	13.8917,	57.2401
187.25,	13.6678,	57.1767
187.5,	13.4479,	57.1005
187.75,	13.2321,	57.0119
188,	13.0203,	56.9111
188.25,	12.8125,	56.7984
188.5,	12.6088,	56.6742
188.75,	12.4091,	56.5387
189,	12.2135,	56.3922
189.25,	12.0218,	56.235
189.5,	11.834,	56.0676
189.75,	11.6502,	55.89
190,	11.4702,	55.7028
190.25,	11.2942,	55.5062
190.5,	11.1219,	55.3005
190.75,	10.9534,	55.0861
191,	10.7886,	54.8631
191.25,	10.6275,	54.6321
191.5,	10.4701,	54.3932
191.75,	10.3162,	54.1468
192,	10.1658,	53.8932
192.25,	10.019,	53.6327
192.5,	9.87555,	53.3655
192.75,	9.73549,	53.0921
193,	9.59875,	52.8126
193.25,	9.46526,	52.5273
193.5,	9.33499,	52.2366
193.75,	9.20786,	51.9407
194,	9.08383,	51.6398
194.25,	8.96283,	51.3343
194.5,	8.84482,	51.0244
194.75,	8.72973,	50.7103
195,	8.6175,	50.3924
195.25,	8.50809,	50.0707
195.5,	8.40144,	49.7457
195.75,	8.29749,	49.4174
196,	8.19619,	49.0862
196.25,	8.09748,	48.7522
196.5,	8.00132,	48.4157
196.75,	7.90764,	48.0769
197,	7.8164,	47.7359
197.25,	7.72754,	47.393
197.5,	7.64102,	47.0483
197.75,	7.55678,	46.7021
198,	7.47478,	46.3545
198.25,	7.39497,	46.0056
198.5,	7.31731,	45.6558
198.75,	7.24173,	45.305
199,	7.16821,	44.9535
199.25,	7.0967,	44.6015
199.5,	7.02714,	44.249
199.75,	6.95951,	43.8962
200,	6.89376,	43.5432
200.25,	6.82984,	43.1902
200.5,	6.76772,	42.8374
200.75,	6.70736,	42.4847
201,	6.64873,	42.1324
201.25,	6.59177,	41.7806
201.5,	6.53646,	41.4293
201.75,	6.48277,	41.0786
202,	6.43065,	40.7287
202.25,	6.38008,	40.3797
202.5,	6.33102,	40.0317
202.75,	6.28343,	39.6846
203,	6.2373,	39.3387
203.25,	6.19258,	38.994
203.5,	6.14925,	38.6506
203.75,	6.10728,	38.3085
204,	6.06664,	37.9678
204.25,	6.02731,	37.6286
204.5,	5.98925,	37.291
204.75,	5.95244,	36.955
205,	5.91686,	36.6206
205.25,	5.88248,	36.288
205.5,	5.84928,	35.9571
205.75,	5.81724,	35.6281
206,	5.78632,	35.3009
206.25,	5.75652,	34.9757
206.5,	5.72781,	34.6524
206.75,	5.70017,	34.3311
207,	5.67357,	34.0118
207.25,	5.64801,	33.6946
207.5,	5.62345,	33.3795
207.75,	5.59989,	33.0665
208,	5.57731,	32.7557
208.25,	5.55568,	32.447
208.5,	5.53499,	32.1406
208.75,	5.51523,	31.8364
209,	5.49638,	31.5344
209.25,	5.47842,	31.2347
209.5,	5.46134,	30.9373
209.75,	5.44513,	30.6422
210,	5.42977,	30.3494
210.25,	5.41524,	30.059
210.5,	5.40155,	29.7709
210.75,	5.38866,	29.4851
211,	5.37658,	29.2017
211.25,	5.36528,	28.9207
211.5,	5.35476,	28.6421
211.75,	5.34501,	28.3658
212,	5.33602,	28.0919
212.25,	5.32777,	27.8205
212.5,	5.32025,	27.5514
212.75,	5.31347,	27.2847
213,	5.3074,	27.0204
213.25,	5.30204,	26.7585
213.5,	5.29737,	26.499
213.75,	5.2934,	26.2419
214,	5.29012,	25.9872
214.25,	5.28751,	25.7348
214.5,	5.28556,	25.4849
214.75,	5.28428,	25.2373
215,	5.28366,	24.9921
215.25,	5.28368,	24.7493
215.5,	5.28434,	24.5088
215.75,	5.28564,	24.2707
216,	5.28756,	24.0349
216.25,	5.29012,	23.8015
216.5,	5.29329,	23.5704
216.75,	5.29707,	23.3416
217,	5.30146,	23.1151
217.25,	5.30646,	22.8909
217.5,	5.31205,	22.669
217.75,	5.31825,	22.4494
218,	5.32503,	22.232
218.25,	5.3324,	22.017
218.5,	5.34035,	21.8041
218.75,	5.34888,	21.5935
219,	5.35799,	21.3851
219.25,	5.36768,	21.1789
219.5,	5.37793,	20.9749
219.75,	5.38876,	20.7731
220,	5.40015,	20.5734
220.25,	5.4121,	20.3759
220.5,	5.42461,	20.1805
220.75,	5.43768,	19.9873
221,	5.45131,	19.7962
221.25,	5.4655,	19.6072
221.5,	5.48023,	19.4202
221.75,	5.49552,	19.2353
222,	5.51136,	19.0525
222.25,	5.52775,	18.8717
222.5,	5.54469,	18.693
222.75,	5.56218,	18.5162
223,	5.58021,	18.3415
223.25,	5.59879,	18.1687
223.5,	5.61791,	17.9979
223.75,	5.63758,	17.829
224,	5.65779,	17.6621
224.25,	5.67855,	17.4971
224.5,	5.69985,	17.334
224.75,	5.7217,	17.1728
225,	5.74409,	17.0135
225.25,	5.76703,	16.856
225.5,	5.79051,	16.7004
225.75,	5.81454,	16.5466
226,	5.83912,	16.3946
226.25,	5.86424,	16.2444
226.5,	5.88992,	16.096
226.75,	5.91614,	15.9493
227,	5.94291,	15.8045
227.25,	5.97023,	15.6613
227.5,	5.99811,	15.5199
227.75,	6.02654,	15.3802
228,	6.05553,	15.2422
228.25,	6.08507,	15.1058
228.5,	6.11518,	14.9712
228.75,	6.14584,	14.8382
229,	6.17707,	14.7068
229.25,	6.20886,	14.577
229.5,	6.24122,	14.4489
229.75,	6.27414,	14.3223
230,	6.30764,	14.1973
230.25,	6.34171,	14.0739
230.5,	6.37635,	13.9521
230.75,	6.41158,	13.8318
231,	6.44738,	13.713
231.25,	6.48376,	13.5957
231.5,	6.52074,	13.4799
231.75,	6.5583,	13.3656
232,	6.59645,	13.2528
232.25,	6.63519,	13.1414
232.5,	6.67453,	13.0315
232.75,	6.71448,	12.923
233,	6.75502,	12.8159
233.25,	6.79617,	12.7102
233.5,	6.83793,	12.606
233.75,	6.88031,	12.5031
234,	6.9233,	12.4016
234.25,	6.96691,	12.3014
234.5,	7.01115,	12.2026
234.75,	7.05601,	12.1051
235,	7.1015,	12.0089
235.25,	7.14763,	11.9141
235.5,	7.1944,	11.8205
235.75,	7.24181,	11.7283
236,	7.28986,	11.6373
236.25,	7.33857,	11.5475
236.5,	7.38793,	11.4591
236.75,	7.43795,	11.3718
237,	7.48863,	11.2859
237.25,	7.53998,	11.2011
237.5,	7.592,	11.1175
237.75,	7.6447,	11.0352
238,	7.69808,	10.954
238.25,	7.75214,	10.874
238.5,	7.8069,	10.7952
238.75,	7.86234,	10.7175
239,	7.91849,	10.641
239.25,	7.97534,	10.5657
239.5,	8.0329,	10.4915
239.75,	8.09117,	10.4184
240,	8.15017,	10.3464
240.25,	8.20988,	10.2755
240.5,	8.27032,	10.2058
240.75,	8.3315,	10.1371
241,	8.39342,	10.0695
241.25,	8.45607,	10.0029
241.5,	8.51948,	9.93749
241.75,	8.58364,	9.87309
242,	8.64857,	9.80974
242.25,	8.71425,	9.74744
242.5,	8.78071,	9.68617
242.75,	8.84794,	9.62593
243,	8.91596,	9.56671
243.25,	8.98476,	9.5085
243.5,	9.05435,	9.45131
243.75,	9.12475,	9.39511
244,	9.19594,	9.33991
244.25,	9.26795,	9.2857
244.5,	9.34076,	9.23248
244.75,	9.41441,	9.18023
245,	9.48887,	9.12895
245.25,	9.56417,	9.07864
245.5,	9.64031,	9.02929
245.75,	9.71729,	8.9809
246,	9.79512,	8.93345
246.25,	9.87381,	8.88696
246.5,	9.95336,	8.8414
246.75,	10.0338,	8.79678
247,	10.1151,	8.75309
247.25,	10.1972,	8.71033
247.5,	10.2803,	8.6685
247.75,	10.3642,	8.62759
248,	10.4491,	8.58759
248.25,	10.5348,	8.54851
248.5,	10.6215,	8.51034
248.75,	10.7091,	8.47308
249,	10.7975,	8.43672
249.25,	10.887,	8.40127
249.5,	10.9773,	8.36671
249.75,	11.0686,	8.33305
250,	11.1609,	8.30029
250.25,	11.254,	8.26843
250.5,	11.3482,	8.23745
250.75,	11.4433,	8.20737
251,	11.5394,	8.17818
251.25,	11.6364,	8.14988
251.5,	11.7345,	8.12247
251.75,	11.8335,	8.09594
252,	11.9335,	8.07031
252.25,	12.0345,	8.04556
252.5,	12.1366,	8.0217
252.75,	12.2396,	7.99873
253,	12.3436,	7.97665
253.25,	12.4487,	7.95546
253.5,	12.5548,	7.93517
253.75,	12.6619,	7.91576
254,	12.7701,	7.89726
254.25,	12.8793,	7.87965
254.5,	12.9895,	7.86294
254.75,	13.1008,	7.84713
255,	13.2132,	7.83222
255.25,	13.3266,	7.81823
255.5,	13.4411,	7.80515
255.75,	13.5567,	7.79298
256,	13.6733,	7.78173
256.25,	13.791,	7.77141
256.5,	13.9098,	7.76201
256.75,	14.0297,	7.75355
257,	14.1507,	7.74603
257.25,	14.2727,	7.73945
257.5,	14.3959,	7.73382
257.75,	14.5202,	7.72915
258,	14.6456,	7.72544
258.25,	14.7721,	7.7227
258.5,	14.8997,	7.72094
258.75,	15.0284,	7.72017
259,	15.1583,	7.72039
259.25,	15.2892,	7.72161
259.5,	15.4213,	7.72384
259.75,	15.5545,	7.72709
260,	15.6889,	7.73138
260.25,	15.8243,	7.73671
260.5,	15.9609,	7.74308
260.75,	16.0986,	7.75052
261,	16.2375,	7.75904
261.25,	16.3775,	7.76864
261.5,	16.5186,	7.77934
261.75,	16.6608,	7.79116
262,	16.8042,	7.80409
262.25,	16.9486,	7.81817
262.5,	17.0942,	7.83341
262.75,	17.241,	7.84981
263,	17.3888,	7.86741
263.25,	17.5378,	7.8862
263.5,	17.6878,	7.90621
263.75,	17.839,	7.92746
264,	17.9913,	7.94997
264.25,	18.1447,	7.97375
264.5,	18.2991,	7.99882
264.75,	18.4547,	8.02521
265,	18.6113,	8.05294
265.25,	18.769,	8.08202
265.5,	18.9278,	8.11248
265.75,	19.0876,	8.14435
266,	19.2485,	8.17764
266.25,	19.4104,	8.21238
266.5,	19.5733,	8.2486
266.75,	19.7372,	8.28632
267,	19.9022,	8.32558
267.25,	20.0681,	8.36639
267.5,	20.235,	8.40879
267.75,	20.4029,	8.45281
268,	20.5717,	8.49848
268.25,	20.7414,	8.54583
268.5,	20.9121,	8.5949
268.75,	21.0836,	8.64571
269,	21.256,	8.69831
269.25,	21.4293,	8.75273
269.5,	21.6033,	8.809
269.75,	21.7782,	8.86717
270,	21.9539,	8.92727
270.25,	22.1303,	8.98935
270.5,	22.3075,	9.05345
270.75,	22.4854,	9.11961
271,	22.6639,	9.18787
271.25,	22.8431,	9.25828
271.5,	23.0229,	9.3309
271.75,	23.2032,	9.40576
272,	23.3842,	9.48292
272.25,	23.5656,	9.56242
272.5,	23.7475,	9.64433
272.75,	23.9298,	9.72869
273,	24.1125,	9.81557
273.25,	24.2956,	9.90501
273.5,	24.479,	9.99709
273.75,	24.6626,	10.0918
274,	24.8464,	10.1894
274.25,	25.0304,	10.2897
274.5,	25.2145,	10.3929
274.75,	25.3987,	10.4991
275,	25.5828,	10.6082
275.25,	25.7669,	10.7205
275.5,	25.9509,	10.8359
275.75,	26.1347,	10.9546
276,	26.3182,	11.0766
276.25,	26.5014,	11.2019
276.5,	26.6843,	11.3308
276.75,	26.8667,	11.4632
277,	27.0485,	11.5992
277.25,	27.2297,	11.7389
277.5,	27.4103,	11.8825
277.75,	27.5901,	12.03
278,	27.769,	12.1814
278.25,	27.947,	12.337
278.5,	28.1239,	12.4967
278.75,	28.2997,	12.6607
279,	28.4743,	12.8291
279.25,	28.6476,	13.002
279.5,	28.8195,	13.1794
279.75,	28.9898,	13.3615
280,	29.1585,	13.5485
280.25,	29.3254,	13.7403
280.5,	29.4905,	13.9371
280.75,	29.6537,	14.1391
281,	29.8147,	14.3463
281.25,	29.9735,	14.5588
281.5,	30.13,	14.7768
281.75,	30.284,	15.0004
282,	30.4354,	15.2296
282.25,	30.5841,	15.4647
282.5,	30.7299,	15.7057
282.75,	30.8727,	15.9528
283,	31.0124,	16.206
283.25,	31.1488,	16.4655
283.5,	31.2817,	16.7314
283.75,	31.411,	17.0038
284,	31.5366,	17.2828
284.25,	31.6583,	17.5686
284.5,	31.7759,	17.8613
284.75,	31.8893,	18.1609
285,	31.9984,	18.4677
285.25,	32.1029,	18.7816
285.5,	32.2027,	19.1028
285.75,	32.2976,	19.4314
286,	32.3876,	19.7675
286.25,	32.4723,	20.1113
286.5,	32.5517,	20.4626
286.75,	32.6255,	20.8218
287,	32.6937,	21.1888
287.25,	32.756,	21.5637
287.5,	32.8123,	21.9466
287.75,	32.8624,	22.3375
288,	32.9061,	22.7365
288.25,	32.9434,	23.1436
288.5,	32.9739,	23.5589
288.75,	32.9977,	23.9824
289,	33.0145,	24.414
289.25,	33.0242,	24.8538
289.5,	33.0266,	25.3018
289.75,	33.0216,	25.7579
290,	33.0091,	26.2221
290.25,	32.9889,	26.6943
290.5,	32.961,	27.1745
290.75,	32.9251,	27.6626
291,	32.8813,	28.1584
291.25,	32.8294,	28.6619
291.5,	32.7693,	29.173
291.75,	32.7009,	29.6913
292,	32.6242,	30.2169
292.25,	32.5391,	30.7494
292.5,	32.4455,	31.2888
292.75,	32.3435,	31.8346
293,	32.233,	32.3867
293.25,	32.1139,	32.9449
293.5,	31.9864,	33.5087
293.75,	31.8503,	34.0779
294,	31.7057,	34.6521
294.25,	31.5527,	35.231
294.5,	31.3913,	35.8141
294.75,	31.2216,	36.4012
295,	31.0436,	36.9917
295.25,	30.8574,	37.5851
295.5,	30.6633,	38.1812
295.75,	30.4612,	38.7792
296,	30.2513,	39.3788
296.25,	30.0338,	39.9793
296.5,	29.8089,	40.5804
296.75,	29.5767,	41.1813
297,	29.3374,	41.7816
297.25,	29.0912,	42.3807
297.5,	28.8384,	42.9779
297.75,	28.5792,	43.5726
298,	28.3138,	44.1643
298.25,	28.0425,	44.7523
298.5,	27.7655,	45.336
298.75,	27.4832,	45.9147
299,	27.1958,	46.4879
299.25,	26.9036,	47.0548
299.5,	26.6069,	47.6149
299.75,	26.3061,	48.1676
300,	26.0014,	48.7122
300.25,	25.6931,	49.2481
300.5,	25.3816,	49.7747
300.75,	25.0672,	50.2914
301,	24.7502,	50.7977
301.25,	24.4309,	51.293
301.5,	24.1097,	51.7768
301.75,	23.787,	52.2484
302,	23.4629,	52.7075
302.25,	23.1378,	53.1536
302.5,	22.8121,	53.5861
302.75,	22.4861,	54.0048
303,	22.16,	54.4091
303.25,	21.8341,	54.7986
303.5,	21.5088,	55.1731
303.75,	21.1843,	55.5322
304,	20.8609,	55.8757
304.25,	20.5389,	56.2031
304.5,	20.2184,	56.5144
304.75,	19.8998,	56.8094
305,	19.5833,	57.0877
305.25,	19.2691,	57.3494
305.5,	18.9575,	57.5942
305.75,	18.6485,	57.8221
306,	18.3425,	58.0331
306.25,	18.0395,	58.2271
306.5,	17.7398,	58.404
306.75,	17.4435,	58.5641
307,	17.1508,	58.7072
307.25,	16.8617,	58.8334
307.5,	16.5765,	58.943
307.75,	16.2952,	59.0359
308,	16.0179,	59.1123
308.25,	15.7446,	59.1725
308.5,	15.4756,	59.2166
308.75,	15.2109,	59.2447
309,	14.9504,	59.2572
309.25,	14.6943,	59.2543
309.5,	14.4427,	59.2362
309.75,	14.1954,	59.2032
310,	13.9527,	59.1555
310.25,	13.7144,	59.0936
310.5,	13.4806,	59.0176
310.75,	13.2513,	58.9279
311,	13.0265,	58.8249
311.25,	12.8062,	58.7088
311.5,	12.5904,	58.58
311.75,	12.379,	58.4389
312,	12.172,	58.2857
312.25,	11.9694,	58.1209
312.5,	11.7712,	57.9447
312.75,	11.5773,	57.7576
313,	11.3877,	57.5599
313.25,	11.2023,	57.352
313.5,	11.0211,	57.1342
313.75,	10.844,	56.9069
314,	10.671,	56.6704
314.25,	10.502,	56.425
314.5,	10.337,	56.1713
314.75,	10.1759,	55.9093
315,	10.0187,	55.6396
315.25,	9.86517,	55.3625
315.5,	9.7154,	55.0782
315.75,	9.56929,	54.7871
316,	9.42677,	54.4896
316.25,	9.28778,	54.1859
316.5,	9.15224,	53.8764
316.75,	9.0201,	53.5613
317,	8.89128,	53.241
317.25,	8.76573,	52.9158
317.5,	8.64338,	52.5859
317.75,	8.52417,	52.2516
318,	8.40802,	51.9133
318.25,	8.29487,	51.571
318.5,	8.18467,	51.2253
318.75,	8.07735,	50.8761
319,	7.97284,	50.5239
319.25,	7.87109,	50.1689
319.5,	7.77204,	49.8113
319.75,	7.67562,	49.4512
320,	7.58179,	49.089
320.25,	7.49047,	48.7249
320.5,	7.40161,	48.359
320.75,	7.31516,	47.9915
321,	7.23107,	47.6227
321.25,	7.14928,	47.2527
321.5,	7.06973,	46.8818
321.75,	6.99238,	46.51
322,	6.91718,	46.1375
322.25,	6.84407,	45.7646
322.5,	6.77302,	45.3914
322.75,	6.70396,	45.0179
323,	6.63686,	44.6445
323.25,	6.57167,	44.2711
323.5,	6.50835,	43.898
323.75,	6.44685,	43.5252
324,	6.38714,	43.1529
324.25,	6.32917,	42.7813
324.5,	6.2729,	42.4103
324.75,	6.21829,	42.0402
325,	6.16531,	41.671
325.25,	6.11392,	41.3029
325.5,	6.06408,	40.9358
325.75,	6.01576,	40.57
326,	5.96893,	40.2055
326.25,	5.92355,	39.8424
326.5,	5.87959,	39.4808
326.75,	5.83702,	39.1207
327,	5.79581,	38.7623
327.25,	5.75593,	38.4055
327.5,	5.71735,	38.0505
327.75,	5.68004,	37.6973
328,	5.64398,	37.3459
328.25,	5.60914,	36.9965
328.5,	5.57549,	36.6491
328.75,	5.54302,	36.3037
329,	5.51169,	35.9604
329.25,	5.48148,	35.6192
329.5,	5.45238,	35.2801
329.75,	5.42435,	34.9433
330,	5.39739,	34.6087
330.25,	5.37146,	34.2763
330.5,	5.34654,	33.9463
330.75,	5.32263,	33.6186
331,	5.29969,	33.2933
331.25,	5.27771,	32.9703
331.5,	5.25668,	32.6498
331.75,	5.23657,	32.3316
332,	5.21738,	32.016
332.25,	5.19908,	31.7028
332.5,	5.18165,	31.3921
332.75,	5.16509,	31.0838
333,	5.14938,	30.7781
333.25,	5.1345,	30.475
333.5,	5.12045,	30.1743
333.75,	5.1072,	29.8762
334,	5.09475,	29.5806
334.25,	5.08308,	29.2876
334.5,	5.07218,	28.9972
334.75,	5.06204,	28.7093
335,	5.05266,	28.424
335.25,	5.04401,	28.1413
335.5,	5.03608,	27.8611
335.75,	5.02888,	27.5835
336,	5.02238,	27.3084
336.25,	5.01659,	27.036
336.5,	5.01148,	26.7661
336.75,	5.00705,	26.4987
337,	5.0033,	26.2339
337.25,	5.00022,	25.9716
337.5,	4.99779,	25.7119
337.75,	4.99601,	25.4548
338,	4.99487,	25.2001
338.25,	4.99437,	24.948
338.5,	4.9945,	24.6984
338.75,	4.99525,	24.4512
339,	4.99663,	24.2066
339.25,	4.99861,	23.9645
339.5,	5.0012,	23.7248
339.75,	5.00438,	23.4876
340,	5.00817,	23.2528
340.25,	5.01254,	23.0205
340.5,	5.01751,	22.7905
340.75,	5.02305,	22.563
341,	5.02917,	22.3379
341.25,	5.03586,	22.1152
341.5,	5.04313,	21.8948
341.75,	5.05096,	21.6768
342,	5.05935,	21.4612
342.25,	5.0683,	21.2478
342.5,	5.07781,	21.0368
342.75,	5.08787,	20.8281
343,	5.09848,	20.6216
343.25,	5.10965,	20.4174
343.5,	5.12135,	20.2155
343.75,	5.13361,	20.0158
344,	5.1464,	19.8183
344.25,	5.15973,	19.623
344.5,	5.1736,	19.4299
344.75,	5.18801,	19.239
345,	5.20296,	19.0502
345.25,	5.21844,	18.8636
345.5,	5.23445,	18.6791
345.75,	5.25099,	18.4967
346,	5.26806,	18.3164
346.25,	5.28567,	18.1381
346.5,	5.3038,	17.9619
346.75,	5.32247,	17.7877
347,	5.34166,	17.6156
347.25,	5.36138,	17.4455
347.5,	5.38164,	17.2773
347.75,	5.40242,	17.1111
348,	5.42373,	16.9469
348.25,	5.44556,	16.7846
348.5,	5.46793,	16.6242
348.75,	5.49083,	16.4658
349,	5.51426,	16.3092
349.25,	5.53822,	16.1545
349.5,	5.56272,	16.0017
349.75,	5.58775,	15.8506
350,	5.61331,	15.7015
350.25,	5.63941,	15.5541
350.5,	5.66604,	15.4085
350.75,	5.69321,	15.2646
351,	5.72093,	15.1226
351.25,	5.74918,	14.9823
351.5,	5.77798,	14.8437
351.75,	5.80732,	14.7068
352,	5.83721,	14.5716
352.25,	5.86764,	14.4381
352.5,	5.89863,	14.3062
352.75,	5.93017,	14.176
353,	5.96226,	14.0474
353.25,	5.99491,	13.9205
353.5,	6.02812,	13.7951
353.75,	6.0619,	13.6713
354,	6.09623,	13.5492
354.25,	6.13114,	13.4285
354.5,	6.16661,	13.3094
354.75,	6.20266,	13.1919
355,	6.23928,	13.0758
355.25,	6.27648,	12.9612
355.5,	6.31426,	12.8482
355.75,	6.35262,	12.7366
356,	6.39157,	12.6264
356.25,	6.43112,	12.5177
356.5,	6.47125,	12.4105
356.75,	6.51199,	12.3046
357,	6.55332,	12.2002
357.25,	6.59527,	12.0971
357.5,	6.63781,	11.9955
357.75,	6.68098,	11.8952
358,	6.72475,	11.7962
358.25,	6.76915,	11.6986
358.5,	6.81417,	11.6023
358.75,	6.85981,	11.5073
359,	6.90609,	11.4137
359.25,	6.95301,	11.3213
359.5,	7.00056,	11.2302
359.75,	7.04876,	11.1403
360,	7.09761,	11.0518
360.25,	7.14711,	10.9644
360.5,	7.19726,	10.8783
360.75,	7.24808,	10.7934
361,	7.29957,	10.7098
361.25,	7.35172,	10.6273
361.5,	7.40456,	10.546
361.75,	7.45807,	10.4659
362,	7.51227,	10.387
362.25,	7.56715,	10.3092
362.5,	7.62274,	10.2326
362.75,	7.67902,	10.1571
363,	7.73601,	10.0827
363.25,	7.79371,	10.0095
363.5,	7.85213,	9.93736
363.75,	7.91126,	9.86633
364,	7.97113,	9.79639
364.25,	8.03172,	9.72754
364.5,	8.09305,	9.65975
364.75,	8.15513,	9.59303
365,	8.21795,	9.52737
365.25,	8.28153,	9.46275
365.5,	8.34587,	9.39918
365.75,	8.41097,	9.33663
366,	8.47684,	9.27512
366.25,	8.54349,	9.21461
366.5,	8.61092,	9.15512
366.75,	8.67914,	9.09663
367,	8.74815,	9.03913
367.25,	8.81797,	8.98262
367.5,	8.88859,	8.92708
367.75,	8.96002,	8.87253
368,	9.03227,	8.81894
368.25,	9.10535,	8.76631
368.5,	9.17925,	8.71463
368.75,	9.254,	8.66391
369,	9.32958,	8.61413
369.25,	9.40602,	8.56528
369.5,	9.48331,	8.51737
369.75,	9.56147,	8.47038
370,	9.64049,	8.42431
370.25,	9.72039,	8.37916
370.5,	9.80117,	8.33492
370.75,	9.88284,	8.29159
371,	9.9654,	8.24916
371.25,	10.0489,	8.20763
371.5,	10.1332,	8.16699
371.75,	10.2185,	8.12725
372,	10.3047,	8.08839
372.25,	10.3919,	8.05041
372.5,	10.4799,	8.01331
372.75,	10.5689,	7.97709
373,	10.6589,	7.94174
373.25,	10.7498,	7.90727
373.5,	10.8417,	7.87366
373.75,	10.9345,	7.84092
374,	11.0283,	7.80904
374.25,	11.1231,	7.77803
374.5,	11.2189,	7.74787
374.75,	11.3157,	7.71858
375,	11.4135,	7.69014
375.25,	11.5122,	7.66256
375.5,	11.612,	7.63583
375.75,	11.7129,	7.60996
376,	11.8147,	7.58495
376.25,	11.9176,	7.56079
376.5,	12.0215,	7.53748
376.75,	12.1265,	7.51503
377,	12.2325,	7.49344
377.25,	12.3395,	7.4727
377.5,	12.4477,	7.45282
377.75,	12.5569,	7.4338
378,	12.6672,	7.41564
378.25,	12.7786,	7.39834
378.5,	12.891,	7.3819
378.75,	13.0046,	7.36633
379,	13.1192,	7.35163
379.25,	13.235,	7.33781
379.5,	13.3519,	7.32486
379.75,	13.4699,	7.31278
380,	13.589,	7.3016
380.25,	13.7093,	7.29129
380.5,	13.8306,	7.28188
380.75,	13.9532,	7.27337
381,	14.0768,	7.26575
381.25,	14.2017,	7.25905
381.5,	14.3276,	7.25325
381.75,	14.4548,	7.24837
382,	14.5831,	7.24442
382.25,	14.7125,	7.2414
382.5,	14.8432,	7.23932
382.75,	14.975,	7.23818
383,	15.108,	7.238
383.25,	15.2422,	7.23878
383.5,	15.3775,	7.24054
383.75,	15.5141,	7.24327
384,	15.6518,	7.24699
384.25,	15.7907,	7.25172
384.5,	15.9309,	7.25745
384.75,	16.0722,	7.26421
385,	16.2147,	7.272
385.25,	16.3584,	7.28083
385.5,	16.5034,	7.29072
385.75,	16.6495,	7.30168
386,	16.7968,	7.31372
386.25,	16.9454,	7.32687
386.5,	17.0951,	7.34112
386.75,	17.2461,	7.3565
387,	17.3982,	7.37302
387.25,	17.5515,	7.39071
387.5,	17.7061,	7.40956
387.75,	17.8618,	7.42961
388,	18.0187,	7.45088
388.25,	18.1768,	7.47337
388.5,	18.3361,	7.49711
388.75,	18.4966,	7.52212
389,	18.6582,	7.54842
389.25,	18.821,	7.57604
389.5,	18.985,	7.60498
389.75,	19.1501,	7.63529
390,	19.3164,	7.66698
390.25,	19.4838,	7.70007
390.5,	19.6523,	7.7346
390.75,	19.822,	7.77058
391,	19.9927,	7.80805
391.25,	20.1646,	7.84703
391.5,	20.3375,	7.88756
391.75,	20.5115,	7.92966
392,	20.6866,	7.97337
392.25,	20.8627,	8.01871
392.5,	21.0399,	8.06572
392.75,	21.218,	8.11443
393,	21.3972,	8.16489
393.25,	21.5773,	8.21712
393.5,	21.7583,	8.27117
393.75,	21.9403,	8.32707
394,	22.1232,	8.38486
394.25,	22.307,	8.44459
394.5,	22.4917,	8.50629
394.75,	22.6772,	8.57002
395,	22.8635,	8.63581
395.25,	23.0505,	8.70372
395.5,	23.2383,	8.77379
395.75,	23.4269,	8.84607
396,	23.6161,	8.92061
396.25,	23.806,	8.99748
396.5,	23.9964,	9.07671
396.75,	24.1875,	9.15837
397,	24.3791,	9.24251
397.25,	24.5712,	9.32919
397.5,	24.7637,	9.41848
397.75,	24.9566,	9.51044
398,	25.1499,	9.60514
398.25,	25.3435,	9.70263
398.5,	25.5373,	9.80299
398.75,	25.7314,	9.90628
399,	25.9256,	10.0126
399.25,	26.1198,	10.122
399.5,	26.3141,	10.2345
399.75,	26.5084,	10.3503
400,	26.7026,	10.4694
400.25,	26.8966,	10.592
400.5,	27.0903,	10.718
400.75,	27.2838,	10.8476
401,	27.4769,	10.9808
401.25,	27.6695,	11.1178
401.5,	27.8615,	11.2587
401.75,	28.0529,	11.4035
402,	28.2437,	11.5523
402.25,	28.4336,	11.7053
402.5,	28.6226,	11.8626
402.75,	28.8106,	12.0242
403,	28.9975,	12.1902
403.25,	29.1832,	12.3609
403.5,	29.3677,	12.5362
403.75,	29.5507,	12.7163
404,	29.7322,	12.9013
404.25,	29.912,	13.0914
404.5,	30.0901,	13.2866
404.75,	30.2664,	13.4871
405,	30.4406,	13.693
405.25,	30.6127,	13.9044
405.5,	30.7825,	14.1215
405.75,	30.95,	14.3444
406,	31.1149,	14.5732
406.25,	31.2771,	14.808
406.5,	31.4365,	15.0491
406.75,	31.5929,	15.2964
407,	31.7461,	15.5502
407.25,	31.8961,	15.8106
407.5,	32.0427,	16.0778
407.75,	32.1856,	16.3518
408,	32.3248,	16.6328
408.25,	32.4601,	16.9209
408.5,	32.5912,	17.2164
408.75,	32.718,	17.5192
409,	32.8404,	17.8297
409.25,	32.9581,	18.1477
409.5,	33.071,	18.4736
409.75,	33.179,	18.8075
410,	33.2817,	19.1494
410.25,	33.3791,	19.4995
410.5,	33.4709,	19.8578
410.75,	33.5569,	20.2246
411,	33.637,	20.5999
411.25,	33.711,	20.9839
411.5,	33.7787,	21.3765
411.75,	33.8399,	21.7779
412,	33.8944,	22.1882
412.25,	33.9421,	22.6074
412.5,	33.9827,	23.0357
412.75,	34.0161,	23.473
413,	34.0421,	23.9193
413.25,	34.0604,	24.3748
413.5,	34.0711,	24.8394
413.75,	34.0738,	25.3131
414,	34.0685,	25.7959
414.25,	34.0549,	26.2878
414.5,	34.033,	26.7887
414.75,	34.0026,	27.2986
415,	33.9635,	27.8173
415.25,	33.9157,	28.3448
415.5,	33.8589,	28.881
415.75,	33.7932,	29.4257
416,	33.7184,	29.9787
416.25,	33.6345,	30.5398
416.5,	33.5413,	31.1089
416.75,	33.4389,	31.6857
417,	33.3271,	32.27
417.25,	33.206,	32.8614
417.5,	33.0754,	33.4597
417.75,	32.9355,	34.0645
418,	32.7863,	34.6754
418.25,	32.6277,	35.2922
418.5,	32.4598,	35.9143
418.75,	32.2826,	36.5414
419,	32.0963,	37.1729
419.25,	31.901,	37.8084
419.5,	31.6967,	38.4474
419.75,	31.4836,	39.0893
420,	31.2618,	39.7337
420.25,	31.0315,	40.3798
420.5,	30.7928,	41.0272
420.75,	30.5461,	41.6751
421,	30.2914,	42.323
421.25,	30.029,	42.9702
421.5,	29.7592,	43.616
421.75,	29.4822,	44.2597
422,	29.1983,	44.9007
422.25,	28.9078,	45.5382
422.5,	28.6109,	46.1715
422.75,	28.308,	46.8
423,	27.9995,	47.4228
423.25,	27.6856,	48.0392
423.5,	27.3666,	48.6487
423.75,	27.0431,	49.2503
424,	26.7152,	49.8434
424.25,	26.3833,	50.4273
424.5,	26.0479,	51.0013
424.75,	25.7092,	51.5648
425,	25.3678,	52.117
425.25,	25.0238,	52.6574
425.5,	24.6778,	53.1852
425.75,	24.33,	53.6999
426,	23.9809,	54.2009
426.25,	23.6307,	54.6877
426.5,	23.28,	55.1597
426.75,	22.9289,	55.6164
427,	22.5779,	56.0574
427.25,	22.2273,	56.4822
427.5,	21.8774,	56.8904
427.75,	21.5286,	57.2817
428,	21.1811,	57.6556
428.25,	20.8352,	58.012
428.5,	20.4913,	58.3505
428.75,	20.1496,	58.6709
429,	19.8104,	58.9731
429.25,	19.4739,	59.2567
429.5,	19.1403,	59.5219
429.75,	18.81,	59.7683
430,	18.483,	59.996
430.25,	18.1596,	60.205
430.5,	17.8399,	60.3952
430.75,	17.5242,	60.5667
431,	17.2125,	60.7196
431.25,	16.9051,	60.8539
431.5,	16.6021,	60.9699
431.75,	16.3035,	61.0676
432,	16.0095,	61.1472
432.25,	15.7201,	61.2089
432.5,	15.4355,	61.253
432.75,	15.1557,	61.2796
433,	14.8808,	61.2892
433.25,	14.6108,	61.2819
433.5,	14.3457,	61.258
433.75,	14.0857,	61.2179
434,	13.8306,	61.162
434.25,	13.5805,	61.0904
434.5,	13.3355,	61.0037
434.75,	13.0954,	60.9022
435,	12.8603,	60.7862
435.25,	12.6302,	60.6561
435.5,	12.405,	60.5124
435.75,	12.1848,	60.3554
436,	11.9694,	60.1854
436.25,	11.7588,	60.003
436.5,	11.553,	59.8086
436.75,	11.3519,	59.6024
437,	11.1555,	59.385
437.25,	10.9637,	59.1567
437.5,	10.7765,	58.9179
437.75,	10.5937,	58.669
438,	10.4154,	58.4105
438.25,	10.2414,	58.1427
438.5,	10.0717,	57.8661
438.75,	9.90618,	57.5809
439,	9.7448,	57.2876
439.25,	9.58748,	56.9865
439.5,	9.43415,	56.6781
439.75,	9.28472,	56.3626
440,	9.13912,	56.0405
440.25,	8.99728,	55.712
440.5,	8.85912,	55.3776
440.75,	8.72456,	55.0376
441,	8.59353,	54.6922
441.25,	8.46595,	54.3418
441.5,	8.34175,	53.9867
441.75,	8.22085,	53.6273
442,	8.10318,	53.2637
442.25,	7.98866,	52.8964
442.5,	7.87724,	52.5255
442.75,	7.76882,	52.1514
443,	7.66336,	51.7742
443.25,	7.56077,	51.3944
443.5,	7.46098,	51.0121
443.75,	7.36395,	50.6275
444,	7.26959,	50.2409
444.25,	7.17784,	49.8525
444.5,	7.08865,	49.4625
444.75,	7.00194,	49.0712
445,	6.91767,	48.6788
445.25,	6.83577,	48.2853
445.5,	6.75618,	47.8911
445.75,	6.67886,	47.4963
446,	6.60373,	47.1011
446.25,	6.53076,	46.7056
446.5,	6.45988,	46.31
446.75,	6.39105,	45.9145
447,	6.32422,	45.5193
447.25,	6.25933,	45.1244
447.5,	6.19635,	44.7299
447.75,	6.13522,	44.3362
448,	6.07591,	43.9431
448.25,	6.01836,	43.551
448.5,	5.96254,	43.1598
448.75,	5.9084,	42.7698
449,	5.8559,	42.3809
449.25,	5.80501,	41.9934
449.5,	5.75569,	41.6072
449.75,	5.70789,	41.2226
450,	5.6616,	40.8396
450.25,	5.61676,	40.4582
450.5,	5.57334,	40.0786
450.75,	5.53133,	39.7008
451,	5.49067,	39.3248
451.25,	5.45134,	38.9509
451.5,	5.41332,	38.579
451.75,	5.37656,	38.2091
452,	5.34105,	37.8414
452.25,	5.30676,	37.4759
452.5,	5.27366,	37.1126
452.75,	5.24172,	36.7517
453,	5.21092,	36.393
453.25,	5.18123,	36.0368
453.5,	5.15264,	35.6829
453.75,	5.12512,	35.3316
454,	5.09864,	34.9827
454.25,	5.07319,	34.6363
454.5,	5.04875,	34.2925
454.75,	5.02529,	33.9512
455,	5.0028,	33.6126
455.25,	4.98126,	33.2765
455.5,	4.96065,	32.9431
455.75,	4.94094,	32.6124
456,	4.92214,	32.2844
456.25,	4.90421,	31.959
456.5,	4.88715,	31.6364
456.75,	4.87093,	31.3164
457,	4.85555,	30.9992
457.25,	4.84098,	30.6847
457.5,	4.82722,	30.373
457.75,	4.81425,	30.064
458,	4.80206,	29.7578
458.25,	4.79064,	29.4543
458.5,	4.77997,	29.1536
458.75,	4.77004,	28.8557
459,	4.76085,	28.5605
459.25,	4.75237,	28.2681
459.5,	4.74461,	27.9784
459.75,	4.73754,	27.6914
460,	4.73117,	27.4073
460.25,	4.72547,	27.1258
460.5,	4.72045,	26.8471
460.75,	4.71609,	26.5711
461,	4.71238,	26.2979
461.25,	4.70933,	26.0273
461.5,	4.70691,	25.7595
461.75,	4.70512,	25.4944
462,	4.70396,	25.2319
462.25,	4.70341,	24.9721
462.5,	4.70348,	24.715
462.75,	4.70415,	24.4605
463,	4.70542,	24.2087
463.25,	4.70728,	23.9594
463.5,	4.70973,	23.7128
463.75,	4.71276,	23.4688
464,	4.71637,	23.2274
464.25,	4.72055,	22.9885
464.5,	4.72529,	22.7522
464.75,	4.7306,	22.5185
465,	4.73647,	22.2872
465.25,	4.7429,	22.0585
465.5,	4.74987,	21.8322
465.75,	4.7574,	21.6084
466,	4.76546,	21.3871
466.25,	4.77407,	21.1682
466.5,	4.78322,	20.9517
466.75,	4.7929,	20.7377
467,	4.80312,	20.526
467.25,	4.81386,	20.3167
467.5,	4.82513,	20.1098
467.75,	4.83693,	19.9051
468,	4.84925,	19.7028
468.25,	4.8621,	19.5028
468.5,	4.87546,	19.3051
468.75,	4.88934,	19.1097
469,	4.90374,	18.9165
469.25,	4.91866,	18.7255
469.5,	4.93409,	18.5367
469.75,	4.95003,	18.3501
470,	4.96649,	18.1657
470.25,	4.98346,	17.9834
470.5,	5.00095,	17.8033
470.75,	5.01894,	17.6253
471,	5.03745,	17.4494
471.25,	5.05647,	17.2755
471.5,	5.076,	17.1037
471.75,	5.09604,	16.934
472,	5.11659,	16.7663
472.25,	5.13765,	16.6006
472.5,	5.15923,	16.4369
472.75,	5.18132,	16.2751
473,	5.20392,	16.1153
473.25,	5.22704,	15.9574
473.5,	5.25067,	15.8015
473.75,	5.27482,	15.6474
474,	5.29949,	15.4953
474.25,	5.32468,	15.345
474.5,	5.35038,	15.1965
474.75,	5.37661,	15.0498
475,	5.40336,	14.905
475.25,	5.43063,	14.762
475.5,	5.45843,	14.6207
475.75,	5.48676,	14.4812
476,	5.51561,	14.3434
476.25,	5.545,	14.2074
476.5,	5.57492,	14.0731
476.75,	5.60538,	13.9404
477,	5.63638,	13.8095
477.25,	5.66792,	13.6802
477.5,	5.7,	13.5525
477.75,	5.73262,	13.4265
478,	5.76579,	13.302
478.25,	5.79952,	13.1792
478.5,	5.8338,	13.0579
478.75,	5.86863,	12.9383
479,	5.90402,	12.8201
479.25,	5.93998,	12.7035
479.5,	5.9765,	12.5884
479.75,	6.01359,	12.4748
480,	6.05125,	12.3627
480.25,	6.08948,	12.2521
480.5,	6.1283,	12.1429
480.75,	6.16769,	12.0352
481,	6.20768,	11.9289
481.25,	6.24825,	11.824
481.5,	6.28941,	11.7205
481.75,	6.33117,	11.6184
482,	6.37353,	11.5177
482.25,	6.4165,	11.4183
482.5,	6.46007,	11.3203
482.75,	6.50425,	11.2237
483,	6.54906,	11.1283
483.25,	6.59448,	11.0343
483.5,	6.64053,	10.9415
483.75,	6.68721,	10.8501
484,	6.73452,	10.7599
484.25,	6.78247,	10.6709
484.5,	6.83106,	10.5832
484.75,	6.8803,	10.4968
485,	6.9302,	10.4115
485.25,	6.98075,	10.3275
485.5,	7.03196,	10.2447
485.75,	7.08384,	10.1631
486,	7.13639,	10.0826
486.25,	7.18962,	10.0033
486.5,	7.24353,	9.92521
486.75,	7.29812,	9.84823
487,	7.35341,	9.77238
487.25,	7.4094,	9.69765
487.5,	7.46609,	9.62404
487.75,	7.52349,	9.55153
488,	7.5816,	9.48012
488.25,	7.64044,	9.40979
488.5,	7.7,	9.34054
488.75,	7.76028,	9.27236
489,	7.82131,	9.20523
489.25,	7.88308,	9.13915
489.5,	7.94559,	9.0741
489.75,	8.00886,	9.01009
490,	8.07289,	8.9471
490.25,	8.13769,	8.88512
490.5,	8.20326,	8.82415
490.75,	8.26961,	8.76417
491,	8.33674,	8.70519
491.25,	8.40466,	8.64718
491.5,	8.47338,	8.59015
491.75,	8.54291,	8.53409
492,	8.61324,	8.47898
492.25,	8.68439,	8.42483
492.5,	8.75636,	8.37162
492.75,	8.82916,	8.31935
493,	8.9028,	8.26801
493.25,	8.97728,	8.2176
493.5,	9.05261,	8.16811
493.75,	9.1288,	8.11953
494,	9.20585,	8.07186
494.25,	9.28377,	8.02509
494.5,	9.36256,	7.97922
494.75,	9.44224,	7.93423
495,	9.52281,	7.89014
495.25,	9.60428,	7.84692
495.5,	9.68665,	7.80458
495.75,	9.76993,	7.76311
496,	9.85413,	7.72251
496.25,	9.93926,	7.68277
496.5,	10.0253,	7.64389
496.75,	10.1123,	7.60587
497,	10.2003,	7.56869
497.25,	10.2892,	7.53236
497.5,	10.379,	7.49688
497.75,	10.4699,	7.46224
498,	10.5617,	7.42843
498.25,	10.6545,	7.39546
498.5,	10.7483,	7.36333
498.75,	10.843,	7.33202
499,	10.9388,	7.30154
499.25,	11.0356,	7.27189
499.5,	11.1334,	7.24306
499.75,	11.2323,	7.21505
500,	11.3322,	7.18787
500.25,	11.4331,	7.1615
500.5,	11.5351,	7.13596
500.75,	11.6381,	7.11123
501,	11.7422,	7.08733
501.25,	11.8474,	7.06424
501.5,	11.9536,	7.04197
501.75,	12.0609,	7.02051
502,	12.1694,	6.99988
502.25,	12.2789,	6.98007
502.5,	12.3895,	6.96107
502.75,	12.5013,	6.9429
503,	12.6141,	6.92555
503.25,	12.7281,	6.90903
503.5,	12.8433,	6.89333
503.75,	12.9595,	6.87847
504,	13.077,	6.86443
504.25,	13.1955,	6.85123
504.5,	13.3153,	6.83887
504.75,	13.4362,	6.82735
505,	13.5583,	6.81667
505.25,	13.6816,	6.80684
505.5,	13.806,	6.79787
505.75,	13.9317,	6.78975
506,	14.0585,	6.7825
506.25,	14.1866,	6.77611
506.5,	14.3158,	6.7706
506.75,	14.4463,	6.76597
507,	14.578,	6.76222
507.25,	14.711,	6.75937
507.5,	14.8451,	6.75741
507.75,	14.9805,	6.75637
508,	15.1172,	6.75624
508.25,	15.2551,	6.75703
508.5,	15.3942,	6.75875
508.75,	15.5346,	6.76142
509,	15.6763,	6.76503
509.25,	15.8192,	6.76961
509.5,	15.9634,	6.77515
509.75,	16.1089,	6.78168
510,	16.2556,	6.7892
510.25,	16.4036,	6.79772
510.5,	16.5529,	6.80727
510.75,	16.7035,	6.81784
511,	16.8554,	6.82945
511.25,	17.0085,	6.84212
511.5,	17.1629,	6.85586
511.75,	17.3186,	6.87069
512,	17.4756,	6.88662
512.25,	17.6339,	6.90367
512.5,	17.7934,	6.92186
512.75,	17.9543,	6.94119
513,	18.1164,	6.9617
513.25,	18.2798,	6.98339
513.5,	18.4444,	7.0063
513.75,	18.6104,	7.03043
514,	18.7776,	7.05581
514.25,	18.9461,	7.08247
514.5,	19.1158,	7.11041
514.75,	19.2868,	7.13968
515,	19.459,	7.17029
515.25,	19.6325,	7.20226
515.5,	19.8072,	7.23562
515.75,	19.9831,	7.27041
516,	20.1603,	7.30663
516.25,	20.3386,	7.34434
516.5,	20.5182,	7.38355
516.75,	20.6989,	7.42429
517,	20.8808,	7.4666
517.25,	21.0639,	7.51051
517.5,	21.2481,	7.55605
517.75,	21.4334,	7.60327
518,	21.6198,	7.65218
518.25,	21.8074,	7.70284
518.5,	21.996,	7.75527
518.75,	22.1856,	7.80953
519,	22.3763,	7.86564
519.25,	22.568,	7.92366
519.5,	22.7607,	7.98363
519.75,	22.9543,	8.04559
520,	23.1489,	8.10959
520.25,	23.3444,	8.17567
520.5,	23.5408,	8.24389
520.75,	23.738,	8.3143
521,	23.9361,	8.38695
521.25,	24.1349,	8.4619
521.5,	24.3345,	8.5392
521.75,	24.5348,	8.61891
522,	24.7357,	8.70108
522.25,	24.9373,	8.7858
522.5,	25.1395,	8.8731
522.75,	25.3422,	8.96307
523,	25.5454,	9.05577
523.25,	25.749,	9.15127
523.5,	25.9531,	9.24963
523.75,	26.1575,	9.35094
524,	26.3621,	9.45528
524.25,	26.567,	9.56271
524.5,	26.7721,	9.67332
524.75,	26.9773,	9.7872
525,	27.1825,	9.90442
525.25,	27.3876,	10.0251
525.5,	27.5927,	10.1493
525.75,	27.7976,	10.2771
526,	28.0022,	10.4086
526.25,	28.2065,	10.5439
526.5,	28.4104,	10.6832
526.75,	28.6137,	10.8264
527,	28.8165,	10.9738
527.25,	29.0186,	11.1255
527.5,	29.2199,	11.2814
527.75,	29.4204,	11.4418
528,	29.6198,	11.6068
528.25,	29.8182,	11.7765
528.5,	30.0153,	11.951
528.75,	30.2111,	12.1305
529,	30.4055,	12.315
529.25,	30.5984,	12.5047
529.5,	30.7896,	12.6998
529.75,	30.9789,	12.9003
530,	31.1663,	13.1064
530.25,	31.3517,	13.3183
530.5,	31.5348,	13.5361
530.75,	31.7155,	13.7599
531,	31.8938,	13.9899
531.25,	32.0694,	14.2262
531.5,	32.2421,	14.4691
531.75,	32.4119,	14.7186
532,	32.5785,	14.9748
532.25,	32.7418,	15.2381
532.5,	32.9016,	15.5084
532.75,	33.0578,	15.786
533,	33.2101,	16.0711
533.25,	33.3583,	16.3638
533.5,	33.5024,	16.6642
533.75,	33.642,	16.9725
534,	33.777,	17.2889
534.25,	33.9073,	17.6135
534.5,	34.0325,	17.9466
534.75,	34.1525,	18.2881
535,	34.2671,	18.6384
535.25,	34.3761,	18.9975
535.5,	34.4793,	19.3656
535.75,	34.5764,	19.7428
536,	34.6673,	20.1293
536.25,	34.7517,	20.5252
536.5,	34.8295,	20.9306
536.75,	34.9004,	21.3457
537,	34.9641,	21.7704
537.25,	35.0206,	22.2051
537.5,	35.0695,	22.6496
537.75,	35.1108,	23.1042
538,	35.144,	23.5688
538.25,	35.1692,	24.0436
538.5,	35.186,	24.5286
538.75,	35.1943,	25.0237
539,	35.1939,	25.529
539.25,	35.1846,	26.0446
539.5,	35.1662,	26.5703
539.75,	35.1386,	27.1061
540,	35.1016,	27.652
540.25,	35.055,	28.2078
540.5,	34.9988,	28.7735
540.75,	34.9328,	29.3489
541,	34.8568,	29.934
541.25,	34.7708,	30.5283
541.5,	34.6747,	31.1319
541.75,	34.5684,	31.7444
542,	34.4518,	32.3656
542.25,	34.3249,	32.9952
542.5,	34.1877,	33.6328
542.75,	34.0402,	34.2782
543,	33.8822,	34.9308
543.25,	33.714,	35.5904
543.5,	33.5355,	36.2564
543.75,	33.3467,	36.9285
544,	33.1479,	37.606
544.25,	32.9389,	38.2884
544.5,	32.7201,	38.9753
544.75,	32.4914,	39.6659
545,	32.2532,	40.3598
545.25,	32.0055,	41.0561
545.5,	31.7485,	41.7543
545.75,	31.4826,	42.4536
546,	31.2078,	43.1533
546.25,	30.9246,	43.8528
546.5,	30.6331,	44.5511
546.75,	30.3336,	45.2476
547,	30.0265,	45.9414
547.25,	29.7121,	46.6317
547.5,	29.3908,	47.3178
547.75,	29.0628,	47.9987
548,	28.7286,	48.6737
548.25,	28.3885,	49.3419
548.5,	28.043,	50.0025
548.75,	27.6924,	50.6547
549,	27.3372,	51.2976
549.25,	26.9778,	51.9305
549.5,	26.6145,	52.5525
549.75,	26.2479,	53.1629
550,	25.8782,	53.7609
550.25,	25.5061,	54.3457
550.5,	25.1319,	54.9167
550.75,	24.7559,	55.4731
551,	24.3787,	56.0143
551.25,	24.0007,	56.5396
551.5,	23.6222,	57.0485
551.75,	23.2437,	57.5404
552,	22.8655,	58.0147
552.25,	22.488,	58.471
552.5,	22.1117,	58.9089
552.75,	21.7368,	59.3278
553,	21.3637,	59.7275
553.25,	20.9928,	60.1076
553.5,	20.6243,	60.4678
553.75,	20.2585,	60.8079
554,	19.8958,	61.1276
554.25,	19.5364,	61.4269
554.5,	19.1806,	61.7056
554.75,	18.8286,	61.9635
555,	18.4806,	62.2008
555.25,	18.1368,	62.4173
555.5,	17.7975,	62.613
555.75,	17.4628,	62.7882
556,	17.1329,	62.9428
556.25,	16.8078,	63.0771
556.5,	16.4878,	63.1911
556.75,	16.173,	63.2851
557,	15.8634,	63.3594
557.25,	15.5591,	63.4141
557.5,	15.2603,	63.4495
557.75,	14.9669,	63.4661
558,	14.6791,	63.464
558.25,	14.3968,	63.4436
558.5,	14.12,	63.4053
558.75,	13.8489,	63.3495
559,	13.5833,	63.2766
559.25,	13.3234,	63.187
559.5,	13.069,	63.081
559.75,	12.8201,	62.9592
560,	12.5768,	62.822
560.25,	12.339,	62.6697
560.5,	12.1066,	62.503
560.75,	11.8796,	62.3221
561,	11.6579,	62.1276
561.25,	11.4415,	61.92
561.5,	11.2303,	61.6997
561.75,	11.0242,	61.4671
562,	10.8232,	61.2227
562.25,	10.6271,	60.967
562.5,	10.436,	60.7004
562.75,	10.2498,	60.4233
563,	10.0682,	60.1363
563.25,	9.89133,	59.8397
563.5,	9.71902,	59.534
563.75,	9.55121,	59.2196
564,	9.38779,	58.897
564.25,	9.22868,	58.5664
564.5,	9.07379,	58.2284
564.75,	8.92304,	57.8833
565,	8.77633,	57.5316
565.25,	8.63357,	57.1735
565.5,	8.49469,	56.8095
565.75,	8.35958,	56.44
566,	8.22817,	56.0652
566.25,	8.10036,	55.6855
566.5,	7.97608,	55.3013
566.75,	7.85524,	54.9129
567,	7.73775,	54.5205
567.25,	7.62354,	54.1246
567.5,	7.51253,	53.7254
567.75,	7.40463,	53.3231
568,	7.29976,	52.9181
568.25,	7.19787,	52.5106
568.5,	7.09886,	52.1009
568.75,	7.00267,	51.6892
569,	6.90922,	51.2759
569.25,	6.81844,	50.861
569.5,	6.73028,	50.4449
569.75,	6.64465,	50.0277
570,	6.5615,	49.6097
570.25,	6.48076,	49.1911
570.5,	6.40238,	48.772
570.75,	6.32628,	48.3527
571,	6.25241,	47.9333
571.25,	6.18072,	47.514
571.5,	6.11114,	47.095
571.75,	6.04363,	46.6763
572,	5.97812,	46.2583
572.25,	5.91458,	45.8409
572.5,	5.85295,	45.4245
572.75,	5.79318,	45.009
573,	5.73522,	44.5946
573.25,	5.67903,	44.1814
573.5,	5.62456,	43.7696
573.75,	5.57178,	43.3592
574,	5.52063,	42.9504
574.25,	5.47108,	42.5433
574.5,	5.42309,	42.1379
574.75,	5.37662,	41.7344
575,	5.33164,	41.3327
575.25,	5.2881,	40.9331
575.5,	5.24597,	40.5356
575.75,	5.20522,	40.1402
576,	5.16581,	39.747
576.25,	5.12772,	39.3561
576.5,	5.09092,	38.9676
576.75,	5.05536,	38.5815
577,	5.02103,	38.1978
577.25,	4.9879,	37.8166
577.5,	4.95594,	37.438
577.75,	4.92511,	37.062
578,	4.89541,	36.6886
578.25,	4.8668,	36.3179
578.5,	4.83926,	35.9498
578.75,	4.81277,	35.5846
579,	4.7873,	35.222
579.25,	4.76283,	34.8623
579.5,	4.73934,	34.5054
579.75,	4.71682,	34.1514
580,	4.69523,	33.8002
580.25,	4.67457,	33.4519
580.5,	4.65482,	33.1065
580.75,	4.63595,	32.764
581,	4.61796,	32.4244
581.25,	4.60081,	32.0878
581.5,	4.58451,	31.7541
581.75,	4.56903,	31.4234
582,	4.55435,	31.0956
582.25,	4.54047,	30.7708
582.5,	4.52737,	30.4489
582.75,	4.51503,	30.1301
583,	4.50345,	29.8142
583.25,	4.49261,	29.5012
583.5,	4.4825,	29.1912
583.75,	4.47311,	28.8842
584,	4.46442,	28.5802
584.25,	4.45643,	28.279
584.5,	4.44912,	27.9809
584.75,	4.44249,	27.6857
585,	4.43653,	27.3934
585.25,	4.43122,	27.104
585.5,	4.42656,	26.8175
585.75,	4.42253,	26.534
586,	4.41914,	26.2533
586.25,	4.41637,	25.9755
586.5,	4.41422,	25.7006
586.75,	4.41267,	25.4286
587,	4.41173,	25.1593
587.25,	4.41137,	24.893
587.5,	4.41161,	24.6294
587.75,	4.41243,	24.3686
588,	4.41382,	24.1106
588.25,	4.41578,	23.8553
588.5,	4.41831,	23.6028
588.75,	4.4214,	23.3531
589,	4.42504,	23.106
589.25,	4.42923,	22.8617
589.5,	4.43396,	22.62
589.75,	4.43924,	22.381
590,	4.44505,	22.1447
590.25,	4.4514,	21.9109
590.5,	4.45828,	21.6798
590.75,	4.46568,	21.4513
591,	4.4736,	21.2253
591.25,	4.48204,	21.0019
591.5,	4.491,	20.781
591.75,	4.50048,	20.5626
592,	4.51046,	20.3467
592.25,	4.52096,	20.1333
592.5,	4.53196,	19.9223
592.75,	4.54346,	19.7137
593,	4.55547,	19.5076
593.25,	4.56798,	19.3038
593.5,	4.58099,	19.1025
593.75,	4.5945,	18.9034
594,	4.60851,	18.7067
594.25,	4.62301,	18.5123
594.5,	4.638,	18.3202
594.75,	4.65349,	18.1304
595,	4.66948,	17.9428
595.25,	4.68596,	17.7575
595.5,	4.70292,	17.5743
595.75,	4.72039,	17.3934
596,	4.73834,	17.2146
596.25,	4.75678,	17.0379
596.5,	4.77572,	16.8634
596.75,	4.79515,	16.691
597,	4.81507,	16.5206
597.25,	4.83549,	16.3524
597.5,	4.85639,	16.1862
597.75,	4.8778,	16.022
598,	4.89969,	15.8598
598.25,	4.92208,	15.6996
598.5,	4.94497,	15.5414
598.75,	4.96836,	15.3851
599,	4.99224,	15.2308
599.25,	5.01663,	15.0784
599.5,	5.04152,	14.9278
599.75,	5.0669,	14.7792
600,	5.0928,	14.6324
600.25,	5.1192,	14.4874
600.5,	5.14611,	14.3442
600.75,	5.17353,	14.2029
601,	5.20145,	14.0633
601.25,	5.2299,	13.9255
601.5,	5.25886,	13.7895
601.75,	5.28833,	13.6552
602,	5.31833,	13.5225
602.25,	5.34885,	13.3916
602.5,	5.3799,	13.2624
602.75,	5.41147,	13.1348
603,	5.44358,	13.0089
603.25,	5.47621,	12.8845
603.5,	5.50939,	12.7618
603.75,	5.5431,	12.6407
604,	5.57735,	12.5212
604.25,	5.61215,	12.4032
604.5,	5.6475,	12.2867
604.75,	5.6834,	12.1718
605,	5.71985,	12.0584
605.25,	5.75687,	11.9465
605.5,	5.79444,	11.8361
605.75,	5.83258,	11.7271
606,	5.87129,	11.6196
606.25,	5.91057,	11.5136
606.5,	5.95042,	11.4089
606.75,	5.99086,	11.3057
607,	6.03188,	11.2038
607.25,	6.07349,	11.1033
607.5,	6.11569,	11.0042
607.75,	6.15848,	10.9065
608,	6.20188,	10.81
608.25,	6.24588,	10.7149
608.5,	6.2905,	10.6211
608.75,	6.33572,	10.5286
609,	6.38156,	10.4374
609.25,	6.42803,	10.3474
609.5,	6.47512,	10.2587
609.75,	6.52285,	10.1713
610,	6.57121,	10.0851
610.25,	6.62022,	10.0001
610.5,	6.66987,	9.91626
610.75,	6.72017,	9.83365
611,	6.77113,	9.75223
611.25,	6.82275,	9.67198
611.5,	6.87504,	9.59289
611.75,	6.92801,	9.51495
612,	6.98165,	9.43815
612.25,	7.03597,	9.36247
612.5,	7.09098,	9.28791
612.75,	7.14669,	9.21445
613,	7.2031,	9.14208
613.25,	7.26021,	9.0708
613.5,	7.31803,	9.0006
613.75,	7.37658,	8.93146
614,	7.43584,	8.86337
614.25,	7.49584,	8.79632
614.5,	7.55657,	8.73031
614.75,	7.61804,	8.66533
615,	7.68026,	8.60136
615.25,	7.74323,	8.5384
615.5,	7.80696,	8.47644
615.75,	7.87146,	8.41547
616,	7.93673,	8.35548
616.25,	8.00279,	8.29646
616.5,	8.06962,	8.23841
616.75,	8.13725,	8.18132
617,	8.20568,	8.12517
617.25,	8.27492,	8.06997
617.5,	8.34496,	8.01569
617.75,	8.41583,	7.96235
618,	8.48752,	7.90992
618.25,	8.56005,	7.85841
618.5,	8.63342,	7.8078
618.75,	8.70763,	7.75809
619,	8.7827,	7.70928
619.25,	8.85863,	7.66135
619.5,	8.93543,	7.61429
619.75,	9.0131,	7.56812
620,	9.09166,	7.52281
620.25,	9.17111,	7.47836
620.5,	9.25145,	7.43477
620.75,	9.3327,	7.39203
621,	9.41487,	7.35014
621.25,	9.49796,	7.30909
621.5,	9.58197,	7.26887
621.75,	9.66692,	7.22949
622,	9.75281,	7.19093
622.25,	9.83966,	7.1532
622.5,	9.92746,	7.11629
622.75,	10.0162,	7.08019
623,	10.106,	7.0449
623.25,	10.1967,	7.01043
623.5,	10.2884,	6.97675
623.75,	10.3811,	6.94388
624,	10.4749,	6.91181
624.25,	10.5696,	6.88053
624.5,	10.6653,	6.85005
624.75,	10.7621,	6.82036
625,	10.86,	6.79145
625.25,	10.9588,	6.76334
625.5,	11.0588,	6.736
625.75,	11.1597,	6.70946
626,	11.2618,	6.68369
626.25,	11.3649,	6.6587
626.5,	11.4692,	6.6345
626.75,	11.5745,	6.61107
627,	11.6809,	6.58843
627.25,	11.7884,	6.56656
627.5,	11.8971,	6.54547
627.75,	12.0069,	6.52516
628,	12.1178,	6.50563
628.25,	12.2298,	6.48688
628.5,	12.343,	6.46891
628.75,	12.4574,	6.45172
629,	12.5729,	6.43532
629.25,	12.6896,	6.4197
629.5,	12.8075,	6.40487
629.75,	12.9266,	6.39083
630,	13.0469,	6.37757
630.25,	13.1684,	6.36512
630.5,	13.2911,	6.35346
630.75,	13.415,	6.3426
631,	13.5401,	6.33255
631.25,	13.6665,	6.3233
631.5,	13.7941,	6.31487
631.75,	13.923,	6.30726
632,	14.0531,	6.30046
632.25,	14.1845,	6.2945
632.5,	14.3172,	6.28937
632.75,	14.4511,	6.28507
633,	14.5864,	6.28162
633.25,	14.7229,	6.27902
633.5,	14.8607,	6.27728
633.75,	14.9998,	6.27641
634,	15.1402,	6.27641
634.25,	15.282,	6.27729
634.5,	15.425,	6.27906
634.75,	15.5694,	6.28173
635,	15.7151,	6.2853
635.25,	15.8622,	6.2898
635.5,	16.0106,	6.29522
635.75,	16.1603,	6.30158
636,	16.3114,	6.3089
636.25,	16.4638,	6.31717
636.5,	16.6176,	6.32642
636.75,	16.7728,	6.33665
637,	16.9293,	6.34788
637.25,	17.0872,	6.36013
637.5,	17.2464,	6.37341
637.75,	17.4071,	6.38772
638,	17.5691,	6.4031
638.25,	17.7324,	6.41955
638.5,	17.8972,	6.43709
638.75,	18.0633,	6.45574
639,	18.2308,	6.47551
639.25,	18.3996,	6.49643
639.5,	18.5698,	6.51852
639.75,	18.7414,	6.54179
640,	18.9144,	6.56627
640.25,	19.0887,	6.59197
640.5,	19.2644,	6.61892
640.75,	19.4415,	6.64715
641,	19.6199,	6.67667
641.25,	19.7996,	6.70752
641.5,	19.9807,	6.73971
641.75,	20.1632,	6.77328
642,	20.3469,	6.80825
642.25,	20.532,	6.84465
642.5,	20.7184,	6.88252
642.75,	20.906,	6.92187
643,	21.095,	6.96276
643.25,	21.2853,	7.00519
643.5,	21.4768,	7.04922
643.75,	21.6695,	7.09488
644,	21.8635,	7.1422
644.25,	22.0588,	7.19122
644.5,	22.2552,	7.24198
644.75,	22.4528,	7.29452
645,	22.6516,	7.34889
645.25,	22.8515,	7.40512
645.5,	23.0525,	7.46326
645.75,	23.2546,	7.52336
646,	23.4578,	7.58546
646.25,	23.6621,	7.64962
646.5,	23.8674,	7.71588
646.75,	24.0736,	7.7843
647,	24.2808,	7.85493
647.25,	24.489,	7.92783
647.5,	24.698,	8.00306
647.75,	24.9079,	8.08067
648,	25.1186,	8.16073
648.25,	25.3301,	8.24331
648.5,	25.5424,	8.32846
648.75,	25.7553,	8.41626
649,	25.9688,	8.50678
649.25,	26.183,	8.60009
649.5,	26.3977,	8.69627
649.75,	26.6129,	8.79539
650,	26.8285,	8.89753
650.25,	27.0445,	9.00277
650.5,	27.2608,	9.1112
650.75,	27.4774,	9.22291
651,	27.6942,	9.33799
651.25,	27.911,	9.45653
651.5,	28.1279,	9.57862
651.75,	28.3448,	9.70437
652,	28.5616,	9.83387
652.25,	28.7782,	9.96724
652.5,	28.9945,	10.1046
652.75,	29.2104,	10.246
653,	29.4259,	10.3916
653.25,	29.6409,	10.5415
653.5,	29.8551,	10.6958
653.75,	30.0687,	10.8547
654,	30.2813,	11.0183
654.25,	30.493,	11.1866
654.5,	30.7036,	11.36
654.75,	30.913,	11.5384
655,	31.1211,	11.722
655.25,	31.3277,	11.9109
655.5,	31.5327,	12.1054
655.75,	31.736,	12.3056
656,	31.9375,	12.5115
656.25,	32.1369,	12.7234
656.5,	32.3342,	12.9415
656.75,	32.5291,	13.1658
657,	32.7216,	13.3966
657.25,	32.9114,	13.634
657.5,	33.0985,	13.8782
657.75,	33.2825,	14.1294
658,	33.4634,	14.3877
658.25,	33.641,	14.6533
658.5,	33.815,	14.9265
658.75,	33.9854,	15.2073
659,	34.1518,	15.496
659.25,	34.314,	15.7928
659.5,	34.472,	16.0978
659.75,	34.6254,	16.4113
660,	34.7741,	16.7334
660.25,	34.9179,	17.0643
660.5,	35.0564,	17.4041
660.75,	35.1896,	17.7532
661,	35.3171,	18.1116
661.25,	35.4387,	18.4796
661.5,	35.5542,	18.8573
661.75,	35.6634,	19.2449
662,	35.7661,	19.6426
662.25,	35.8619,	20.0505
662.5,	35.9506,	20.4688
662.75,	36.0321,	20.8976
663,	36.106,	21.3371
663.25,	36.1721,	21.7875
663.5,	36.2302,	22.2487
663.75,	36.2801,	22.7211
664,	36.3214,	23.2046
664.25,	36.354,	23.6993
664.5,	36.3776,	24.2054
664.75,	36.3921,	24.7229
665,	36.3971,	25.2517
665.25,	36.3926,	25.7921
665.5,	36.3781,	26.3438
665.75,	36.3537,	26.907
666,	36.319,	27.4816
666.25,	36.274,	28.0674
666.5,	36.2183,	28.6646
666.75,	36.152,	29.2728
667,	36.0747,	29.8919
667.25,	35.9865,	30.5219
667.5,	35.8871,	31.1625
667.75,	35.7766,	31.8134
668,	35.6547,	32.4743
668.25,	35.5214,	33.1451
668.5,	35.3768,	33.8253
668.75,	35.2207,	34.5145
669,	35.0531,	35.2124
669.25,	34.8741,	35.9185
669.5,	34.6837,	36.6324
669.75,	34.482,	37.3534
670,	34.269,	38.0812
670.25,	34.0449,	38.815
670.5,	33.8097,	39.5542
670.75,	33.5637,	40.2982
671,	33.307,	41.0463
671.25,	33.0397,	41.7977
671.5,	32.7622,	42.5517
671.75,	32.4747,	43.3075
672,	32.1775,	44.0643
672.25,	31.8707,	44.8212
672.5,	31.5549,	45.5774
672.75,	31.2302,	46.3319
673,	30.8971,	47.0839
673.25,	30.556,	47.8324
673.5,	30.2071,	48.5765
673.75,	29.851,	49.3152
674,	29.4881,	50.0476
674.25,	29.1188,	50.7727
674.5,	28.7436,	51.4895
674.75,	28.3629,	52.1972
675,	27.9772,	52.8947
675.25,	27.587,	53.5811
675.5,	27.1927,	54.2555
675.75,	26.795,	54.917
676,	26.3942,	55.5648
676.25,	25.9908,	56.1979
676.5,	25.5854,	56.8156
676.75,	25.1784,	57.417
677,	24.7703,	58.0014
677.25,	24.3615,	58.5681
677.5,	23.9526,	59.1164
677.75,	23.5441,	59.6456
678,	23.1362,	60.1552
678.25,	22.7295,	60.6447
678.5,	22.3244,	61.1134
678.75,	21.9213,	61.561
679,	21.5206,	61.9871
679.25,	21.1226,	62.3913
679.5,	20.7277,	62.7733
679.75,	20.3362,	63.1329
680,	19.9485,	63.4698
680.25,	19.5648,	63.7838
680.5,	19.1854,	64.075
680.75,	18.8105,	64.3432
681,	18.4405,	64.5884
681.25,	18.0755,	64.8106
681.5,	17.7157,	65.0099
681.75,	17.3613,	65.1864
682,	17.0125,	65.3404
682.25,	16.6693,	65.4719
682.5,	16.332,	65.5812
682.75,	16.0006,	65.6685
683,	15.6752,	65.7342
683.25,	15.356,	65.7786
683.5,	15.0429,	65.802
683.75,	14.736,	65.8048
684,	14.4353,	65.7875
684.25,	14.141,	65.7503
684.5,	13.8528,	65.6938
684.75,	13.571,	65.6185
685,	13.2954,	65.5247
685.25,	13.026,	65.413
685.5,	12.7627,	65.2839
685.75,	12.5057,	65.1378
686,	12.2547,	64.9753
686.25,	12.0098,	64.797
686.5,	11.7708,	64.6032
686.75,	11.5377,	64.3946
687,	11.3104,	64.1716
687.25,	11.0889,	63.9349
687.5,	10.873,	63.6848
687.75,	10.6627,	63.422
688,	10.4579,	63.1469
688.25,	10.2584,	62.8601
688.5,	10.0642,	62.562
688.75,	9.87522,	62.2533
689,	9.69128,	61.9342
689.25,	9.51231,	61.6054
689.5,	9.33821,	61.2674
689.75,	9.16887,	60.9205
690,	9.00419,	60.5652
690.25,	8.84408,	60.2021
690.5,	8.68841,	59.8315
690.75,	8.5371,	59.4539
691,	8.39003,	59.0696
691.25,	8.24711,	58.6792
691.5,	8.10823,	58.2829
691.75,	7.9733,	57.8813
692,	7.84221,	57.4745
692.25,	7.71487,	57.0631
692.5,	7.59119,	56.6474
692.75,	7.47107,	56.2277
693,	7.35442,	55.8044
693.25,	7.24114,	55.3778
693.5,	7.13116,	54.9481
693.75,	7.02438,	54.5157
694,	6.92071,	54.0809
694.25,	6.82008,	53.644
694.5,	6.7224,	53.2052
694.75,	6.6276,	52.7648
695,	6.53559,	52.323
695.25,	6.44631,	51.8801
695.5,	6.35967,	51.4363
695.75,	6.27561,	50.9919
696,	6.19405,	50.547
696.25,	6.11493,	50.1019
696.5,	6.03818,	49.6568
696.75,	5.96374,	49.2118
697,	5.89154,	48.7671
697.25,	5.82153,	48.3229
697.5,	5.75364,	47.8793
697.75,	5.68782,	47.4366
698,	5.62402,	46.9949
698.25,	5.56217,	46.5543
698.5,	5.50222,	46.1149
698.75,	5.44413,	45.6769
699,	5.38785,	45.2404
699.25,	5.33332,	44.8056
699.5,	5.28051,	44.3724
699.75,	5.22936,	43.9412
700,	5.17983,	43.5118
700.25,	5.13189,	43.0845
700.5,	5.08549,	42.6594
700.75,	5.04058,	42.2364
701,	4.99714,	41.8158
701.25,	4.95513,	41.3975
701.5,	4.9145,	40.9817
701.75,	4.87523,	40.5684
702,	4.83728,	40.1576
702.25,	4.80062,	39.7495
702.5,	4.76522,	39.3441
702.75,	4.73104,	38.9414
703,	4.69806,	38.5415
703.25,	4.66625,	38.1445
703.5,	4.63558,	37.7503
703.75,	4.60603,	37.359
704,	4.57757,	36.9707
704.25,	4.55017,	36.5854
704.5,	4.52381,	36.2031
704.75,	4.49847,	35.8238
705,	4.47413,	35.4476
705.25,	4.45076,	35.0745
705.5,	4.42834,	34.7045
705.75,	4.40685,	34.3376
706,	4.38627,	33.9739
706.25,	4.36659,	33.6133
706.5,	4.34779,	33.2558
706.75,	4.32984,	32.9016
707,	4.31273,	32.5505
707.25,	4.29645,	32.2026
707.5,	4.28098,	31.858
707.75,	4.2663,	31.5165
708,	4.2524,	31.1782
708.25,	4.23926,	30.8431
708.5,	4.22688,	30.5112
708.75,	4.21523,	30.1825
709,	4.20431,	29.857
709.25,	4.1941,	29.5347
709.5,	4.18459,	29.2155
709.75,	4.17577,	28.8995
710,	4.16763,	28.5867
710.25,	4.16015,	28.2771
710.5,	4.15334,	27.9705
710.75,	4.14717,	27.6672
711,	4.14164,	27.3669
711.25,	4.13673,	27.0697
711.5,	4.13245,	26.7757
711.75,	4.12878,	26.4847
712,	4.12572,	26.1968
712.25,	4.12325,	25.9119
712.5,	4.12137,	25.63
712.75,	4.12007,	25.3512
713,	4.11935,	25.0754
713.25,	4.11919,	24.8026
713.5,	4.1196,	24.5327
713.75,	4.12056,	24.2658
714,	4.12208,	24.0018
714.25,	4.12413,	23.7407
714.5,	4.12673,	23.4825
714.75,	4.12986,	23.2272
715,	4.13352,	22.9747
715.25,	4.13771,	22.725
715.5,	4.14241,	22.4782
715.75,	4.14764,	22.2341
716,	4.15337,	21.9928
716.25,	4.15962,	21.7543
716.5,	4.16637,	21.5185
716.75,	4.17362,	21.2853
717,	4.18137,	21.0549
717.25,	4.18962,	20.8271
717.5,	4.19836,	20.602
717.75,	4.2076,	20.3794
718,	4.21732,	20.1595
718.25,	4.22752,	19.9421
718.5,	4.23821,	19.7273
718.75,	4.24939,	19.515
719,	4.26104,	19.3052
719.25,	4.27317,	19.0979
719.5,	4.28579,	18.893
719.75,	4.29887,	18.6906
720,	4.31243,	18.4906
720.25,	4.32647,	18.2929
720.5,	4.34098,	18.0977
720.75,	4.35596,	17.9048
721,	4.37141,	17.7142
721.25,	4.38734,	17.5259
721.5,	4.40373,	17.3399
721.75,	4.4206,	17.1562
722,	4.43794,	16.9747
722.25,	4.45574,	16.7954
722.5,	4.47402,	16.6183
722.75,	4.49277,	16.4434
723,	4.51199,	16.2706
723.25,	4.53169,	16.1
723.5,	4.55185,	15.9314
723.75,	4.57249,	15.765
724,	4.59361,	15.6006
724.25,	4.6152,	15.4382
724.5,	4.63726,	15.2779
724.75,	4.6598,	15.1196
725,	4.68282,	14.9633
725.25,	4.70632,	14.8089
725.5,	4.7303,	14.6564
725.75,	4.75477,	14.5059
726,	4.77972,	14.3573
726.25,	4.80515,	14.2106
726.5,	4.83107,	14.0657
726.75,	4.85749,	13.9227
727,	4.88439,	13.7815
727.25,	4.91179,	13.642
727.5,	4.93968,	13.5044
727.75,	4.96807,	13.3686
728,	4.99697,	13.2345
728.25,	5.02636,	13.1021
728.5,	5.05626,	12.9714
728.75,	5.08667,	12.8424
729,	5.1176,	12.7151
729.25,	5.14903,	12.5894
729.5,	5.18098,	12.4654
729.75,	5.21345,	12.343
730,	5.24645,	12.2222
730.25,	5.27996,	12.103
730.5,	5.31401,	11.9854
730.75,	5.34859,	11.8693
731,	5.38371,	11.7547
731.25,	5.41936,	11.6417
731.5,	5.45556,	11.5302
731.75,	5.4923,	11.4201
732,	5.52959,	11.3115
732.25,	5.56744,	11.2044
732.5,	5.60584,	11.0987
732.75,	5.64481,	10.9945
733,	5.68434,	10.8916
733.25,	5.72443,	10.7901
733.5,	5.76511,	10.6901
733.75,	5.80636,	10.5913
734,	5.84819,	10.494
734.25,	5.8906,	10.3979
734.5,	5.93361,	10.3032
734.75,	5.97721,	10.2098
735,	6.02142,	10.1177
735.25,	6.06622,	10.0268
735.5,	6.11164,	9.93725
735.75,	6.15767,	9.84892
736,	6.20431,	9.76184
736.25,	6.25158,	9.67597
736.5,	6.29948,	9.59132
736.75,	6.34802,	9.50787
737,	6.39719,	9.42561
737.25,	6.44701,	9.34453
737.5,	6.49747,	9.2646
737.75,	6.54859,	9.18583
738,	6.60037,	9.1082
738.25,	6.65282,	9.03169
738.5,	6.70594,	8.9563
738.75,	6.75973,	8.88202
739,	6.81421,	8.80883
739.25,	6.86937,	8.73672
739.5,	6.92523,	8.66568
739.75,	6.98179,	8.59571
740,	7.03906,	8.52679
740.25,	7.09703,	8.45891
740.5,	7.15573,	8.39206
740.75,	7.21515,	8.32623
741,	7.2753,	8.26141
741.25,	7.33619,	8.19759
741.5,	7.39782,	8.13477
741.75,	7.46021,	8.07293
742,	7.52335,	8.01206
742.25,	7.58725,	7.95215
742.5,	7.65192,	7.89321
742.75,	7.71737,	7.83521
743,	7.78361,	7.77815
743.25,	7.85063,	7.72202
743.5,	7.91845,	7.66681
743.75,	7.98708,	7.61252
744,	8.05652,	7.55913
744.25,	8.12677,	7.50664
744.5,	8.19785,	7.45505
744.75,	8.26977,	7.40434
745,	8.34253,	7.3545
745.25,	8.41613,	7.30554
745.5,	8.49059,	7.25744
745.75,	8.56591,	7.2102
746,	8.6421,	7.16381
746.25,	8.71918,	7.11826
746.5,	8.79713,	7.07356
746.75,	8.87598,	7.02968
747,	8.95574,	6.98663
747.25,	9.0364,	6.9444
747.5,	9.11798,	6.90299
747.75,	9.20048,	6.86238
748,	9.28392,	6.82258
748.25,	9.3683,	6.78359
748.5,	9.45362,	6.74538
748.75,	9.53991,	6.70797
749,	9.62716,	6.67134
749.25,	9.71539,	6.6355
749.5,	9.8046,	6.60043
749.75,	9.8948,	6.56614
750,	9.986,	6.53262
750.25,	10.0782,	6.49987
750.5,	10.1714,	6.46788
750.75,	10.2657,	6.43664
751,	10.361,	6.40617
751.25,	10.4573,	6.37645
751.5,	10.5547,	6.34749
751.75,	10.6531,	6.31927
752,	10.7526,	6.2918
752.25,	10.8532,	6.26508
752.5,	10.9548,	6.2391
752.75,	11.0576,	6.21386
753,	11.1615,	6.18936
753.25,	11.2665,	6.1656
753.5,	11.3726,	6.14258
753.75,	11.4798,	6.1203
754,	11.5881,	6.09876
754.25,	11.6977,	6.07795
754.5,	11.8083,	6.05788
754.75,	11.9202,	6.03854
755,	12.0332,	6.01995
755.25,	12.1474,	6.00209
755.5,	12.2628,	5.98496
755.75,	12.3794,	5.96858
756,	12.4972,	5.95294
756.25,	12.6162,	5.93804
756.5,	12.7364,	5.92389
756.75,	12.8579,	5.91048
757,	12.9806,	5.89782
757.25,	13.1046,	5.88591
757.5,	13.2298,	5.87475
757.75,	13.3564,	5.86435
758,	13.4841,	5.85471
758.25,	13.6132,	5.84584
758.5,	13.7436,	5.83773
758.75,	13.8753,	5.83039
759,	14.0083,	5.82384
759.25,	14.1426,	5.81806
759.5,	14.2782,	5.81307
759.75,	14.4152,	5.80888
760,	14.5535,	5.80548
760.25,	14.6932,	5.80289
760.5,	14.8342,	5.80111
760.75,	14.9766,	5.80015
761,	15.1204,	5.80001
761.25,	15.2656,	5.80071
761.5,	15.4121,	5.80225
761.75,	15.56,	5.80464
762,	15.7094,	5.80789
762.25,	15.8601,	5.81201
762.5,	16.0123,	5.81701
762.75,	16.1659,	5.8229
763,	16.3209,	5.82969
763.25,	16.4773,	5.83739
763.5,	16.6352,	5.84601
763.75,	16.7945,	5.85557
764,	16.9553,	5.86608
764.25,	17.1175,	5.87755
764.5,	17.2811,	5.88999
764.75,	17.4463,	5.90343
765,	17.6128,	5.91787
765.25,	17.7809,	5.93333
765.5,	17.9504,	5.94983
765.75,	18.1214,	5.96739
766,	18.2938,	5.98602
766.25,	18.4678,	6.00573
766.5,	18.6431,	6.02656
766.75,	18.82,	6.04851
767,	18.9983,	6.07162
767.25,	19.1781,	6.0959
767.5,	19.3594,	6.12137
767.75,	19.5422,	6.14805
768,	19.7264,	6.17598
768.25,	19.912,	6.20517
768.5,	20.0991,	6.23565
768.75,	20.2877,	6.26744
769,	20.4777,	6.30058
769.25,	20.6692,	6.3351
769.5,	20.8621,	6.37101
769.75,	21.0564,	6.40836
770,	21.2522,	6.44717
770.25,	21.4493,	6.48748
770.5,	21.6478,	6.52932
770.75,	21.8478,	6.57272
771,	22.0491,	6.61773
771.25,	22.2517,	6.66438
771.5,	22.4557,	6.71271
771.75,	22.661,	6.76276
772,	22.8677,	6.81457
772.25,	23.0756,	6.86818
772.5,	23.2848,	6.92365
772.75,	23.4953,	6.98101
773,	23.7069,	7.04031
773.25,	23.9198,	7.10161
773.5,	24.1339,	7.16496
773.75,	24.3491,	7.2304
774,	24.5654,	7.298
774.25,	24.7829,	7.36781
774.5,	25.0014,	7.43989
774.75,	25.2209,	7.5143
775,	25.4414,	7.5911
775.25,	25.6628,	7.67036
775.5,	25.8852,	7.75215
775.75,	26.1084,	7.83653
776,	26.3325,	7.92358
776.25,	26.5573,	8.01338
776.5,	26.7829,	8.10599
776.75,	27.0091,	8.2015
777,	27.236,	8.29999
777.25,	27.4634,	8.40155
777.5,	27.6913,	8.50626
777.75,	27.9197,	8.61422
778,	28.1484,	8.72551
778.25,	28.3775,	8.84024
778.5,	28.6068,	8.9585
778.75,	28.8362,	9.0804
779,	29.0657,	9.20603
779.25,	29.2953,	9.33552
779.5,	29.5247,	9.46898
779.75,	29.754,	9.60651
780,	29.983,	9.74825
780.25,	30.2116,	9.8943
780.5,	30.4398,	10.0448
780.75,	30.6674,	10.1999
781,	30.8944,	10.3597
781.25,	31.1205,	10.5244
781.5,	31.3458,	10.694
781.75,	31.57,	10.8688
782,	31.7931,	11.0489
782.25,	32.0148,	11.2345
782.5,	32.2352,	11.4256
782.75,	32.454,	11.6225
783,	32.671,	11.8254
783.25,	32.8863,	12.0344
783.5,	33.0994,	12.2496
783.75,	33.3105,	12.4713
784,	33.5191,	12.6997
784.25,	33.7253,	12.9349
784.5,	33.9287,	13.1771
784.75,	34.1293,	13.4265
785,	34.3268,	13.6834
785.25,	34.521,	13.9478
785.5,	34.7118,	14.2201
785.75,	34.8989,	14.5004
786,	35.0821,	14.7889
786.25,	35.2612,	15.0859
786.5,	35.436,	15.3916
786.75,	35.6062,	15.7061
787,	35.7717,	16.0298
787.25,	35.9321,	16.3627
787.5,	36.0873,	16.7052
787.75,	36.237,	17.0575
788,	36.3809,	17.4198
788.25,	36.5188,	17.7922
788.5,	36.6504,	18.1751
788.75,	36.7755,	18.5686
789,	36.8937,	18.9729
789.25,	37.0049,	19.3883
789.5,	37.1087,	19.8149
789.75,	37.2049,	20.253
790,	37.2932,	20.7027
790.25,	37.3734,	21.1643
790.5,	37.4451,	21.6378
790.75,	37.508,	22.1234
791,	37.5619,	22.6214
791.25,	37.6066,	23.1318
791.5,	37.6417,	23.6547
791.75,	37.6671,	24.1903
792,	37.6823,	24.7386
792.25,	37.6872,	25.2998
792.5,	37.6816,	25.8737
792.75,	37.6651,	26.4606
793,	37.6376,	27.0603
793.25,	37.5989,	27.6729
793.5,	37.5486,	28.2983
793.75,	37.4867,	28.9364
794,	37.4129,	29.5871
794.25,	37.3271,	30.2502
794.5,	37.2291,	30.9256
794.75,	37.1188,	31.613
795,	36.9961,	32.3123
795.25,	36.8608,	33.023
795.5,	36.7129,	33.7449
795.75,	36.5524,	34.4776
796,	36.3792,	35.2207
796.25,	36.1933,	35.9737
796.5,	35.9947,	36.7361
796.75,	35.7835,	37.5074
797,	35.5597,	38.2869
797.25,	35.3235,	39.0741
797.5,	35.0749,	39.8682
797.75,	34.8141,	40.6685
798,	34.5414,	41.4743
798.25,	34.2569,	42.2848
798.5,	33.9608,	43.0991
798.75,	33.6535,	43.9163
799,	33.3352,	44.7355
799.25,	33.0062,	45.5557
799.5,	32.667,	46.376
799.75,	32.3179,	47.1953
800,	31.9592,	48.0126
800.25,	31.5915,	48.8269
800.5,	31.2151,	49.637
800.75,	30.8306,	50.4419
801,	30.4384,	51.2404
801.25,	30.039,	52.0315
801.5,	29.633,	52.814
801.75,	29.2209,	53.5868
802,	28.8033,	54.3489
802.25,	28.3806,	55.099
802.5,	27.9535,	55.8363
802.75,	27.5225,	56.5596
803,	27.0882,	57.2678
803.25,	26.6512,	57.9601
803.5,	26.2119,	58.6354
803.75,	25.7711,	59.2928
804,	25.3292,	59.9315
804.25,	24.8868,	60.5505
804.5,	24.4445,	61.1492
804.75,	24.0026,	61.7267
805,	23.5619,	62.2824
805.25,	23.1227,	62.8157
805.5,	22.6855,	63.3259
805.75,	22.2507,	63.8126
806,	21.8189,	64.2753
806.25,	21.3905,	64.7136
806.5,	20.9657,	65.1271
806.75,	20.5451,	65.5156
807,	20.1289,	65.8789
807.25,	19.7174,	66.2168
807.5,	19.3111,	66.5292
807.75,	18.9101,	66.816
808,	18.5147,	67.0772
808.25,	18.1252,	67.313
808.5,	17.7418,	67.5234
808.75,	17.3645,	67.7085
809,	16.9937,	67.8686
809.25,	16.6295,	68.0039
809.5,	16.2719,	68.1147
809.75,	15.9211,	68.2014
810,	15.5772,	68.2642
810.25,	15.2403,	68.3036
810.5,	14.9103,	68.32
810.75,	14.5873,	68.3139
811,	14.2714,	68.2857
811.25,	13.9625,	68.2359
811.5,	13.6607,	68.1651
811.75,	13.3659,	68.0738
812,	13.078,	67.9626
812.25,	12.7971,	67.832
812.5,	12.523,	67.6825
812.75,	12.2557,	67.5149
813,	11.9952,	67.3296
813.25,	11.7413,	67.1273
813.5,	11.494,	66.9086
813.75,	11.2532,	66.674
814,	11.0187,	66.4242
814.25,	10.7905,	66.1597
814.5,	10.5684,	65.8812
814.75,	10.3524,	65.5893
815,	10.1423,	65.2844
815.25,	9.938,	64.9673
815.5,	9.7394,	64.6384
815.75,	9.54637,	64.2984
816,	9.3588,	63.9477
816.25,	9.17654,	63.587
816.5,	8.9995,	63.2167
816.75,	8.82753,	62.8374
817,	8.66053,	62.4495
817.25,	8.49836,	62.0536
817.5,	8.34091,	61.6501
817.75,	8.18806,	61.2396
818,	8.0397,	60.8224
818.25,	7.8957,	60.3991
818.5,	7.75595,	59.97
818.75,	7.62033,	59.5356
819,	7.48875,	59.0962
819.25,	7.36108,	58.6523
819.5,	7.23722,	58.2043
819.75,	7.11707,	57.7525
820,	7.00052,	57.2972
820.25,	6.88747,	56.8389
820.5,	6.77782,	56.3778
820.75,	6.67149,	55.9142
821,	6.56836,	55.4485
821.25,	6.46837,	54.981
821.5,	6.3714,	54.5119
821.75,	6.27739,	54.0416
822,	6.18623,	53.5702
822.25,	6.09786,	53.098
822.5,	6.01219,	52.6253
822.75,	5.92915,	52.1524
823,	5.84865,	51.6793
823.25,	5.77063,	51.2064
823.5,	5.69502,	50.7338
823.75,	5.62174,	50.2617
824,	5.55074,	49.7903
824.25,	5.48193,	49.3198
824.5,	5.41527,	48.8504
824.75,	5.3507,	48.3822
825,	5.28814,	47.9153
825.25,	5.22755,	47.45
825.5,	5.16887,	46.9863
825.75,	5.11205,	46.5244
826,	5.05703,	46.0643
826.25,	5.00377,	45.6063
826.5,	4.95222,	45.1504
826.75,	4.90232,	44.6968
827,	4.85404,	44.2454
827.25,	4.80733,	43.7965
827.5,	4.76215,	43.3501
827.75,	4.71846,	42.9063
828,	4.67621,	42.4652
828.25,	4.63538,	42.0267
828.5,	4.59592,	41.5912
828.75,	4.55779,	41.1584
829,	4.52097,	40.7287
829.25,	4.48541,	40.3019
829.5,	4.45109,	39.8781
829.75,	4.41798,	39.4574
830,	4.38605,	39.0399
830.25,	4.35526,	38.6255
830.5,	4.32559,	38.2144
830.75,	4.29701,	37.8064
831,	4.26949,	37.4018
831.25,	4.24302,	37.0005
831.5,	4.21756,	36.6025
831.75,	4.19309,	36.2078
832,	4.16959,	35.8165
832.25,	4.14704,	35.4286
832.5,	4.12542,	35.0441
832.75,	4.1047,	34.663
833,	4.08487,	34.2853
833.25,	4.0659,	33.9111
833.5,	4.04779,	33.5403
833.75,	4.0305,	33.173
834,	4.01403,	32.8091
834.25,	3.99836,	32.4486
834.5,	3.98347,	32.0917
834.75,	3.96934,	31.7381
835,	3.95597,	31.388
835.25,	3.94334,	31.0414
835.5,	3.93142,	30.6982
835.75,	3.92022,	30.3584
836,	3.90972,	30.022
836.25,	3.8999,	29.6891
836.5,	3.89076,	29.3595
836.75,	3.88228,	29.0333
837,	3.87445,	28.7106
837.25,	3.86726,	28.3911
837.5,	3.8607,	28.0751
837.75,	3.85477,	27.7623
838,	3.84944,	27.4529
838.25,	3.84472,	27.1468
838.5,	3.8406,	26.844
838.75,	3.83705,	26.5444
839,	3.83409,	26.2481
839.25,	3.8317,	25.955
839.5,	3.82987,	25.6651
839.75,	3.8286,	25.3785
840,	3.82787,	25.0949
840.25,	3.82769,	24.8146
840.5,	3.82804,	24.5373
840.75,	3.82893,	24.2632
841,	3.83034,	23.9922
841.25,	3.83227,	23.7242
841.5,	3.83472,	23.4592
841.75,	3.83767,	23.1973
842,	3.84113,	22.9384
842.25,	3.84509,	22.6824
842.5,	3.84954,	22.4294
842.75,	3.85449,	22.1793
843,	3.85993,	21.9321
843.25,	3.86585,	21.6878
843.5,	3.87225,	21.4463
843.75,	3.87913,	21.2076
844,	3.88649,	20.9718
844.25,	3.89431,	20.7387
844.5,	3.90261,	20.5084
844.75,	3.91138,	20.2808
845,	3.92061,	20.0559
845.25,	3.9303,	19.8337
845.5,	3.94045,	19.6142
845.75,	3.95106,	19.3972
846,	3.96213,	19.1829
846.25,	3.97365,	18.9712
846.5,	3.98563,	18.762
846.75,	3.99806,	18.5553
847,	4.01095,	18.3512
847.25,	4.02428,	18.1495
847.5,	4.03806,	17.9503
847.75,	4.0523,	17.7536
848,	4.06698,	17.5592
848.25,	4.08211,	17.3672
848.5,	4.09769,	17.1776
848.75,	4.11372,	16.9903
849,	4.13019,	16.8054
849.25,	4.14711,	16.6227
849.5,	4.16449,	16.4423
849.75,	4.1823,	16.2641
850,	4.20057,	16.0882
850.25,	4.21929,	15.9145
850.5,	4.23846,	15.7429
850.75,	4.25807,	15.5735
851,	4.27814,	15.4062
851.25,	4.29867,	15.241
851.5,	4.31964,	15.0779
851.75,	4.34107,	14.9169
852,	4.36296,	14.7579
852.25,	4.3853,	14.6009
852.5,	4.4081,	14.4459
852.75,	4.43136,	14.2929
853,	4.45509,	14.1418
853.25,	4.47927,	13.9927
853.5,	4.50393,	13.8455
853.75,	4.52905,	13.7002
854,	4.55463,	13.5567
854.25,	4.58069,	13.4151
854.5,	4.60723,	13.2753
854.75,	4.63424,	13.1374
855,	4.66172,	13.0012
855.25,	4.68969,	12.8668
855.5,	4.71814,	12.7341
855.75,	4.74708,	12.6032
856,	4.7765,	12.474
856.25,	4.80642,	12.3464
856.5,	4.83683,	12.2206
856.75,	4.86773,	12.0964
857,	4.89914,	11.9738
857.25,	4.93105,	11.8529
857.5,	4.96346,	11.7335
857.75,	4.99639,	11.6158
858,	5.02982,	11.4996
858.25,	5.06377,	11.3849
858.5,	5.09825,	11.2718
858.75,	5.13324,	11.1602
859,	5.16876,	11.0501
859.25,	5.20481,	10.9414
859.5,	5.2414,	10.8343
859.75,	5.27852,	10.7285
860,	5.31619,	10.6242
860.25,	5.3544,	10.5214
860.5,	5.39317,	10.4199
860.75,	5.43248,	10.3198
861,	5.47236,	10.221
861.25,	5.5128,	10.1236
861.5,	5.5538,	10.0276
861.75,	5.59538,	9.93288
862,	5.63753,	9.83947
862.25,	5.68026,	9.74734
862.5,	5.72358,	9.6565
862.75,	5.76749,	9.56692
863,	5.812,	9.4786
863.25,	5.8571,	9.39151
863.5,	5.90281,	9.30564
863.75,	5.94913,	9.22099
864,	5.99607,	9.13753
864.25,	6.04363,	9.05526
864.5,	6.09181,	8.97415
864.75,	6.14062,	8.89421
865,	6.19007,	8.81541
865.25,	6.24016,	8.73775
865.5,	6.2909,	8.66121
865.75,	6.3423,	8.58578
866,	6.39435,	8.51144
866.25,	6.44706,	8.4382
866.5,	6.50045,	8.36603
866.75,	6.55452,	8.29492
867,	6.60926,	8.22486
867.25,	6.6647,	8.15585
867.5,	6.72083,	8.08787
867.75,	6.77766,	8.02091
868,	6.8352,	7.95496
868.25,	6.89345,	7.89001
868.5,	6.95243,	7.82605
868.75,	7.01213,	7.76307
869,	7.07256,	7.70106
869.25,	7.13373,	7.64001
869.5,	7.19566,	7.57991
869.75,	7.25833,	7.52075
870,	7.32177,	7.46253
870.25,	7.38597,	7.40523
870.5,	7.45095,	7.34885
870.75,	7.5167,	7.29337
871,	7.58325,	7.23879
871.25,	7.6506,	7.1851
871.5,	7.71874,	7.1323
871.75,	7.7877,	7.08036
872,	7.85748,	7.0293
872.25,	7.92808,	6.97909
872.5,	7.99952,	6.92974
872.75,	8.07179,	6.88122
873,	8.14492,	6.83355
873.25,	8.2189,	6.78671
873.5,	8.29375,	6.74068
873.75,	8.36947,	6.69548
874,	8.44606,	6.65108
874.25,	8.52355,	6.60749
874.5,	8.60194,	6.5647
874.75,	8.68123,	6.5227
875,	8.76143,	6.48148
875.25,	8.84255,	6.44105
875.5,	8.92461,	6.40139
875.75,	9.0076,	6.3625
876,	9.09154,	6.32437
876.25,	9.17644,	6.287
876.5,	9.2623,	6.25039
876.75,	9.34913,	6.21453
877,	9.43694,	6.17941
877.25,	9.52575,	6.14503
877.5,	9.61555,	6.11139
877.75,	9.70636,	6.07849
878,	9.79819,	6.04631
878.25,	9.89105,	6.01486
878.5,	9.98494,	5.98413
878.75,	10.0799,	5.95412
879,	10.1759,	5.92482
879.25,	10.2729,	5.89624
879.5,	10.371,	5.86837
879.75,	10.4703,	5.84121
880,	10.5705,	5.81475
880.25,	10.6719,	5.78899
880.5,	10.7745,	5.76393
880.75,	10.8781,	5.73958
881,	10.9828,	5.71592
881.25,	11.0887,	5.69296
881.5,	11.1958,	5.67069
881.75,	11.304,	5.64912
882,	11.4134,	5.62824
882.25,	11.5239,	5.60805
882.5,	11.6356,	5.58856
882.75,	11.7486,	5.56976
883,	11.8627,	5.55165
883.25,	11.9781,	5.53423
883.5,	12.0947,	5.51751
883.75,	12.2125,	5.50148
884,	12.3315,	5.48614
884.25,	12.4519,	5.4715
884.5,	12.5734,	5.45756
884.75,	12.6963,	5.44432
885,	12.8204,	5.43177
885.25,	12.9459,	5.41994
885.5,	13.0726,	5.4088
885.75,	13.2007,	5.39838
886,	13.33,	5.38866
886.25,	13.4608,	5.37967
886.5,	13.5928,	5.37138
886.75,	13.7262,	5.36383
887,	13.861,	5.35699
887.25,	13.9971,	5.35089
887.5,	14.1346,	5.34553
887.75,	14.2735,	5.3409
888,	14.4138,	5.33702
888.25,	14.5555,	5.33389
888.5,	14.6987,	5.33152
888.75,	14.8432,	5.32991
889,	14.9892,	5.32908
889.25,	15.1366,	5.32902
889.5,	15.2855,	5.32975
889.75,	15.4358,	5.33127
890,	15.5876,	5.33359
890.25,	15.7409,	5.33673
890.5,	15.8957,	5.34068
890.75,	16.0519,	5.34547
891,	16.2097,	5.35109
891.25,	16.3689,	5.35756
891.5,	16.5297,	5.3649
891.75,	16.692,	5.3731
892,	16.8558,	5.38219
892.25,	17.0211,	5.39218
892.5,	17.188,	5.40308
892.75,	17.3564,	5.4149
893,	17.5264,	5.42766
893.25,	17.6979,	5.44137
893.5,	17.8709,	5.45605
893.75,	18.0456,	5.47172
894,	18.2218,	5.48838
894.25,	18.3996,	5.50607
894.5,	18.5789,	5.52478
894.75,	18.7598,	5.54456
895,	18.9423,	5.5654
895.25,	19.1264,	5.58734
895.5,	19.312,	5.6104
895.75,	19.4992,	5.63459
896,	19.688,	5.65994
896.25,	19.8784,	5.68648
896.5,	20.0704,	5.71422
896.75,	20.2639,	5.74319
897,	20.459,	5.77342
897.25,	20.6557,	5.80494
897.5,	20.854,	5.83777
897.75,	21.0538,	5.87194
898,	21.2551,	5.90749
898.25,	21.458,	5.94444
898.5,	21.6625,	5.98283
898.75,	21.8685,	6.02269
899,	22.076,	6.06406
899.25,	22.285,	6.10697
899.5,	22.4955,	6.15146
899.75,	22.7075,	6.19757
900,	22.921,	6.24533
900.25,	23.1359,	6.2948
900.5,	23.3523,	6.34602
900.75,	23.5701,	6.39902
901,	23.7893,	6.45386
901.25,	24.0099,	6.51059
901.5,	24.2319,	6.56925
901.75,	24.4552,	6.62989
902,	24.6798,	6.69258
902.25,	24.9057,	6.75736
902.5,	25.1329,	6.8243
902.75,	25.3613,	6.89345
903,	25.5909,	6.96487
903.25,	25.8217,	7.03864
903.5,	26.0536,	7.11481
903.75,	26.2865,	7.19345
904,	26.5206,	7.27464
904.25,	26.7556,	7.35845
904.5,	26.9916,	7.44495
904.75,	27.2285,	7.53423
905,	27.4663,	7.62636
905.25,	27.7049,	7.72143
905.5,	27.9443,	7.81953
905.75,	28.1843,	7.92075
906,	28.425,	8.02518
906.25,	28.6663,	8.13292
906.5,	28.908,	8.24407
906.75,	29.1502,	8.35872
907,	29.3928,	8.477
907.25,	29.6356,	8.59901
907.5,	29.8786,	8.72486
907.75,	30.1217,	8.85467
908,	30.3649,	8.98857
908.25,	30.608,	9.12668
908.5,	30.8509,	9.26913
908.75,	31.0936,	9.41606
909,	31.3359,	9.56759
909.25,	31.5777,	9.72389
909.5,	31.8189,	9.88509
909.75,	32.0593,	10.0513
910,	32.2989,	10.2228
910.25,	32.5376,	10.3997
910.5,	32.7751,	10.582
910.75,	33.0114,	10.7701
911,	33.2463,	10.9641
911.25,	33.4796,	11.1642
911.5,	33.7112,	11.3705
911.75,	33.9409,	11.5832
912,	34.1686,	11.8026
912.25,	34.3941,	12.0289
912.5,	34.6171,	12.2622
912.75,	34.8376,	12.5027
913,	35.0553,	12.7507
913.25,	35.27,	13.0065
913.5,	35.4815,	13.2701
913.75,	35.6896,	13.5419
914,	35.8941,	13.8221
914.25,	36.0947,	14.1109
914.5,	36.2912,	14.4085
914.75,	36.4834,	14.7153
915,	36.671,	15.0314
915.25,	36.8538,	15.3572
915.5,	37.0315,	15.6928
915.75,	37.2038,	16.0385
916,	37.3705,	16.3947
916.25,	37.5313,	16.7614
916.5,	37.6859,	17.1391
916.75,	37.834,	17.5279
917,	37.9754,	17.9281
917.25,	38.1097,	18.34
917.5,	38.2366,	18.7639
917.75,	38.3558,	19.1999
918,	38.467,	19.6483
918.25,	38.5699,	20.1094
918.5,	38.6643,	20.5834
918.75,	38.7496,	21.0704
919,	38.8258,	21.5709
919.25,	38.8924,	22.0848
919.5,	38.949,	22.6125
919.75,	38.9955,	23.154
920,	39.0315,	23.7096
920.25,	39.0567,	24.2794
920.5,	39.0708,	24.8635
920.75,	39.0735,	25.4619
921,	39.0644,	26.0749
921.25,	39.0434,	26.7024
921.5,	39.0102,	27.3444
921.75,	38.9645,	28.0009
922,	38.906,	28.672
922.25,	38.8346,	29.3574
922.5,	38.75,	30.0571
922.75,	38.652,	30.771
923,	38.5405,	31.4988
923.25,	38.4152,	32.2403
923.5,	38.2762,	32.9952
923.75,	38.1231,	33.7632
924,	37.9561,	34.5439
924.25,	37.775,	35.3369
924.5,	37.5797,	36.1417
924.75,	37.3704,	36.9577
925,	37.147,	37.7845
925.25,	36.9095,	38.6213
925.5,	36.6581,	39.4675
925.75,	36.393,	40.3223
926,	36.1141,	41.1849
926.25,	35.8219,	42.0545
926.5,	35.5164,	42.9301
926.75,	35.198,	43.8109
927,	34.867,	44.6958
927.25,	34.5236,	45.5838
927.5,	34.1683,	46.4737
927.75,	33.8014,	47.3646
928,	33.4234,	48.2551
928.25,	33.0348,	49.1441
928.5,	32.636,	50.0304
928.75,	32.2276,	50.9127
929,	31.81,	51.7898
929.25,	31.3839,	52.6604
929.5,	30.9499,	53.5232
929.75,	30.5085,	54.3769
930,	30.0604,	55.2202
930.25,	29.6061,	56.0518
930.5,	29.1465,	56.8705
930.75,	28.682,	57.6751
931,	28.2134,	58.4642
931.25,	27.7414,	59.2367
931.5,	27.2665,	59.9914
931.75,	26.7894,	60.7273
932,	26.3109,	61.4433
932.25,	25.8314,	62.1382
932.5,	25.3518,	62.8113
932.75,	24.8725,	63.4615
933,	24.3942,	64.088
933.25,	23.9174,	64.6901
933.5,	23.4428,	65.2669
933.75,	22.9708,	65.818
934,	22.502,	66.3426
934.25,	22.0368,	66.8403
934.5,	21.5758,	67.3106
934.75,	21.1194,	67.7533
935,	20.6679,	68.1679
935.25,	20.2218,	68.5542
935.5,	19.7814,	68.9122
935.75,	19.3471,	69.2417
936,	18.9191,	69.5427
936.25,	18.4978,	69.8153
936.5,	18.0833,	70.0595
936.75,	17.6759,	70.2755
937,	17.2757,	70.4635
937.25,	16.883,	70.6239
937.5,	16.4979,	70.7569
937.75,	16.1205,	70.8629
938,	15.7508,	70.9423
938.25,	15.389,	70.9955
938.5,	15.0351,	71.0231
938.75,	14.6891,	71.0256
939,	14.351,	71.0036
939.25,	14.0209,	70.9575
939.5,	13.6988,	70.888
939.75,	13.3845,	70.7958
940,	13.078,	70.6814
940.25,	12.7793,	70.5455
940.5,	12.4883,	70.3889
940.75,	12.2048,	70.2121
941,	11.9289,	70.0158
941.25,	11.6604,	69.8008
941.5,	11.3992,	69.5677
941.75,	11.1452,	69.3172
942,	10.8983,	69.05
942.25,	10.6582,	68.7668
942.5,	10.425,	68.4682
942.75,	10.1984,	68.155
943,	9.97835,	67.8277
943.25,	9.76468,	67.4871
943.5,	9.55724,	67.1338
943.75,	9.3559,	66.7684
944,	9.16051,	66.3915
944.25,	8.97093,	66.0038
944.5,	8.78701,	65.6059
944.75,	8.6086,	65.1983
945,	8.43558,	64.7816
945.25,	8.26779,	64.3563
945.5,	8.10509,	63.9231
945.75,	7.94736,	63.4823
946,	7.79444,	63.0346
946.25,	7.64621,	62.5804
946.5,	7.50254,	62.1202
946.75,	7.36329,	61.6545
947,	7.22834,	61.1836
947.25,	7.09757,	60.7081
947.5,	6.97085,	60.2284
947.75,	6.84806,	59.7448
948,	6.72909,	59.2578
948.25,	6.61383,	58.7677
948.5,	6.50216,	58.2748
948.75,	6.39398,	57.7796
949,	6.28919,	57.2824
949.25,	6.18767,	56.7834
949.5,	6.08934,	56.283
949.75,	5.99409,	55.7815
950,	5.90184,	55.2791
950.25,	5.81249,	54.7762
950.5,	5.72595,	54.2729
950.75,	5.64215,	53.7696
951,	5.56098,	53.2664
951.25,	5.48239,	52.7636
951.5,	5.40628,	52.2614
951.75,	5.33259,	51.7601
952,	5.26124,	51.2597
952.25,	5.19216,	50.7605
952.5,	5.12529,	50.2626
952.75,	5.06055,	49.7663
953,	4.99788,	49.2716
953.25,	4.93723,	48.7788
953.5,	4.87853,	48.288
953.75,	4.82172,	47.7992
954,	4.76676,	47.3127
954.25,	4.71358,	46.8286
954.5,	4.66213,	46.3469
954.75,	4.61237,	45.8677
955,	4.56425,	45.3913
955.25,	4.51771,	44.9176
955.5,	4.47272,	44.4467
955.75,	4.42923,	43.9788
956,	4.3872,	43.5139
956.25,	4.34659,	43.0521
956.5,	4.30735,	42.5935
956.75,	4.26946,	42.1381
957,	4.23288,	41.6859
957.25,	4.19756,	41.237
957.5,	4.16349,	40.7916
957.75,	4.13061,	40.3496
958,	4.09891,	39.911
958.25,	4.06835,	39.4759
958.5,	4.0389,	39.0444
958.75,	4.01054,	38.6164
959,	3.98324,	38.192
959.25,	3.95696,	37.7713
959.5,	3.9317,	37.3542
959.75,	3.90741,	36.9407
960,	3.88408,	36.5309
960.25,	3.86169,	36.1249
960.5,	3.84021,	35.7225
960.75,	3.81962,	35.3238
961,	3.7999,	34.9289
961.25,	3.78104,	34.5377
961.5,	3.76301,	34.1502
961.75,	3.74579,	33.7665
962,	3.72937,	33.3865
962.25,	3.71373,	33.0102
962.5,	3.69886,	32.6376
962.75,	3.68473,	32.2688
963,	3.67134,	31.9036
963.25,	3.65867,	31.5422
963.5,	3.6467,	31.1845
963.75,	3.63543,	30.8304
964,	3.62483,	30.4801
964.25,	3.6149,	30.1334
964.5,	3.60562,	29.7903
964.75,	3.59698,	29.4508
965,	3.58898,	29.115
965.25,	3.58159,	28.7828
965.5,	3.57482,	28.4541
965.75,	3.56864,	28.129
966,	3.56306,	27.8075
966.25,	3.55806,	27.4894
966.5,	3.55363,	27.1749
966.75,	3.54977,	26.8639
967,	3.54646,	26.5563
967.25,	3.5437,	26.2521
967.5,	3.54148,	25.9513
967.75,	3.5398,	25.654
968,	3.53864,	25.36
968.25,	3.538,	25.0693
968.5,	3.53788,	24.782
968.75,	3.53826,	24.4979
969,	3.53915,	24.2171
969.25,	3.54054,	23.9396
969.5,	3.54241,	23.6653
969.75,	3.54478,	23.3941
970,	3.54763,	23.1261
970.25,	3.55095,	22.8613
970.5,	3.55475,	22.5995
970.75,	3.55901,	22.3409
971,	3.56374,	22.0853
971.25,	3.56894,	21.8327
971.5,	3.57459,	21.5831
971.75,	3.5807,	21.3365
972,	3.58726,	21.0929
972.25,	3.59426,	20.8522
972.5,	3.60172,	20.6143
972.75,	3.60962,	20.3794
973,	3.61796,	20.1472
973.25,	3.62673,	19.9179
973.5,	3.63595,	19.6914
973.75,	3.6456,	19.4676
974,	3.65569,	19.2466
974.25,	3.6662,	19.0282
974.5,	3.67715,	18.8126
974.75,	3.68852,	18.5995
975,	3.70033,	18.3892
975.25,	3.71256,	18.1814
975.5,	3.72522,	17.9761
975.75,	3.7383,	17.7735
976,	3.75181,	17.5733
976.25,	3.76574,	17.3756
976.5,	3.78009,	17.1804
976.75,	3.79487,	16.9877
977,	3.81008,	16.7973
977.25,	3.8257,	16.6094
977.5,	3.84175,	16.4238
977.75,	3.85823,	16.2405
978,	3.87513,	16.0596
978.25,	3.89245,	15.8809
978.5,	3.9102,	15.7045
978.75,	3.92837,	15.5303
979,	3.94697,	15.3584
979.25,	3.966,	15.1886
979.5,	3.98545,	15.021
979.75,	4.00534,	14.8556
980,	4.02565,	14.6923
980.25,	4.0464,	14.531
980.5,	4.06758,	14.3719
980.75,	4.0892,	14.2147
981,	4.11125,	14.0596
981.25,	4.13374,	13.9066
981.5,	4.15667,	13.7554
981.75,	4.18004,	13.6063
982,	4.20385,	13.4591
982.25,	4.22811,	13.3138
982.5,	4.25281,	13.1703
982.75,	4.27797,	13.0288
983,	4.30358,	12.8891
983.25,	4.32964,	12.7512
983.5,	4.35615,	12.6152
983.75,	4.38313,	12.4809
984,	4.41056,	12.3484
984.25,	4.43846,	12.2176
984.5,	4.46683,	12.0886
984.75,	4.49567,	11.9613
985,	4.52498,	11.8356
985.25,	4.55476,	11.7116
985.5,	4.58502,	11.5893
985.75,	4.61577,	11.4686
986,	4.647,	11.3495
986.25,	4.67871,	11.232
986.5,	4.71092,	11.1161
986.75,	4.74362,	11.0017
987,	4.77683,	10.8889
987.25,	4.81053,	10.7776
987.5,	4.84474,	10.6677
987.75,	4.87945,	10.5594
988,	4.91469,	10.4525
988.25,	4.95043,	10.3471
988.5,	4.9867,	10.2431
988.75,	5.0235,	10.1406
989,	5.06082,	10.0394
989.25,	5.09868,	9.93962
989.5,	5.13707,	9.8412
989.75,	5.17601,	9.74414
990,	5.21549,	9.64841
990.25,	5.25552,	9.55401
990.5,	5.29611,	9.46091
990.75,	5.33726,	9.3691
991,	5.37897,	9.27857
991.25,	5.42125,	9.1893
991.5,	5.46411,	9.10128
991.75,	5.50755,	9.01449
992,	5.55157,	8.92892
992.25,	5.59618,	8.84456
992.5,	5.64138,	8.76138
992.75,	5.68719,	8.67939
993,	5.7336,	8.59856
993.25,	5.78062,	8.51888
993.5,	5.82825,	8.44034
993.75,	5.87651,	8.36293
994,	5.92539,	8.28663
994.25,	5.97491,	8.21143
994.5,	6.02506,	8.13733
994.75,	6.07586,	8.06429
995,	6.12731,	7.99233
995.25,	6.17942,	7.92141
995.5,	6.23219,	7.85154
995.75,	6.28562,	7.7827
996,	6.33973,	7.71488
996.25,	6.39452,	7.64807
996.5,	6.45,	7.58225
996.75,	6.50617,	7.51742
997,	6.56305,	7.45357
997.25,	6.62063,	7.39069
997.5,	6.67892,	7.32876
997.75,	6.73793,	7.26777
998,	6.79767,	7.20773
998.25,	6.85814,	7.14861
998.5,	6.91936,	7.0904
998.75,	6.98132,	7.03311
999,	7.04403,	6.97671
999.25,	7.10751,	6.92121
999.5,	7.17176,	6.86658
999.75,	7.23679,	6.81283
