0,	1,	0.1
1,	1.1,	0.11
2,	1.21,	0.121
3,	1.331,	0.1331
4,	1.4641,	0.14641
5,	1.61051,	0.161051
6,	1.77156,	0.177156
7,	1.94872,	0.194872
8,	2.14359,	0.214359
9,	2.35795,	0.235795
10,	2.59374,	0.259374
11,	2.85312,	0.285312
12,	3.13843,	0.313843
13,	3.45227,	0.345227
14,	3.7975,	0.37975
15,	4.17725,	0.417725
16,	4.59497,	0.459497
17,	5.05447,	0.505447
18,	5.55992,	0.555992
19,	6.11591,	0.611591
20,	6.7275,	0.67275
21,	7.40025,	0.740025
22,	8.14027,	0.814027
23,	8.9543,	0.89543
24,	9.84973,	0.984973
25,	10.8347,	1.08347
26,	11.9182,	1.19182
27,	13.11,	1.311
28,	14.421,	1.4421
29,	15.8631,	1.58631
30,	17.4494,	1.74494
31,	19.1943,	1.91943
32,	21.1138,	2.11138
33,	23.2252,	2.32252
34,	25.5477,	2.55477
35,	28.1024,	2.81024
36,	30.9127,	3.09127
37,	34.0039,	3.40039
38,	37.4043,	3.74043
39,	41.1448,	4.11448
40,	45.2593,	4.52593
41,	49.7852,	4.97852
42,	54.7637,	5.47637
43,	60.2401,	6.02401
44,	66.2641,	6.62641
45,	72.8905,	7.28905
46,	80.1795,	8.01795
47,	88.1975,	8.81975
48,	97.0172,	9.70172
49,	106.719,	10.6719
50,	117.391,	11.7391
51,	129.13,	12.913
52,	142.043,	14.2043
53,	156.247,	15.6247
54,	171.872,	17.1872
55,	189.059,	18.9059
56,	207.965,	20.7965
57,	228.762,	22.8762
58,	251.638,	25.1638
59,	276.801,	27.6801
60,	304.482,	30.4482
61,	334.93,	33.493
62,	368.423,	36.8423
63,	405.265,	40.5265
64,	445.792,	44.5792
65,	490.371,	49.0371
66,	539.408,	53.9408
67,	593.349,	59.3349
68,	652.683,	65.2683
69,	717.952,	71.7952
70,	789.747,	78.9747
71,	868.722,	86.8722
72,	955.594,	95.5594
73,	1051.15,	105.115
74,	1156.27,	115.627
75,	1271.9,	127.19
76,	1399.08,	139.908
77,	1538.99,	153.899
78,	1692.89,	169.289
79,	1862.18,	186.218
80,	2048.4,	204.84
81,	2253.24,	225.324
82,	2478.56,	247.856
83,	2726.42,	272.642
84,	2999.06,	299.906
85,	3298.97,	329.897
86,	3628.87,	362.887
87,	3991.75,	399.175
88,	4390.93,	439.093
89,	4830.02,	483.002
90,	5313.02,	531.302
91,	5844.32,	584.432
92,	6428.76,	642.876
93,	7071.63,	707.163
94,	7778.8,	777.88
95,	8556.68,	855.668
96,	9412.34,	941.234
97,	10353.6,	1035.36
98,	11388.9,	1138.89
99,	12527.8,	1252.78
100,	13780.6,	1378.06
101	15158.7
