0	0.731202	0.000349855	2	0
1	0.892985	0.000351985	2	0
2	0.892985	0.000351985	2	0
3	0.892985	0.000351985	2	0
4	0.892985	0.000351985	2	0
5	0.892985	0.000351985	2	0
6	0.892985	0.000351985	2	0
7	0.892985	0.000351985	2	0
8	0.912616	0.000352651	3	0
9	0.945964	0.000354892	2	0
10	0.945964	0.000354892	2	0
11	0.945964	0.000354892	2	0
12	0.945964	0.000354892	2	0
13	0.945964	0.000354892	2	0
14	0.945964	0.000354892	2	0
15	0.945964	0.000354892	2	0
16	0.945964	0.000354892	2	0
17	0.945964	0.000354892	2	0
18	0.945964	0.000354892	2	0
19	0.945964	0.000354892	2	0
20	0.945964	0.000354892	2	0
21	0.945964	0.000354892	2	0
22	0.945964	0.000354892	2	0
23	0.945964	0.000354892	2	0
24	0.946753	0.000355486	2	0
25	0.946753	0.000355486	2	0
26	0.946753	0.000355486	2	0
27	0.946753	0.000355486	2	0
28	0.946753	0.000355486	2	0
29	0.946753	0.000355486	2	0
30	0.946753	0.000355486	2	0
31	0.946753	0.000355486	2	0
32	0.946753	0.000355486	2	0
33	0.946753	0.000355486	2	0
34	0.946753	0.000355486	2	0
35	0.948893	0.000355387	2	0
36	0.948893	0.000355387	2	0
37	0.950895	0.000354329	2	0
38	0.950895	0.000354329	2	0
39	0.950895	0.000354329	2	0
40	0.950895	0.000354329	2	0
41	0.950948	0.00035523	2	0
42	0.950948	0.00035523	2	0
43	0.950948	0.00035523	2	0
44	0.952518	0.000355124	2	0
45	0.952518	0.000355124	2	0
46	0.952518	0.000355124	2	0
47	0.952518	0.000355124	2	0
48	0.952518	0.000355124	2	0
49	0.952518	0.000355124	2	0
50	0.952518	0.000355124	2	0
51	0.952518	0.000355124	2	0
52	0.953643	0.00035495	2	0
53	0.953643	0.00035495	2	0
54	0.953643	0.00035495	2	0
55	0.953643	0.00035495	2	0
56	0.953643	0.00035495	2	0
57	0.953643	0.00035495	2	0
58	0.954226	0.000355879	2	0
59	0.954264	0.000355018	2	0
60	0.954264	0.000355018	2	0
61	0.95621	0.00035543	2	0
62	0.95621	0.00035543	2	0
63	0.95621	0.00035543	2	0
64	0.95621	0.00035543	2	0
65	0.95621	0.00035543	2	0
66	0.95621	0.00035543	2	0
67	0.95621	0.00035543	2	0
68	0.95621	0.00035543	2	0
69	0.95621	0.00035543	2	0
70	0.95621	0.00035543	2	0
71	0.95621	0.00035543	2	0
72	0.95621	0.00035543	2	0
73	0.95621	0.00035543	2	0
74	0.9583	0.000355921	2	0
75	0.9583	0.000355921	2	0
76	0.958327	0.000355652	2	0
77	0.958612	0.000354914	3	0
78	0.958612	0.000354914	3	0
79	0.95945	0.000355592	2	0
80	0.960251	0.000355547	2	0
81	0.960251	0.000355547	2	0
82	0.960251	0.000355547	2	0
83	0.960251	0.000355547	2	0
84	0.960251	0.000355547	2	0
85	0.960251	0.000355547	2	0
86	0.960992	0.000355462	2	0
87	0.961749	0.000355108	3	0
88	0.961749	0.000355108	3	0
89	0.961749	0.000355108	2	0
90	0.961749	0.000355108	2	0
91	0.962179	0.000355333	3	0
92	0.962179	0.000355333	3	0
93	0.962179	0.000355333	3	0
94	0.962179	0.000355333	3	0
95	0.962428	0.000355259	3	0
96	0.962772	0.000355662	2	0
97	0.962772	0.000355662	2	0
98	0.962772	0.000355662	2	0
99	0.962772	0.000355662	2	0
100	0.962772	0.000355662	2	0
