0	0.661079	0.000349405	1	0
1	0.686409	0.000347171	4	0
2	0.686409	0.000347171	4	0
3	0.74175	0.000348117	6	0
4	0.74175	0.000348117	6	0
5	0.76114	0.000351593	1	0
6	0.83189	0.000351692	1	0
7	0.83189	0.000351692	2	0
8	0.83189	0.000351692	1	0
9	0.973647	0.00035398	4	0
10	0.973647	0.00035398	1	0
11	0.975752	0.000354162	3	0
12	0.975752	0.000354162	3	0
13	0.975752	0.000354162	3	0
14	0.975752	0.000354162	3	0
15	0.977178	0.000355843	3	0
16	0.980822	0.000355191	3	0
17	0.980822	0.000355191	3	0
18	0.980895	0.000355002	3	0
19	0.980895	0.000355002	3	0
20	0.980895	0.000355002	3	0
21	0.980895	0.000355002	3	0
22	0.980895	0.000355002	3	0
23	0.980895	0.000355002	3	0
24	0.980895	0.000355002	3	0
25	0.980895	0.000355002	3	0
26	0.980905	0.000355115	4	0
27	0.980905	0.000355115	4	0
28	0.980905	0.000355115	4	0
29	0.980905	0.000355115	4	0
30	0.980905	0.000355115	4	0
31	0.986409	0.000354759	6	0
32	0.986409	0.000354759	6	0
33	0.986409	0.000354759	6	0
34	0.986409	0.000354759	6	0
35	0.986409	0.000354759	6	0
36	0.986409	0.000354759	6	0
37	0.986409	0.000354759	6	0
38	0.986409	0.000354759	6	0
39	0.986409	0.000354759	6	0
40	0.986409	0.000354759	6	0
41	0.986409	0.000354759	6	0
42	0.986409	0.000354759	6	0
43	0.986409	0.000354759	6	0
44	0.986409	0.000354759	6	0
45	0.986409	0.000354759	6	0
46	0.986409	0.000354759	6	0
47	0.986409	0.000354759	6	0
48	0.986409	0.000354759	6	0
49	0.986409	0.000354759	6	0
50	0.986409	0.000354759	6	0
51	0.986409	0.000354759	6	0
52	0.986409	0.000354759	6	0
53	0.986409	0.000354759	6	0
54	0.986409	0.000354759	6	0
55	0.986409	0.000354759	6	0
56	0.986409	0.000354759	6	0
57	0.987349	0.000354698	3	0
58	0.987349	0.000354698	3	0
59	0.987349	0.000354698	3	0
60	0.987349	0.000354698	3	0
61	0.987349	0.000354698	3	0
62	0.987349	0.000354698	3	0
63	0.987349	0.000354698	3	0
64	0.987349	0.000354698	3	0
65	0.987349	0.000354698	3	0
66	0.987349	0.000354698	3	0
67	0.987349	0.000354698	3	0
68	0.987349	0.000354698	3	0
69	0.987349	0.000354698	3	0
70	0.987349	0.000354698	3	0
71	0.987349	0.000354698	3	0
72	0.987349	0.000354698	3	0
73	0.987349	0.000354698	3	0
74	0.987349	0.000354698	3	0
75	0.987349	0.000354698	3	0
76	0.987349	0.000354698	3	0
77	0.987349	0.000354698	3	0
78	0.987349	0.000354698	3	0
79	0.987349	0.000354698	3	0
80	0.987349	0.000354698	3	0
81	0.987349	0.000354698	3	0
82	0.987349	0.000354698	3	0
83	0.987349	0.000354698	3	0
84	0.987349	0.000354698	3	0
85	0.987349	0.000354698	3	0
86	0.987349	0.000354698	3	0
87	0.987349	0.000354698	3	0
88	0.987349	0.000354698	3	0
89	0.987349	0.000354698	3	0
90	0.987349	0.000354698	3	0
91	0.987349	0.000354698	3	0
92	0.987349	0.000354698	3	0
93	0.987349	0.000354698	3	0
94	0.987349	0.000354698	3	0
95	0.987349	0.000354698	3	0
96	0.987349	0.000354698	3	0
97	0.987349	0.000354698	3	0
98	0.987349	0.000354698	3	0
99	0.987349	0.000354698	3	0
100	0.987349	0.000354698	3	0
