0	0.742121	0.000359608	1	0
1	0.742121	0.000359608	1	0
2	0.742121	0.000359608	1	0
3	0.755436	0.000358287	0	0
4	0.755436	0.000358287	0	0
5	0.806477	0.000349294	1	0
6	0.95187	0.00035287	1	0
7	0.980077	0.000354229	3	0
8	0.980077	0.000354229	1	0
9	0.980077	0.000354229	1	0
10	0.980077	0.000354229	3	0
11	0.98369	0.000354316	3	0
12	0.98369	0.000354316	3	0
13	0.98369	0.000354316	2	0
14	0.98369	0.000354316	3	0
15	0.98369	0.000354316	3	0
16	0.98369	0.000354316	4	0
17	0.98369	0.000354316	3	0
18	0.98369	0.000354316	3	0
19	0.986086	0.000355159	5	0
20	0.986086	0.000355159	5	0
21	0.986086	0.000355159	5	0
22	0.986086	0.000355159	5	0
23	0.986086	0.000355159	5	0
24	0.986086	0.000355159	5	0
25	0.986086	0.000355159	5	0
26	0.986086	0.000355159	5	0
27	0.986086	0.000355159	5	0
28	0.986086	0.000355159	5	0
29	0.986086	0.000355159	5	0
30	0.986086	0.000355159	5	0
31	0.986086	0.000355159	5	0
32	0.986227	0.000355056	2	0
33	0.986227	0.000355056	2	0
34	0.986227	0.000355056	2	0
35	0.986227	0.000355056	2	0
36	0.986227	0.000355056	2	0
37	0.986227	0.000355056	2	0
38	0.986227	0.000355056	2	0
39	0.986227	0.000355056	2	0
40	0.986227	0.000355056	2	0
41	0.986227	0.000355056	2	0
42	0.986227	0.000355056	2	0
43	0.986844	0.000355168	2	0
44	0.986844	0.000355168	2	0
45	0.986844	0.000355168	2	0
46	0.986844	0.000355168	2	0
47	0.986844	0.000355168	2	0
48	0.986844	0.000355168	2	0
49	0.986844	0.000355168	2	0
50	0.986844	0.000355168	2	0
51	0.986844	0.000355168	2	0
52	0.986844	0.000355168	2	0
53	0.986844	0.000355168	2	0
54	0.986844	0.000355168	2	0
55	0.986844	0.000355168	2	0
56	0.986844	0.000355168	2	0
57	0.986844	0.000355168	2	0
58	0.986844	0.000355168	2	0
59	0.986844	0.000355168	2	0
60	0.986844	0.000355168	2	0
61	0.986844	0.000355168	2	0
62	0.986844	0.000355168	2	0
63	0.986844	0.000355168	2	0
64	0.986844	0.000355168	2	0
65	0.986844	0.000355168	2	0
66	0.986844	0.000355168	2	0
67	0.986844	0.000355168	2	0
68	0.986844	0.000355168	2	0
69	0.986844	0.000355168	2	0
70	0.986844	0.000355168	2	0
71	0.986844	0.000355168	2	0
72	0.986844	0.000355168	2	0
73	0.986844	0.000355168	2	0
74	0.986844	0.000355168	2	0
75	0.986844	0.000355168	2	0
76	0.986844	0.000355168	2	0
77	0.986844	0.000355168	2	0
78	0.986844	0.000355168	2	0
79	0.986844	0.000355168	2	0
80	0.986844	0.000355168	2	0
81	0.986844	0.000355168	2	0
82	0.986844	0.000355168	2	0
83	0.986844	0.000355168	2	0
84	0.986844	0.000355168	2	0
85	0.986844	0.000355168	2	0
86	0.986844	0.000355168	2	0
87	0.986844	0.000355168	2	0
88	0.986844	0.000355168	2	0
89	0.986844	0.000355168	2	0
90	0.986844	0.000355168	2	0
91	0.986844	0.000355168	2	0
92	0.986844	0.000355168	2	0
93	0.986844	0.000355168	2	0
94	0.986844	0.000355168	2	0
95	0.986844	0.000355168	2	0
96	0.986844	0.000355168	2	0
97	0.986844	0.000355168	2	0
98	0.986844	0.000355168	2	0
99	0.986844	0.000355168	2	0
100	0.986844	0.000355168	2	0
