0	0.764746	0.000351829	3	0
1	0.764746	0.000351829	3	0
2	0.764746	0.000351829	3	0
3	0.775665	0.000360131	0	0
4	0.775665	0.000360131	0	0
5	0.865021	0.000350932	3	0
6	0.865021	0.000350932	3	0
7	0.865289	0.000356185	0	0
8	0.950081	0.000354997	2	0
9	0.950081	0.000354997	0	0
10	0.950081	0.000354997	2	0
11	0.950081	0.000354997	2	0
12	0.950081	0.000354997	2	0
13	0.9659	0.000354123	3	0
14	0.967769	0.000354798	2	0
15	0.967769	0.000354798	2	0
16	0.968351	0.000354763	2	0
17	0.968351	0.000354763	2	0
18	0.973205	0.000354161	1	0
19	0.975089	0.000356325	2	0
20	0.975089	0.000356325	2	0
21	0.975089	0.000356325	2	0
22	0.975089	0.000356325	2	0
23	0.975089	0.000356325	2	0
24	0.977511	0.000356165	2	0
25	0.987127	0.000355442	2	0
26	0.987297	0.000355488	2	0
27	0.987297	0.000355488	2	0
28	0.987297	0.000355488	2	0
29	0.987297	0.000355488	2	0
30	0.987297	0.000355488	2	0
31	0.987316	0.000355479	2	0
32	0.987502	0.000355455	2	0
33	0.987502	0.000355455	2	0
34	0.987502	0.000355455	2	0
35	0.987635	0.000355457	2	0
36	0.99143	0.000354763	2	0
37	0.99143	0.000354763	1	0
38	0.993982	0.000353988	5	0
39	0.993982	0.000353988	5	0
40	0.993982	0.000353988	5	0
41	0.993982	0.000353988	5	0
42	0.993982	0.000353988	5	0
43	0.993982	0.000353988	5	0
44	0.993982	0.000353988	5	0
45	0.993982	0.000353988	5	0
46	0.993982	0.000353988	5	0
47	0.993982	0.000353988	5	0
48	0.993982	0.000353988	5	0
49	0.993982	0.000353988	5	0
50	0.993982	0.000353988	5	0
51	0.993982	0.000353988	5	0
52	0.993982	0.000353988	5	0
53	0.993982	0.000353988	5	0
54	0.993982	0.000353988	5	0
55	0.993982	0.000353988	5	0
56	0.993982	0.000353988	5	0
57	0.993982	0.000353988	5	0
58	0.993982	0.000353988	5	0
59	0.993982	0.000353988	5	0
60	0.993982	0.000353988	5	0
61	0.993982	0.000353988	5	0
62	0.993982	0.000353988	5	0
63	0.993982	0.000353988	5	0
64	0.993982	0.000353988	5	0
65	0.993982	0.000353988	5	0
66	0.993982	0.000353988	5	0
67	0.993982	0.000353988	5	0
68	0.993982	0.000353988	5	0
69	0.993982	0.000353988	5	0
70	0.993982	0.000353988	5	0
71	0.993982	0.000353988	5	0
72	0.993982	0.000353988	5	0
73	0.993982	0.000353988	5	0
74	0.993982	0.000353988	5	0
75	0.993982	0.000353988	5	0
76	0.993982	0.000353988	5	0
77	0.993982	0.000353988	5	0
78	0.993982	0.000353988	5	0
79	0.993982	0.000353988	5	0
80	0.993982	0.000353988	5	0
81	0.993982	0.000353988	5	0
82	0.993982	0.000353988	5	0
83	0.993982	0.000353988	5	0
84	0.993982	0.000353988	5	0
85	0.993982	0.000353988	5	0
86	0.993982	0.000353988	5	0
87	0.993982	0.000353988	5	0
88	0.993982	0.000353988	5	0
89	0.993982	0.000353988	5	0
90	0.993982	0.000353988	5	0
91	0.993982	0.000353988	5	0
92	0.993982	0.000353988	5	0
93	0.993982	0.000353988	5	0
94	0.993982	0.000353988	5	0
95	0.993982	0.000353988	5	0
96	0.993982	0.000353988	5	0
97	0.993982	0.000353988	5	0
98	0.993982	0.000353988	5	0
99	0.993982	0.000353988	5	0
100	0.993982	0.000353988	5	0
