0	0.624263	0.000349186	0	0
1	0.74175	0.000348117	6	0
2	0.784491	0.000356952	2	0
3	0.82468	0.000352611	2	0
4	0.82468	0.000352611	2	0
5	0.82468	0.000352611	2	0
6	0.82468	0.000352611	2	0
7	0.934936	0.000354832	1	0
8	0.934936	0.000354832	1	0
9	0.934936	0.000354832	2	0
10	0.934936	0.000354832	1	0
11	0.936362	0.000354886	1	0
12	0.936362	0.000354886	1	0
13	0.936362	0.000354886	1	0
14	0.936362	0.000354886	1	0
15	0.967388	0.000354027	2	0
16	0.967388	0.000354027	2	0
17	0.976399	0.00035592	5	0
18	0.983191	0.00035436	5	0
19	0.983191	0.00035436	5	0
20	0.983191	0.00035436	5	0
21	0.983191	0.00035436	5	0
22	0.983191	0.00035436	5	0
23	0.983191	0.00035436	5	0
24	0.983191	0.00035436	5	0
25	0.985585	0.000354719	5	0
26	0.985585	0.000354719	5	0
27	0.985585	0.000354719	5	0
28	0.985585	0.000354719	5	0
29	0.985585	0.000354719	5	0
30	0.985585	0.000354719	5	0
31	0.985585	0.000354719	5	0
32	0.985585	0.000354719	5	0
33	0.985585	0.000354719	5	0
34	0.985585	0.000354719	5	0
35	0.985585	0.000354719	5	0
36	0.985585	0.000354719	5	0
37	0.985585	0.000354719	5	0
38	0.985585	0.000354719	5	0
39	0.985585	0.000354719	5	0
40	0.985585	0.000354719	5	0
41	0.985585	0.000354719	5	0
42	0.985585	0.000354719	5	0
43	0.985585	0.000354719	5	0
44	0.985585	0.000354719	5	0
45	0.985585	0.000354719	5	0
46	0.985585	0.000354719	5	0
47	0.985585	0.000354719	5	0
48	0.985585	0.000354719	5	0
49	0.985585	0.000354719	5	0
50	0.985585	0.000354719	5	0
51	0.985585	0.000354719	5	0
52	0.985585	0.000354719	5	0
53	0.985585	0.000354719	5	0
54	0.985585	0.000354719	5	0
55	0.985585	0.000354719	5	0
56	0.985585	0.000354719	5	0
57	0.985585	0.000354719	5	0
58	0.985585	0.000354719	5	0
59	0.985585	0.000354719	5	0
60	0.985585	0.000354719	5	0
61	0.985585	0.000354719	5	0
62	0.985585	0.000354719	5	0
63	0.985585	0.000354719	5	0
64	0.985585	0.000354719	5	0
65	0.985585	0.000354719	5	0
66	0.985585	0.000354719	5	0
67	0.985585	0.000354719	5	0
68	0.985585	0.000354719	5	0
69	0.985585	0.000354719	5	0
70	0.985585	0.000354719	5	0
71	0.985585	0.000354719	5	0
72	0.985585	0.000354719	5	0
73	0.985585	0.000354719	5	0
74	0.985585	0.000354719	5	0
75	0.985585	0.000354719	5	0
76	0.985585	0.000354719	5	0
77	0.985585	0.000354719	5	0
78	0.985585	0.000354719	5	0
79	0.985585	0.000354719	5	0
80	0.985585	0.000354719	5	0
81	0.985585	0.000354719	5	0
82	0.985585	0.000354719	5	0
83	0.985585	0.000354719	5	0
84	0.985585	0.000354719	5	0
85	0.985585	0.000354719	5	0
86	0.985585	0.000354719	5	0
87	0.985585	0.000354719	5	0
88	0.985585	0.000354719	5	0
89	0.985585	0.000354719	5	0
90	0.985585	0.000354719	5	0
91	0.985585	0.000354719	5	0
92	0.985585	0.000354719	5	0
93	0.985585	0.000354719	5	0
94	0.985585	0.000354719	5	0
95	0.985585	0.000354719	5	0
96	0.985585	0.000354719	5	0
97	0.985585	0.000354719	5	0
98	0.985585	0.000354719	5	0
99	0.985585	0.000354719	5	0
100	0.985585	0.000354719	5	0
