0	0.653664	0.000356895	0	0
1	0.653664	0.000356895	0	0
2	0.789752	0.000354511	0	0
3	0.789752	0.000354511	0	0
4	0.830519	0.000354754	0	0
5	0.830519	0.000354754	0	0
6	0.830519	0.000354754	0	0
7	0.860699	0.000355715	0	0
8	0.860699	0.000355715	0	0
9	0.860699	0.000355715	0	0
10	0.919223	0.000354706	1	0
11	0.919223	0.000354706	3	0
12	0.919223	0.000354706	1	0
13	0.919223	0.000354706	1	0
14	0.919223	0.000354706	1	0
15	0.919223	0.000354706	1	0
16	0.93624	0.000354274	0	0
17	0.982408	0.000353003	7	0
18	0.982408	0.000353003	0	0
19	0.982408	0.000353003	7	0
20	0.982408	0.000353003	7	0
21	0.982408	0.000353003	7	0
22	0.982408	0.000353003	7	0
23	0.982408	0.000353003	7	0
24	0.982408	0.000353003	7	0
25	0.982408	0.000353003	7	0
26	0.982408	0.000353003	7	0
27	0.982408	0.000353003	7	0
28	0.982815	0.000353474	5	0
29	0.983253	0.000353335	7	0
30	0.98432	0.000353134	6	0
31	0.98432	0.000353134	6	0
32	0.988696	0.000353332	11	0
33	0.988696	0.000353332	11	0
34	0.988696	0.000353332	11	0
35	0.988696	0.000353332	11	0
36	0.991036	0.000355653	5	0
37	0.997969	0.000354506	5	0
38	0.997969	0.000354506	11	0
39	0.997969	0.000354506	5	0
40	0.997969	0.000354506	11	0
41	0.997969	0.000354506	2	0
42	0.997969	0.000354506	11	0
43	0.997969	0.000354506	11	0
44	0.997969	0.000354506	5	0
45	0.997969	0.000354506	5	0
46	0.997969	0.000354506	5	0
47	0.997969	0.000354506	5	0
48	0.997969	0.000354506	5	0
49	0.997969	0.000354506	5	0
50	0.998088	0.000354582	6	0
51	0.998088	0.000354582	6	0
52	0.998653	0.000354469	7	0
53	0.998653	0.000354469	6	0
54	0.998653	0.000354469	7	0
55	0.998653	0.000354469	7	0
56	0.998743	0.000354674	10	0
57	0.998743	0.000354674	10	0
58	0.998743	0.000354674	6	0
59	0.998743	0.000354674	10	0
60	0.998743	0.000354674	10	0
61	0.998743	0.000354674	10	0
62	0.998743	0.000354674	10	0
63	0.998948	0.000354635	5	0
64	0.998948	0.000354635	4	0
65	0.998948	0.000354635	5	0
66	0.999019	0.000354453	5	0
67	0.999019	0.000354453	5	0
68	0.999019	0.000354453	5	0
69	0.999019	0.000354453	5	0
70	0.999019	0.000354453	5	0
71	0.999019	0.000354453	5	0
72	0.999019	0.000354453	5	0
73	0.999019	0.000354453	5	0
74	0.999019	0.000354453	5	0
75	0.999101	0.000354478	5	0
76	0.999125	0.000354455	5	0
77	0.999125	0.000354455	5	0
78	0.999125	0.000354455	5	0
79	0.999125	0.000354455	5	0
80	0.999186	0.000354478	8	0
81	0.999203	0.000354656	4	0
82	0.999203	0.000354656	4	0
83	0.999209	0.000354584	5	0
84	0.999215	0.000354502	10	0
85	0.999215	0.000354502	5	0
86	0.999215	0.000354502	10	0
87	0.999356	0.000354454	5	0
88	0.999356	0.000354454	5	0
89	0.999356	0.000354454	5	0
90	0.999356	0.000354454	5	0
91	0.999356	0.000354454	5	0
92	0.999356	0.000354454	5	0
93	0.999356	0.000354454	5	0
94	0.999356	0.000354454	5	0
95	0.999463	0.000354686	6	0
96	0.999463	0.000354686	6	0
97	0.999463	0.000354686	6	0
98	0.999463	0.000354686	6	0
99	0.999485	0.000354504	8	0
100	0.999549	0.000354458	7	0
