0	0.753079	0.000348818	2	0
1	0.90724	0.000353128	3	0
2	0.90724	0.000353128	3	0
3	0.90724	0.000353128	3	0
4	0.90724	0.000353128	3	0
5	0.90724	0.000353128	2	0
6	0.90724	0.000353128	6	0
7	0.90724	0.000353128	3	0
8	0.90724	0.000353128	3	0
9	0.940619	0.000355306	3	0
10	0.940619	0.000355306	3	0
11	0.940619	0.000355306	0	0
12	0.946195	0.000355311	2	0
13	0.946195	0.000355311	2	0
14	0.968914	0.000355291	3	0
15	0.968914	0.000355291	2	0
16	0.968914	0.000355291	2	0
17	0.968914	0.000355291	3	0
18	0.968914	0.000355291	3	0
19	0.973168	0.000354914	2	0
20	0.973168	0.000354914	1	0
21	0.973168	0.000354914	2	0
22	0.973168	0.000354914	3	0
23	0.973168	0.000354914	2	0
24	0.97438	0.00035486	1	0
25	0.976683	0.000354669	2	0
26	0.976683	0.000354669	2	0
27	0.976879	0.000354715	2	0
28	0.976879	0.000354715	2	0
29	0.976981	0.000354654	2	0
30	0.976981	0.000354654	2	0
31	0.978823	0.00035512	3	0
32	0.979366	0.000354831	4	0
33	0.98156	0.000354886	4	0
34	0.981574	0.000355398	3	0
35	0.981574	0.000355398	3	0
36	0.981574	0.000355398	3	0
37	0.981574	0.000355398	3	0
38	0.981574	0.000355398	3	0
39	0.982814	0.000355208	4	0
40	0.982814	0.000355208	4	0
41	0.983025	0.000354781	2	0
42	0.987521	0.00035472	2	0
43	0.987521	0.00035472	2	0
44	0.990098	0.000354993	2	0
45	0.990125	0.000355076	1	0
46	0.990125	0.000355076	1	0
47	0.990718	0.000355273	1	0
48	0.990718	0.000355273	1	0
49	0.990718	0.000355273	4	0
50	0.990718	0.000355273	1	0
51	0.990718	0.000355273	1	0
52	0.990718	0.000355273	1	0
53	0.990718	0.000355273	1	0
54	0.990957	0.000354338	6	0
55	0.990957	0.000354338	0	0
56	0.990957	0.000354338	0	0
57	0.992294	0.000354904	3	0
58	0.992294	0.000354904	3	0
59	0.995018	0.000354185	3	0
60	0.995018	0.000354185	3	0
61	0.995018	0.000354185	3	0
62	0.995018	0.000354185	3	0
63	0.995242	0.000354211	3	0
64	0.995242	0.000354211	3	0
65	0.995381	0.000354228	3	0
66	0.997233	0.000354702	2	0
67	0.997233	0.000354702	2	0
68	0.997233	0.000354702	2	0
69	0.997233	0.000354702	2	0
70	0.997233	0.000354702	2	0
71	0.997233	0.000354702	2	0
72	0.997233	0.000354702	2	0
73	0.997233	0.000354702	2	0
74	0.997233	0.000354702	2	0
75	0.997233	0.000354702	2	0
76	0.997233	0.000354702	2	0
77	0.997233	0.000354702	2	0
78	0.997233	0.000354702	2	0
79	0.997233	0.000354702	2	0
80	0.997473	0.000354579	2	0
81	0.997473	0.000354579	2	0
82	0.997473	0.000354579	2	0
83	0.997473	0.000354579	2	0
84	0.997473	0.000354579	2	0
85	0.997473	0.000354579	2	0
86	0.997473	0.000354579	2	0
87	0.997525	0.000354507	2	0
88	0.997525	0.000354507	2	0
89	0.997525	0.000354507	2	0
90	0.997525	0.000354507	2	0
91	0.997525	0.000354507	2	0
92	0.998206	0.000354259	5	0
93	0.998206	0.000354259	2	0
94	0.998206	0.000354259	5	0
95	0.998206	0.000354259	5	0
96	0.998432	0.000354443	4	0
97	0.998432	0.000354443	4	0
98	0.998488	0.000354618	4	0
99	0.998488	0.000354618	4	0
100	0.998488	0.000354618	4	0
