0	0.741753	0.000348117	6	0
1	0.741753	0.000348117	6	0
2	0.781257	0.000354909	0	0
3	0.781257	0.000354909	0	0
4	0.781257	0.000354909	0	0
5	0.865514	0.000352542	0	0
6	0.865514	0.000352542	0	0
7	0.892639	0.000355398	0	0
8	0.892639	0.000355398	0	0
9	0.908192	0.000355164	0	0
10	0.908192	0.000355164	1	0
11	0.922059	0.000354078	0	0
12	0.922059	0.000354078	4	0
13	0.922059	0.000354078	0	0
14	0.927294	0.000352809	0	0
15	0.927294	0.000352809	0	0
16	0.948741	0.000356742	0	0
17	0.954118	0.000353317	1	0
18	0.954118	0.000353317	1	0
19	0.95413	0.000353316	1	0
20	0.95413	0.000353316	0	0
21	0.95413	0.000353316	1	0
22	0.95413	0.000353316	1	0
23	0.95413	0.000353316	0	0
24	0.954432	0.000353501	1	0
25	0.96183	0.000355605	1	0
26	0.96183	0.000355605	1	0
27	0.962742	0.000355069	1	0
28	0.962929	0.000355341	0	0
29	0.962956	0.000355328	0	0
30	0.962956	0.000355328	0	0
31	0.963244	0.00035531	0	0
32	0.963248	0.000355309	0	0
33	0.969677	0.000354844	2	0
34	0.96969	0.000354844	2	0
35	0.969692	0.000354844	2	0
36	0.970662	0.000354729	2	0
37	0.970662	0.000354729	0	0
38	0.970662	0.000354729	2	0
39	0.970671	0.000354702	2	0
40	0.970719	0.000354723	2	0
41	0.970719	0.000354723	0	0
42	0.970719	0.000354723	0	0
43	0.970719	0.000354723	2	0
44	0.970719	0.000354723	2	0
45	0.970719	0.000354723	2	0
46	0.970719	0.000354723	3	0
47	0.970719	0.000354723	1	0
48	0.970719	0.000354723	2	0
49	0.970719	0.000354723	2	0
50	0.970719	0.000354723	2	0
51	0.970719	0.000354723	2	0
52	0.970719	0.000354723	2	0
53	0.97072	0.000354778	3	0
54	0.97072	0.000354778	3	0
55	0.971021	0.000354701	1	0
56	0.971021	0.000354701	1	0
57	0.971021	0.000354701	1	0
58	0.971021	0.000354701	1	0
59	0.971021	0.000354701	1	0
60	0.971162	0.000354799	2	0
61	0.971162	0.000354799	2	0
62	0.971162	0.000354799	2	0
63	0.971162	0.000354799	2	0
64	0.971162	0.000354799	2	0
65	0.971169	0.000354818	1	0
66	0.971169	0.000354818	1	0
67	0.971253	0.000354762	1	0
68	0.971253	0.000354762	1	0
69	0.971253	0.000354762	1	0
70	0.97135	0.000354796	2	0
71	0.971576	0.000354737	1	0
72	0.971576	0.000354737	1	0
73	0.971576	0.000354737	1	0
74	0.971576	0.000354737	1	0
75	0.971576	0.000354737	1	0
76	0.971576	0.000354737	1	0
77	0.971576	0.000354737	1	0
78	0.971576	0.000354737	1	0
79	0.971576	0.000354737	1	0
80	0.971576	0.000354737	1	0
81	0.971576	0.000354737	1	0
82	0.971916	0.000354707	1	0
83	0.971916	0.000354707	1	0
84	0.971916	0.000354707	1	0
85	0.971918	0.000354708	1	0
86	0.971918	0.000354708	1	0
87	0.971918	0.000354708	1	0
88	0.971953	0.00035479	0	0
89	0.972014	0.000354751	2	0
90	0.972014	0.000354751	1	0
91	0.972041	0.000354784	0	0
92	0.972041	0.000354784	1	0
93	0.972041	0.000354784	0	0
94	0.972059	0.00035475	2	0
95	0.9721	0.000354686	1	0
96	0.9721	0.000354686	1	0
97	0.972104	0.000354783	2	0
98	0.972106	0.00035475	2	0
99	0.972106	0.00035475	2	0
100	0.972106	0.00035475	1	0
