0	0.721254	0.000350072	2	0
1	0.721254	0.000350072	2	0
2	0.721254	0.000350072	2	0
3	0.741745	0.000348117	6	0
4	0.741745	0.000348117	6	0
5	0.751278	0.000352204	2	0
6	0.757556	0.000361026	0	0
7	0.933527	0.000352684	0	0
8	0.933527	0.000352684	0	0
9	0.933527	0.000352684	0	0
10	0.945782	0.000354818	1	0
11	0.945782	0.000354818	1	0
12	0.945782	0.000354818	1	0
13	0.945782	0.000354818	1	0
14	0.945782	0.000354818	1	0
15	0.945834	0.000354821	1	0
16	0.945834	0.000354821	1	0
17	0.946177	0.000354839	1	0
18	0.946177	0.000354839	1	0
19	0.947684	0.000354661	1	0
20	0.952294	0.000354213	2	0
21	0.952294	0.000354213	2	0
22	0.952294	0.000354213	2	0
23	0.952294	0.000354213	2	0
24	0.952294	0.000354213	2	0
25	0.952294	0.000354213	2	0
26	0.952294	0.000354213	2	0
27	0.952898	0.000354128	2	0
28	0.952898	0.000354128	2	0
29	0.953272	0.000354077	3	0
30	0.95441	0.000353827	2	0
31	0.95441	0.000353827	2	0
32	0.95441	0.000353827	2	0
33	0.95441	0.000353827	2	0
34	0.954613	0.000354092	3	0
35	0.954613	0.000354092	1	0
36	0.954613	0.000354092	2	0
37	0.955046	0.000353973	3	0
38	0.955046	0.000353973	3	0
39	0.955046	0.000353973	3	0
40	0.955074	0.000354018	3	0
41	0.955707	0.000354321	1	0
42	0.955707	0.000354321	1	0
43	0.955707	0.000354321	2	0
44	0.955707	0.000354321	1	0
45	0.955707	0.000354321	1	0
46	0.955707	0.000354321	1	0
47	0.955707	0.000354321	1	0
48	0.955707	0.000354321	1	0
49	0.955707	0.000354321	1	0
50	0.955707	0.000354321	1	0
51	0.955745	0.000354028	3	0
52	0.956576	0.000354479	1	0
53	0.956576	0.000354479	1	0
54	0.956576	0.000354479	1	0
55	0.956576	0.000354479	1	0
56	0.956611	0.000354511	1	0
57	0.956611	0.000354511	1	0
58	0.956611	0.000354511	1	0
59	0.956611	0.000354511	1	0
60	0.956611	0.000354511	1	0
61	0.956611	0.000354511	1	0
62	0.956611	0.000354511	1	0
63	0.956611	0.000354511	1	0
64	0.956611	0.000354511	1	0
65	0.95662	0.000354609	1	0
66	0.95662	0.000354609	1	0
67	0.95662	0.000354609	1	0
68	0.95662	0.000354609	1	0
69	0.95662	0.000354609	1	0
70	0.956741	0.000354459	0	0
71	0.956741	0.000354459	0	0
72	0.957409	0.000354372	0	0
73	0.957409	0.000354372	0	0
74	0.957409	0.000354372	0	0
75	0.957409	0.000354372	0	0
76	0.957409	0.000354372	0	0
77	0.957409	0.000354372	0	0
78	0.957409	0.000354372	0	0
79	0.957409	0.000354372	0	0
80	0.957825	0.000354388	1	0
81	0.957825	0.000354388	1	0
82	0.957825	0.000354388	0	0
83	0.957825	0.000354388	1	0
84	0.957825	0.000354388	1	0
85	0.957825	0.000354388	1	0
86	0.957825	0.000354388	1	0
87	0.957825	0.000354388	1	0
88	0.957825	0.000354388	1	0
89	0.957825	0.000354388	1	0
90	0.957825	0.000354388	1	0
91	0.957825	0.000354388	1	0
92	0.957825	0.000354388	1	0
93	0.957916	0.000354496	3	0
94	0.957916	0.000354496	3	0
95	0.957916	0.000354496	3	0
96	0.957916	0.000354496	3	0
97	0.957916	0.000354496	3	0
98	0.957916	0.000354496	3	0
99	0.957916	0.000354496	3	0
100	0.957916	0.000354496	3	0
