0	0.732965	0.00034993	2	0
1	0.732965	0.00034993	2	0
2	0.732965	0.00034993	2	0
3	0.732965	0.00034993	2	0
4	0.832396	0.000349729	2	0
5	0.843401	0.00034986	2	0
6	0.930812	0.000352745	2	0
7	0.932355	0.000352952	3	0
8	0.932355	0.000352952	3	0
9	0.932355	0.000352952	3	0
10	0.932355	0.000352952	3	0
11	0.932355	0.000352952	3	0
12	0.932355	0.000352952	3	0
13	0.932355	0.000352952	3	0
14	0.957825	0.000354689	1	0
15	0.957825	0.000354689	1	0
16	0.959517	0.000354251	2	0
17	0.959517	0.000354251	2	0
18	0.959517	0.000354251	1	0
19	0.959517	0.000354251	2	0
20	0.959517	0.000354251	2	0
21	0.959517	0.000354251	3	0
22	0.959517	0.000354251	3	0
23	0.960929	0.000354247	1	0
24	0.960929	0.000354247	1	0
25	0.960929	0.000354247	1	0
26	0.960929	0.000354247	1	0
27	0.962525	0.000354436	2	0
28	0.962525	0.000354436	2	0
29	0.962525	0.000354436	2	0
30	0.962525	0.000354436	2	0
31	0.962525	0.000354436	2	0
32	0.963569	0.000354602	1	0
33	0.965863	0.00035476	2	0
34	0.965863	0.00035476	2	0
35	0.965863	0.00035476	2	0
36	0.965863	0.00035476	2	0
37	0.966394	0.000354866	1	0
38	0.966394	0.000354866	1	0
39	0.966394	0.000354866	1	0
40	0.966394	0.000354866	1	0
41	0.966394	0.000354866	1	0
42	0.966394	0.000354866	1	0
43	0.968712	0.000355154	3	0
44	0.968712	0.000355154	3	0
45	0.968712	0.000355154	3	0
46	0.968712	0.000355154	3	0
47	0.968847	0.000354975	2	0
48	0.968847	0.000354975	2	0
49	0.968847	0.000354975	2	0
50	0.968847	0.000354975	2	0
51	0.968882	0.000355074	2	0
52	0.969581	0.000354859	3	0
53	0.969719	0.000354685	1	0
54	0.969719	0.000354685	1	0
55	0.969719	0.000354685	1	0
56	0.969969	0.000354747	1	0
57	0.970342	0.000355017	2	0
58	0.970357	0.000354451	3	0
59	0.970357	0.000354451	2	0
60	0.970357	0.000354451	3	0
61	0.970357	0.000354451	3	0
62	0.970989	0.00035455	2	0
63	0.970989	0.00035455	2	0
64	0.971065	0.000354564	3	0
65	0.971827	0.000354716	2	0
66	0.971937	0.000354713	2	0
67	0.971937	0.000354713	2	0
68	0.971937	0.000354713	2	0
69	0.97203	0.000354706	3	0
70	0.97203	0.000354706	3	0
71	0.97203	0.000354706	3	0
72	0.97203	0.000354706	3	0
73	0.97203	0.000354706	3	0
74	0.972047	0.00035493	3	0
75	0.972047	0.00035493	3	0
76	0.972047	0.00035493	3	0
77	0.972094	0.000354914	3	0
78	0.972094	0.000354914	3	0
79	0.972134	0.000354923	3	0
80	0.972134	0.000354923	3	0
81	0.972168	0.000354921	3	0
82	0.972194	0.000354872	3	0
83	0.972203	0.000354894	4	0
84	0.972203	0.000354894	4	0
85	0.972206	0.000354884	4	0
86	0.972206	0.000354884	2	0
87	0.97221	0.000354881	2	0
88	0.972215	0.000354866	3	0
89	0.972237	0.000354932	4	0
90	0.972237	0.000354932	4	0
91	0.972237	0.000354932	4	0
92	0.972267	0.000354918	4	0
93	0.972279	0.000354911	4	0
94	0.972279	0.000354911	4	0
95	0.972279	0.000354911	4	0
96	0.972279	0.000354911	4	0
97	0.972279	0.000354911	4	0
98	0.972299	0.000354898	4	0
99	0.972299	0.000354898	4	0
100	0.972299	0.000354898	4	0
