0	0.857006	0.000350508	0	0
1	0.857006	0.000350508	2	0
2	0.857006	0.000350508	0	0
3	0.857006	0.000350508	0	0
4	0.857006	0.000350508	0	0
5	0.857006	0.000350508	0	0
6	0.857006	0.000350508	0	0
7	0.857006	0.000350508	2	0
8	0.857006	0.000350508	0	0
9	0.896643	0.000352245	0	0
10	0.896643	0.000352245	0	0
11	0.918386	0.000353512	0	0
12	0.933067	0.000354588	1	0
13	0.961155	0.000353811	2	0
14	0.961155	0.000353811	2	0
15	0.961155	0.000353811	0	0
16	0.961161	0.000353811	2	0
17	0.961161	0.000353811	1	0
18	0.961161	0.000353811	0	0
19	0.965741	0.000354074	2	0
20	0.965741	0.000354074	0	0
21	0.970528	0.000354602	3	0
22	0.970528	0.000354602	1	0
23	0.970528	0.000354602	3	0
24	0.970528	0.000354602	3	0
25	0.970528	0.000354602	0	0
26	0.970528	0.000354602	2	0
27	0.970528	0.000354602	3	0
28	0.970625	0.00035463	3	0
29	0.971061	0.000354992	3	0
30	0.971061	0.000354992	1	0
31	0.971061	0.000354992	3	0
32	0.971061	0.000354992	3	0
33	0.971061	0.000354992	0	0
34	0.971061	0.000354992	0	0
35	0.971061	0.000354992	3	0
36	0.971061	0.000354992	1	0
37	0.971061	0.000354992	1	0
38	0.971109	0.000354819	3	0
39	0.972267	0.000354975	3	0
40	0.972267	0.000354975	3	0
41	0.972267	0.000354975	3	0
42	0.972267	0.000354975	3	0
43	0.972267	0.000354975	3	0
44	0.972267	0.000354975	3	0
45	0.972267	0.000354975	3	0
46	0.972267	0.000354975	3	0
47	0.972267	0.000354975	3	0
48	0.972267	0.000354975	3	0
49	0.972267	0.000354975	3	0
50	0.972272	0.00035498	3	0
51	0.972444	0.000354966	4	0
52	0.972444	0.000354966	4	0
53	0.972444	0.000354966	1	0
54	0.972444	0.000354966	0	0
55	0.972448	0.000354966	4	0
56	0.972448	0.000354966	4	0
57	0.972516	0.000354935	4	0
58	0.972516	0.000354935	4	0
59	0.972516	0.000354935	3	0
60	0.972516	0.000354935	3	0
61	0.97262	0.000354974	3	0
62	0.97262	0.000354974	3	0
63	0.97262	0.000354974	3	0
64	0.97262	0.000354974	3	0
65	0.97262	0.000354974	3	0
66	0.97262	0.000354974	3	0
67	0.97262	0.000354974	3	0
68	0.97262	0.000354974	3	0
69	0.972672	0.000354974	3	0
70	0.972672	0.000354974	3	0
71	0.972672	0.000354974	3	0
72	0.972672	0.000354974	3	0
73	0.972672	0.000354974	3	0
74	0.972672	0.000354974	3	0
75	0.972672	0.000354974	3	0
76	0.972672	0.000354974	3	0
77	0.972672	0.000354974	3	0
78	0.972672	0.000354974	3	0
79	0.972672	0.000354974	3	0
80	0.972672	0.000354974	3	0
81	0.972707	0.000354974	3	0
82	0.972707	0.000354974	3	0
83	0.972707	0.000354974	3	0
84	0.972707	0.000354974	3	0
85	0.972707	0.000354974	0	0
86	0.972707	0.000354974	3	0
87	0.972707	0.000354974	3	0
88	0.97271	0.000354975	2	0
89	0.97271	0.000354975	3	0
90	0.97271	0.000354975	2	0
91	0.972744	0.000354929	3	0
92	0.972744	0.000354929	3	0
93	0.972744	0.000354929	3	0
94	0.972744	0.000354929	3	0
95	0.972744	0.000354929	3	0
96	0.972745	0.000354929	3	0
97	0.972746	0.000354929	3	0
98	0.972746	0.000354929	3	0
99	0.972757	0.000354929	3	0
100	0.972763	0.000354933	3	0
