0	0.783571	0.000350144	1	0
1	0.783571	0.000350144	1	0
2	0.823616	0.000351093	1	0
3	0.823616	0.000351093	0	0
4	0.823616	0.000351093	1	0
5	0.824063	0.000351184	1	0
6	0.824063	0.000351184	2	0
7	0.824063	0.000351184	1	0
8	0.824063	0.000351184	1	0
9	0.824063	0.000351184	1	0
10	0.824063	0.000351184	1	0
11	0.838352	0.000351929	1	0
12	0.838352	0.000351929	1	0
13	0.838352	0.000351929	1	0
14	0.838352	0.000351929	2	0
15	0.906587	0.000356714	1	0
16	0.906587	0.000356714	1	0
17	0.906587	0.000356714	1	0
18	0.906587	0.000356714	2	0
19	0.938723	0.000356601	1	0
20	0.951105	0.000353719	1	0
21	0.951105	0.000353719	1	0
22	0.951105	0.000353719	2	0
23	0.951105	0.000353719	1	0
24	0.955013	0.000355141	1	0
25	0.9557	0.000355201	1	0
26	0.9557	0.000355201	1	0
27	0.9557	0.000355201	1	0
28	0.9557	0.000355201	1	0
29	0.9557	0.000355201	1	0
30	0.956337	0.000354608	3	0
31	0.959278	0.000353543	1	0
32	0.959278	0.000353543	1	0
33	0.960799	0.000354055	2	0
34	0.960799	0.000354055	2	0
35	0.962831	0.000354113	2	0
36	0.962831	0.000354113	2	0
37	0.962831	0.000354113	2	0
38	0.962831	0.000354113	1	0
39	0.965162	0.000354542	2	0
40	0.966009	0.000354906	2	0
41	0.966009	0.000354906	2	0
42	0.966009	0.000354906	2	0
43	0.966009	0.000354906	2	0
44	0.966009	0.000354906	2	0
45	0.966316	0.000354567	2	0
46	0.966316	0.000354567	1	0
47	0.966316	0.000354567	2	0
48	0.966316	0.000354567	2	0
49	0.966316	0.000354567	2	0
50	0.967773	0.0003546	2	0
51	0.967773	0.0003546	2	0
52	0.967773	0.0003546	2	0
53	0.967866	0.000354615	2	0
54	0.967866	0.000354615	2	0
55	0.967866	0.000354615	2	0
56	0.967866	0.000354615	2	0
57	0.968096	0.000354642	2	0
58	0.968123	0.000354629	3	0
59	0.968245	0.000354623	2	0
60	0.968245	0.000354623	1	0
61	0.968245	0.000354623	1	0
62	0.968245	0.000354623	1	0
63	0.968245	0.000354623	2	0
64	0.968486	0.000354706	2	0
65	0.968486	0.000354706	2	0
66	0.968562	0.000354688	3	0
67	0.968562	0.000354688	2	0
68	0.968562	0.000354688	3	0
69	0.968707	0.000354671	3	0
70	0.968707	0.000354671	2	0
71	0.968707	0.000354671	3	0
72	0.968707	0.000354671	3	0
73	0.968803	0.000354724	2	0
74	0.968803	0.000354724	2	0
75	0.968803	0.000354724	0	0
76	0.96889	0.000354679	2	0
77	0.96889	0.000354679	2	0
78	0.96889	0.000354679	2	0
79	0.96889	0.000354679	2	0
80	0.968988	0.000354714	2	0
81	0.968988	0.000354714	0	0
82	0.968988	0.000354714	2	0
83	0.968988	0.000354714	2	0
84	0.968988	0.000354714	2	0
85	0.968988	0.000354714	2	0
86	0.968988	0.000354714	2	0
87	0.968988	0.000354714	2	0
88	0.968988	0.000354714	2	0
89	0.968988	0.000354714	2	0
90	0.968988	0.000354714	2	0
91	0.968988	0.000354714	2	0
92	0.968988	0.000354714	1	0
93	0.968988	0.000354714	2	0
94	0.968988	0.000354714	2	0
95	0.968988	0.000354714	2	0
96	0.968988	0.000354714	2	0
97	0.968988	0.000354714	2	0
98	0.968988	0.000354714	2	0
99	0.96899	0.000354633	2	0
100	0.96899	0.000354633	2	0
