0	0.639925	0.000350722	2	0
1	0.639925	0.000350722	2	0
2	0.743202	0.0003531	2	0
3	0.743202	0.0003531	2	0
4	0.944449	0.000353769	1	0
5	0.944449	0.000353769	1	0
6	0.944449	0.000353769	1	0
7	0.964682	0.000354807	2	0
8	0.964682	0.000354807	2	0
9	0.964682	0.000354807	2	0
10	0.964682	0.000354807	2	0
11	0.964682	0.000354807	0	0
12	0.984772	0.000354277	1	0
13	0.984772	0.000354277	1	0
14	0.984772	0.000354277	1	0
15	0.985456	0.000354393	1	0
16	0.989522	0.000354381	3	0
17	0.989522	0.000354381	3	0
18	0.989522	0.000354381	3	0
19	0.989522	0.000354381	3	0
20	0.989522	0.000354381	3	0
21	0.989522	0.000354381	3	0
22	0.989522	0.000354381	3	0
23	0.990437	0.000355428	1	0
24	0.991563	0.00035519	1	0
25	0.991563	0.00035519	1	0
26	0.991563	0.00035519	1	0
27	0.991636	0.000355191	1	0
28	0.991636	0.000355191	1	0
29	0.991636	0.000355191	1	0
30	0.991636	0.000355191	1	0
31	0.991927	0.000355296	1	0
32	0.992166	0.000355142	1	0
33	0.992166	0.000355142	1	0
34	0.992166	0.000355142	1	0
35	0.992769	0.000355236	1	0
36	0.993598	0.000354758	1	0
37	0.993777	0.000354768	1	0
38	0.993777	0.000354768	1	0
39	0.994219	0.000355194	2	0
40	0.994219	0.000355194	2	0
41	0.994219	0.000355194	2	0
42	0.994219	0.000355194	2	0
43	0.994219	0.000355194	2	0
44	0.994219	0.000355194	2	0
45	0.994219	0.000355194	2	0
46	0.994219	0.000355194	2	0
47	0.994219	0.000355194	2	0
48	0.994219	0.000355194	2	0
49	0.994219	0.000355194	2	0
50	0.994219	0.000355194	2	0
51	0.994219	0.000355194	2	0
52	0.994452	0.000355193	2	0
53	0.99477	0.000354817	4	0
54	0.994947	0.000355033	3	0
55	0.994947	0.000355033	3	0
56	0.994947	0.000355033	2	0
57	0.994947	0.000355033	3	0
58	0.994947	0.000355033	3	0
59	0.994947	0.000355033	3	0
60	0.994947	0.000355033	3	0
61	0.995003	0.000354816	4	0
62	0.995003	0.000354816	4	0
63	0.995003	0.000354816	2	0
64	0.995025	0.000354829	2	0
65	0.995025	0.000354829	2	0
66	0.995025	0.000354829	2	0
67	0.995025	0.000354829	2	0
68	0.995025	0.000354829	2	0
69	0.995346	0.000354865	2	0
70	0.995346	0.000354865	2	0
71	0.995346	0.000354865	2	0
72	0.995346	0.000354865	2	0
73	0.995346	0.000354865	2	0
74	0.995346	0.000354865	2	0
75	0.995346	0.000354865	2	0
76	0.995346	0.000354865	2	0
77	0.995346	0.000354865	2	0
78	0.995346	0.000354865	2	0
79	0.995346	0.000354865	2	0
80	0.995346	0.000354865	2	0
81	0.995346	0.000354865	2	0
82	0.995346	0.000354865	2	0
83	0.995346	0.000354865	2	0
84	0.995346	0.000354865	2	0
85	0.995346	0.000354865	2	0
86	0.995346	0.000354865	2	0
87	0.995346	0.000354865	2	0
88	0.995346	0.000354865	2	0
89	0.995346	0.000354865	2	0
90	0.995346	0.000354865	2	0
91	0.995346	0.000354865	2	0
92	0.995346	0.000354865	2	0
93	0.995346	0.000354865	2	0
94	0.996237	0.000354768	3	0
95	0.996237	0.000354768	3	0
96	0.996237	0.000354768	3	0
97	0.996237	0.000354768	3	0
98	0.996237	0.000354768	3	0
99	0.996237	0.000354768	3	0
100	0.996237	0.000354768	3	0
