0	0.626204	0.000349561	0	0
1	0.626204	0.000349561	0	0
2	0.635618	0.000351587	0	0
3	0.699454	0.000346816	3	0
4	0.699454	0.000346816	0	0
5	0.699454	0.000346816	2	0
6	0.74175	0.000348117	6	0
7	0.74175	0.000348117	6	0
8	0.74175	0.000348117	6	0
9	0.74175	0.000348117	6	0
10	0.74175	0.000348117	6	0
11	0.74175	0.000348117	6	0
12	0.74175	0.000348117	6	0
13	0.74175	0.000348117	6	0
14	0.74175	0.000348117	6	0
15	0.74175	0.000348117	6	0
16	0.780661	0.000352508	1	0
17	0.780661	0.000352508	1	0
18	0.780661	0.000352508	0	0
19	0.780661	0.000352508	1	0
20	0.780661	0.000352508	1	0
21	0.780661	0.000352508	1	0
22	0.780661	0.000352508	1	0
23	0.788252	0.000351989	1	0
24	0.811493	0.00035293	1	0
25	0.811493	0.00035293	1	0
26	0.826353	0.000352196	3	0
27	0.826353	0.000352196	3	0
28	0.853032	0.000354015	1	0
29	0.853032	0.000354015	1	0
30	0.853032	0.000354015	1	0
31	0.853032	0.000354015	1	0
32	0.853032	0.000354015	1	0
33	0.853032	0.000354015	1	0
34	0.853032	0.000354015	1	0
35	0.925961	0.000355418	2	0
36	0.925961	0.000355418	2	0
37	0.925961	0.000355418	2	0
38	0.925961	0.000355418	2	0
39	0.925961	0.000355418	2	0
40	0.93666	0.000354891	2	0
41	0.93666	0.000354891	1	0
42	0.93666	0.000354891	2	0
43	0.93666	0.000354891	2	0
44	0.93666	0.000354891	2	0
45	0.93666	0.000354891	2	0
46	0.93666	0.000354891	2	0
47	0.93666	0.000354891	2	0
48	0.93666	0.000354891	2	0
49	0.937544	0.000356467	1	0
50	0.937544	0.000356467	1	0
51	0.942137	0.000355436	1	0
52	0.942137	0.000355436	2	0
53	0.942137	0.000355436	1	0
54	0.942137	0.000355436	1	0
55	0.942346	0.000354264	1	0
56	0.942346	0.000354264	2	0
57	0.946347	0.000355078	1	0
58	0.946347	0.000355078	1	0
59	0.94789	0.000354808	2	0
60	0.94789	0.000354808	2	0
61	0.94789	0.000354808	2	0
62	0.94789	0.000354808	2	0
63	0.94789	0.000354808	2	0
64	0.94789	0.000354808	2	0
65	0.948139	0.000354594	2	0
66	0.948139	0.000354594	2	0
67	0.948139	0.000354594	2	0
68	0.948139	0.000354594	2	0
69	0.948139	0.000354594	2	0
70	0.948139	0.000354594	2	0
71	0.948139	0.000354594	2	0
72	0.948139	0.000354594	2	0
73	0.948139	0.000354594	2	0
74	0.948139	0.000354594	2	0
75	0.948139	0.000354594	2	0
76	0.948139	0.000354594	2	0
77	0.948139	0.000354594	2	0
78	0.948139	0.000354594	2	0
79	0.948139	0.000354594	2	0
80	0.948139	0.000354594	2	0
81	0.948139	0.000354594	2	0
82	0.948139	0.000354594	2	0
83	0.948139	0.000354594	2	0
84	0.948139	0.000354594	2	0
85	0.948139	0.000354594	2	0
86	0.948139	0.000354594	2	0
87	0.948139	0.000354594	2	0
88	0.948139	0.000354594	2	0
89	0.948139	0.000354594	2	0
90	0.948139	0.000354594	2	0
91	0.948139	0.000354594	2	0
92	0.948139	0.000354594	2	0
93	0.948139	0.000354594	2	0
94	0.948139	0.000354594	2	0
95	0.948139	0.000354594	2	0
96	0.948139	0.000354594	2	0
97	0.948139	0.000354594	2	0
98	0.948139	0.000354594	2	0
99	0.948139	0.000354594	2	0
100	0.948139	0.000354594	2	0
