0	0.654114	0.000347284	2	0
1	0.654114	0.000347284	0	0
2	0.712679	0.000347611	5	0
3	0.712679	0.000347611	5	0
4	0.712679	0.000347611	5	0
5	0.74175	0.000348117	6	0
6	0.74175	0.000348117	6	0
7	0.768345	0.000354237	0	0
8	0.776827	0.00035241	1	0
9	0.776827	0.00035241	1	0
10	0.776827	0.00035241	1	0
11	0.811493	0.00035293	1	0
12	0.811493	0.00035293	1	0
13	0.811493	0.00035293	1	0
14	0.811493	0.00035293	1	0
15	0.819467	0.000351555	0	0
16	0.819698	0.00035241	1	0
17	0.894582	0.000354932	1	0
18	0.894582	0.000354932	1	0
19	0.894582	0.000354932	1	0
20	0.894582	0.000354932	1	0
21	0.894582	0.000354932	1	0
22	0.916326	0.000355587	2	0
23	0.916326	0.000355587	1	0
24	0.916326	0.000355587	2	0
25	0.931266	0.000354266	0	0
26	0.931266	0.000354266	0	0
27	0.931266	0.000354266	0	0
28	0.943853	0.000354418	0	0
29	0.949325	0.000355918	1	0
30	0.949325	0.000355918	0	0
31	0.950366	0.000356441	2	0
32	0.950366	0.000356441	2	0
33	0.950366	0.000356441	2	0
34	0.950366	0.000356441	2	0
35	0.950366	0.000356441	2	0
36	0.950366	0.000356441	2	0
37	0.97157	0.000353169	4	0
38	0.97157	0.000353169	0	0
39	0.97157	0.000353169	0	0
40	0.97157	0.000353169	4	0
41	0.97157	0.000353169	4	0
42	0.97157	0.000353169	4	0
43	0.97157	0.000353169	4	0
44	0.97157	0.000353169	4	0
45	0.97157	0.000353169	4	0
46	0.97157	0.000353169	4	0
47	0.97157	0.000353169	4	0
48	0.97157	0.000353169	4	0
49	0.97157	0.000353169	4	0
50	0.978696	0.000353733	4	0
51	0.978696	0.000353733	4	0
52	0.978696	0.000353733	4	0
53	0.978696	0.000353733	4	0
54	0.978696	0.000353733	4	0
55	0.978696	0.000353733	4	0
56	0.978696	0.000353733	4	0
57	0.978696	0.000353733	4	0
58	0.978696	0.000353733	4	0
59	0.978696	0.000353733	4	0
60	0.978696	0.000353733	4	0
61	0.978696	0.000353733	4	0
62	0.978696	0.000353733	4	0
63	0.978696	0.000353733	4	0
64	0.978696	0.000353733	4	0
65	0.978696	0.000353733	4	0
66	0.978696	0.000353733	4	0
67	0.978696	0.000353733	4	0
68	0.978696	0.000353733	4	0
69	0.978696	0.000353733	4	0
70	0.978696	0.000353733	4	0
71	0.978696	0.000353733	4	0
72	0.978696	0.000353733	4	0
73	0.978696	0.000353733	4	0
74	0.978696	0.000353733	4	0
75	0.978696	0.000353733	4	0
76	0.978696	0.000353733	4	0
77	0.978696	0.000353733	4	0
78	0.978696	0.000353733	4	0
79	0.978696	0.000353733	4	0
80	0.978696	0.000353733	4	0
81	0.978696	0.000353733	4	0
82	0.978696	0.000353733	4	0
83	0.978696	0.000353733	4	0
84	0.978696	0.000353733	4	0
85	0.978696	0.000353733	4	0
86	0.978696	0.000353733	4	0
87	0.978696	0.000353733	4	0
88	0.978696	0.000353733	4	0
89	0.978696	0.000353733	4	0
90	0.978696	0.000353733	4	0
91	0.978696	0.000353733	4	0
92	0.978696	0.000353733	4	0
93	0.978696	0.000353733	4	0
94	0.978696	0.000353733	4	0
95	0.978696	0.000353733	4	0
96	0.978696	0.000353733	4	0
97	0.978696	0.000353733	4	0
98	0.978696	0.000353733	4	0
99	0.978696	0.000353733	4	0
100	0.978696	0.000353733	4	0
