0	0.635626	0.000348068	1	0
1	0.639827	0.000355896	1	0
2	0.74175	0.000348117	6	0
3	0.74175	0.000348117	6	0
4	0.74175	0.000348117	4	0
5	0.808949	0.000354038	4	0
6	0.888202	0.000353284	6	0
7	0.939391	0.00035547	1	0
8	0.939391	0.00035547	1	0
9	0.958404	0.000356602	3	0
10	0.977495	0.000354092	5	0
11	0.977495	0.000354092	1	0
12	0.977495	0.000354092	7	0
13	0.977495	0.000354092	5	0
14	0.981765	0.000353192	5	0
15	0.981765	0.000353192	5	0
16	0.986031	0.000355283	3	0
17	0.988834	0.000353793	11	0
18	1	0.000354573	21	0
19	1	0.000354573	21	0
20	1	0.000354573	21	0
21	1	0.000354573	21	0
22	1	0.000354573	21	0
23	1	0.000354573	21	0
24	1	0.000354573	21	0
25	1	0.000354573	21	0
26	1	0.000354573	21	0
27	1	0.000354573	21	0
28	1	0.000354573	21	0
29	1	0.000354573	21	0
30	1	0.000354573	1	0
31	1	0.000354573	21	0
32	1	0.000354573	21	0
33	1	0.000354573	21	0
34	1	0.000354573	21	0
35	1	0.000354573	21	0
36	1	0.000354573	21	0
37	1	0.000354573	21	0
38	1	0.000354573	21	0
39	1	0.000354573	21	0
40	1	0.000354573	21	0
41	1	0.000354573	21	0
42	1	0.000354573	21	0
43	1	0.000354573	21	0
44	1	0.000354573	21	0
45	1	0.000354573	21	0
46	1	0.000354573	21	0
47	1	0.000354573	21	0
48	1	0.000354573	21	0
49	1	0.000354573	21	0
50	1	0.000354573	21	0
51	1	0.000354573	21	0
52	1	0.000354573	21	0
53	1	0.000354573	21	0
54	1	0.000354573	21	0
55	1	0.000354573	21	0
56	1	0.000354573	21	0
57	1	0.000354573	21	0
58	1	0.000354573	21	0
59	1	0.000354573	21	0
60	1	0.000354573	21	0
61	1	0.000354573	21	0
62	1	0.000354573	21	0
63	1	0.000354573	21	0
64	1	0.000354573	21	0
65	1	0.000354573	21	0
66	1	0.000354573	21	0
67	1	0.000354573	21	0
68	1	0.000354573	21	0
69	1	0.000354573	21	0
70	1	0.000354573	21	0
71	1	0.000354573	21	0
72	1	0.000354573	21	0
73	1	0.000354573	21	0
74	1	0.000354573	21	0
75	1	0.000354573	21	0
76	1	0.000354573	21	0
77	1	0.000354573	21	0
78	1	0.000354573	21	0
79	1	0.000354573	21	0
80	1	0.000354573	21	0
81	1	0.000354573	21	0
82	1	0.000354573	21	0
83	1	0.000354573	21	0
84	1	0.000354573	21	0
85	1	0.000354573	21	0
86	1	0.000354573	21	0
87	1	0.000354573	21	0
88	1	0.000354573	21	0
89	1	0.000354573	21	0
90	1	0.000354573	21	0
91	1	0.000354573	21	0
92	1	0.000354573	21	0
93	1	0.000354573	21	0
94	1	0.000354573	21	0
95	1	0.000354573	21	0
96	1	0.000354573	21	0
97	1	0.000354573	21	0
98	1	0.000354573	21	0
99	1	0.000354573	21	0
100	1	0.000354573	21	0
