0	0.609603	0.000350603	0	0
1	0.649049	0.000350307	0	0
2	0.760026	0.000357576	1	0
3	0.827588	0.000355048	1	0
4	0.827588	0.000355048	1	0
5	0.827588	0.000355048	1	0
6	0.827588	0.000355048	1	0
7	0.932355	0.000352952	3	0
8	0.932355	0.000352952	3	0
9	0.932355	0.000352952	3	0
10	0.96077	0.00035507	2	0
11	0.9613	0.000354821	3	0
12	0.9613	0.000354821	3	0
13	0.9613	0.000354821	3	0
14	0.9613	0.000354821	3	0
15	0.9613	0.000354821	3	0
16	0.9613	0.000354821	3	0
17	0.9613	0.000354821	3	0
18	0.9613	0.000354821	3	0
19	0.96784	0.000355417	3	0
20	0.96784	0.000355417	3	0
21	0.96784	0.000355417	3	0
22	0.96784	0.000355417	3	0
23	0.96784	0.000355417	3	0
24	0.96784	0.000355417	3	0
25	0.96784	0.000355417	3	0
26	0.96784	0.000355417	3	0
27	0.971582	0.000354836	1	0
28	0.971582	0.000354836	1	0
29	0.971582	0.000354836	1	0
30	0.971582	0.000354836	1	0
31	0.971582	0.000354836	3	0
32	0.971582	0.000354836	1	0
33	0.971582	0.000354836	1	0
34	0.971582	0.000354836	1	0
35	0.971582	0.000354836	1	0
36	0.971582	0.000354836	1	0
37	0.971582	0.000354836	1	0
38	0.971582	0.000354836	1	0
39	0.971582	0.000354836	1	0
40	0.971582	0.000354836	1	0
41	0.971596	0.000355016	3	0
42	0.971596	0.000355016	0	0
43	0.971596	0.000355016	3	0
44	0.971596	0.000355016	3	0
45	0.971596	0.000355016	3	0
46	0.971596	0.000355016	3	0
47	0.971596	0.000355016	3	0
48	0.971596	0.000355016	3	0
49	0.971596	0.000355016	3	0
50	0.971596	0.000355016	3	0
51	0.971596	0.000355016	3	0
52	0.971596	0.000355016	3	0
53	0.971597	0.000355015	3	0
54	0.971597	0.000355015	3	0
55	0.971597	0.000355015	3	0
56	0.971597	0.000355015	3	0
57	0.971597	0.000355015	3	0
58	0.971597	0.000355015	3	0
59	0.971597	0.000355015	3	0
60	0.971597	0.000355015	3	0
61	0.971597	0.000355015	3	0
62	0.971597	0.000355015	3	0
63	0.971597	0.000355015	3	0
64	0.971597	0.000355015	3	0
65	0.971597	0.000355015	3	0
66	0.971597	0.000355015	3	0
67	0.971597	0.000355015	3	0
68	0.971597	0.000355015	3	0
69	0.971597	0.000355015	3	0
70	0.971597	0.000355015	3	0
71	0.971597	0.000355015	3	0
72	0.971598	0.000355014	3	0
73	0.971598	0.000355014	3	0
74	0.971598	0.000355014	3	0
75	0.971598	0.000355014	3	0
76	0.971599	0.000355013	3	0
77	0.971599	0.000355013	3	0
78	0.971599	0.000355013	3	0
79	0.971599	0.000355013	3	0
80	0.971599	0.000355013	3	0
81	0.971599	0.000355013	3	0
82	0.971599	0.000355013	3	0
83	0.971599	0.000355013	3	0
84	0.9716	0.000355012	3	0
85	0.9716	0.000355012	3	0
86	0.971601	0.000355011	3	0
87	0.971602	0.00035501	3	0
88	0.971602	0.00035501	3	0
89	0.971602	0.00035501	1	0
90	0.971602	0.000355009	3	0
91	0.971602	0.000355009	3	0
92	0.971602	0.000355009	3	0
93	0.972269	0.000355021	2	0
94	0.972269	0.000355021	2	0
95	0.972269	0.000355021	2	0
96	0.972269	0.000355021	2	0
97	0.972269	0.000355021	2	0
98	0.972269	0.000355018	2	0
99	0.97227	0.000355015	2	0
100	0.97227	0.000355015	0	0
