0	0.623757	0.000350938	0	0
1	0.657809	0.000353672	0	0
2	0.740012	0.000354958	0	0
3	0.757576	0.000358806	1	0
4	0.829939	0.000355735	0	0
5	0.829939	0.000355735	0	0
6	0.851379	0.000355008	1	0
7	0.870351	0.000354642	1	0
8	0.870351	0.000354642	0	0
9	0.873682	0.00035169	3	0
10	0.891816	0.000354381	0	0
11	0.947493	0.000353379	1	0
12	0.980515	0.000354246	4	0
13	0.980515	0.000354246	4	0
14	0.980515	0.000354246	4	0
15	0.982016	0.000354411	3	0
16	0.982443	0.000354459	3	0
17	0.982443	0.000354459	0	0
18	0.982443	0.000354459	3	0
19	0.982603	0.000354423	3	0
20	0.983131	0.000354431	3	0
21	0.983131	0.000354431	1	0
22	0.984387	0.000354617	3	0
23	0.984387	0.000354617	3	0
24	0.984387	0.000354617	3	0
25	0.984387	0.000354617	3	0
26	0.984523	0.000354594	3	0
27	0.984735	0.000354629	5	0
28	0.985272	0.00035472	6	0
29	0.985272	0.00035472	6	0
30	0.985571	0.000354685	5	0
31	0.985606	0.000354742	6	0
32	0.985606	0.000354742	0	0
33	0.985611	0.000354742	6	0
34	0.99072	0.000355176	3	0
35	0.99072	0.000355176	3	0
36	0.99072	0.000355176	5	0
37	0.99072	0.000355176	3	0
38	0.99072	0.000355176	3	0
39	0.99072	0.000355176	3	0
40	0.99072	0.000355176	3	0
41	0.991816	0.000355137	3	0
42	0.991816	0.000355137	4	0
43	0.994833	0.00035537	4	0
44	0.994833	0.00035537	7	0
45	0.994833	0.00035537	4	0
46	0.994833	0.00035537	4	0
47	0.994833	0.00035537	4	0
48	0.994833	0.00035537	4	0
49	0.994833	0.00035537	4	0
50	0.994833	0.00035537	4	0
51	0.996857	0.000355008	4	0
52	0.996857	0.000355008	4	0
53	0.996857	0.000355008	4	0
54	0.997001	0.000354594	9	0
55	0.997001	0.000354594	9	0
56	0.997143	0.000354702	9	0
57	0.99725	0.000354714	9	0
58	0.99725	0.000354714	9	0
59	0.998083	0.00035457	9	0
60	0.998083	0.00035457	9	0
61	0.998083	0.00035457	9	0
62	0.998083	0.00035457	9	0
63	0.998083	0.00035457	9	0
64	0.998083	0.00035457	9	0
65	0.998109	0.000354579	9	0
66	0.998109	0.000354579	9	0
67	0.998109	0.000354579	9	0
68	0.998109	0.000354579	9	0
69	0.998131	0.000354577	10	0
70	0.998131	0.000354577	10	0
71	0.998131	0.000354577	9	0
72	0.998131	0.000354577	10	0
73	0.998131	0.000354577	10	0
74	0.998131	0.000354577	10	0
75	0.998131	0.000354577	10	0
76	0.998131	0.000354577	10	0
77	0.998131	0.000354577	10	0
78	0.998131	0.000354577	10	0
79	0.998131	0.000354577	10	0
80	0.998131	0.000354577	10	0
81	0.998131	0.000354577	10	0
82	0.998131	0.000354577	10	0
83	0.998131	0.000354577	10	0
84	0.998131	0.000354577	10	0
85	0.998131	0.000354577	10	0
86	0.998131	0.000354577	10	0
87	0.998131	0.000354577	10	0
88	0.998131	0.000354577	10	0
89	0.998136	0.000354576	10	0
90	0.998136	0.000354576	10	0
91	0.998136	0.000354576	10	0
92	0.998136	0.000354576	10	0
93	0.998136	0.000354576	10	0
94	0.998136	0.000354576	10	0
95	0.998136	0.000354576	10	0
96	0.998136	0.000354576	10	0
97	0.998136	0.000354576	10	0
98	0.998136	0.000354576	10	0
99	0.998141	0.000354575	10	0
100	0.998141	0.000354575	10	0
