0	0.607116	0.000353052	0	0
1	0.607116	0.000353052	0	0
2	0.617807	0.000351508	1	0
3	0.808835	0.000349102	1	0
4	0.895486	0.000351181	1	0
5	0.895486	0.000351181	1	0
6	0.895486	0.000351181	1	0
7	0.895486	0.000351181	1	0
8	0.895486	0.000351181	5	0
9	0.895486	0.000351181	0	0
10	0.895486	0.000351181	1	0
11	0.895486	0.000351181	1	0
12	0.895486	0.000351181	1	0
13	0.895486	0.000351181	7	0
14	0.895486	0.000351181	1	0
15	0.895486	0.000351181	7	0
16	0.895486	0.000351181	7	0
17	0.895486	0.000351181	1	0
18	0.936104	0.000356101	3	0
19	0.936104	0.000356101	3	0
20	0.946629	0.000353398	3	0
21	0.946629	0.000353398	3	0
22	0.946629	0.000353398	3	0
23	0.946629	0.000353398	3	0
24	0.946629	0.000353398	3	0
25	0.967459	0.000354945	3	0
26	0.967459	0.000354945	3	0
27	0.967459	0.000354945	3	0
28	0.967459	0.000354945	3	0
29	0.967459	0.000354945	3	0
30	0.967459	0.000354945	3	0
31	0.967459	0.000354945	3	0
32	0.967459	0.000354945	3	0
33	0.967459	0.000354945	3	0
34	0.967459	0.000354945	3	0
35	0.967459	0.000354945	3	0
36	0.967459	0.000354945	3	0
37	0.967459	0.000354945	3	0
38	0.967459	0.000354945	3	0
39	0.967459	0.000354945	3	0
40	0.967459	0.000354945	3	0
41	0.967459	0.000354945	3	0
42	0.96838	0.000355365	3	0
43	0.971533	0.000353867	5	0
44	0.971533	0.000353867	5	0
45	0.992583	0.000355531	3	0
46	0.992583	0.000355531	3	0
47	0.992583	0.000355531	3	0
48	0.992583	0.000355531	3	0
49	0.992583	0.000355531	3	0
50	0.992583	0.000355531	3	0
51	0.992583	0.000355531	3	0
52	0.992583	0.000355531	3	0
53	0.992583	0.000355531	3	0
54	0.992583	0.000355531	3	0
55	0.992583	0.000355531	3	0
56	0.992583	0.000355531	3	0
57	0.992583	0.000355531	3	0
58	0.9967	0.000354895	4	0
59	0.9967	0.000354895	3	0
60	0.9967	0.000354895	4	0
61	0.9967	0.000354895	4	0
62	0.9967	0.000354895	4	0
63	0.9967	0.000354895	4	0
64	0.9967	0.000354895	4	0
65	0.9967	0.000354895	4	0
66	0.9967	0.000354895	4	0
67	0.9967	0.000354895	4	0
68	0.9967	0.000354895	4	0
69	0.9967	0.000354895	4	0
70	0.9967	0.000354895	4	0
71	0.9967	0.000354895	4	0
72	0.9967	0.000354895	4	0
73	0.9967	0.000354895	4	0
74	0.9967	0.000354895	4	0
75	0.9967	0.000354895	4	0
76	0.9967	0.000354895	4	0
77	0.9967	0.000354895	4	0
78	0.9967	0.000354895	4	0
79	0.9967	0.000354895	4	0
80	0.9967	0.000354895	4	0
81	0.9967	0.000354895	4	0
82	0.9967	0.000354895	4	0
83	0.9967	0.000354895	4	0
84	0.9967	0.000354895	4	0
85	0.9967	0.000354895	4	0
86	0.9967	0.000354895	4	0
87	0.9967	0.000354895	4	0
88	0.9967	0.000354895	4	0
89	0.9967	0.000354895	4	0
90	0.9967	0.000354895	4	0
91	0.9967	0.000354895	4	0
92	0.9967	0.000354895	4	0
93	0.9967	0.000354895	4	0
94	0.9967	0.000354895	4	0
95	0.9967	0.000354895	4	0
96	0.9967	0.000354895	4	0
97	0.9967	0.000354895	4	0
98	0.9967	0.000354895	4	0
99	0.9967	0.000354895	4	0
100	0.9967	0.000354895	4	0
