0	0.728922	0.000352195	1	0
1	0.745986	0.000349709	0	0
2	0.926897	0.000352032	2	0
3	0.926897	0.000352032	2	0
4	0.926897	0.000352032	2	0
5	0.926897	0.000352032	2	0
6	0.926897	0.000352032	2	0
7	0.926897	0.000352032	2	0
8	0.926897	0.000352032	2	0
9	0.92733	0.000355185	2	0
10	0.92733	0.000355185	2	0
11	0.963699	0.000354107	2	0
12	0.963699	0.000354107	2	0
13	0.963699	0.000354107	2	0
14	0.963699	0.000354107	2	0
15	0.963699	0.000354107	2	0
16	0.963699	0.000354107	2	0
17	0.963699	0.000354107	2	0
18	0.963699	0.000354107	2	0
19	0.963699	0.000354107	2	0
20	0.963699	0.000354107	2	0
21	0.963699	0.000354107	2	0
22	0.963699	0.000354107	2	0
23	0.963699	0.000354107	2	0
24	0.963699	0.000354107	2	0
25	0.963699	0.000354107	2	0
26	0.963699	0.000354107	2	0
27	0.963699	0.000354107	2	0
28	0.963699	0.000354107	2	0
29	0.963699	0.000354107	2	0
30	0.963699	0.000354107	2	0
31	0.963699	0.000354107	2	0
32	0.963699	0.000354107	2	0
33	0.963699	0.000354107	2	0
34	0.963699	0.000354107	2	0
35	0.963699	0.000354107	2	0
36	0.963699	0.000354107	2	0
37	0.963699	0.000354107	2	0
38	0.963699	0.000354107	2	0
39	0.963699	0.000354107	2	0
40	0.963699	0.000354107	2	0
41	0.963699	0.000354107	2	0
42	0.963699	0.000354107	2	0
43	0.963699	0.000354107	2	0
44	0.963699	0.000354107	2	0
45	0.963699	0.000354107	2	0
46	0.963699	0.000354107	2	0
47	0.963699	0.000354107	2	0
48	0.963699	0.000354107	2	0
49	0.963699	0.000354107	2	0
50	0.963699	0.000354107	2	0
51	0.963699	0.000354107	2	0
52	0.963699	0.000354107	2	0
53	0.963699	0.000354107	2	0
54	0.963699	0.000354107	2	0
55	0.963699	0.000354107	2	0
56	0.963699	0.000354107	2	0
57	0.963699	0.000354107	2	0
58	0.963699	0.000354107	2	0
59	0.963699	0.000354107	2	0
60	0.963699	0.000354107	2	0
61	0.963699	0.000354107	2	0
62	0.963699	0.000354107	2	0
63	0.963699	0.000354107	2	0
64	0.963699	0.000354107	2	0
65	0.963699	0.000354107	2	0
66	0.963699	0.000354107	2	0
67	0.963699	0.000354107	2	0
68	0.963699	0.000354107	2	0
69	0.963699	0.000354107	2	0
70	0.963699	0.000354107	2	0
71	0.963699	0.000354107	2	0
72	0.963699	0.000354107	2	0
73	0.963699	0.000354107	2	0
74	0.963699	0.000354107	2	0
75	0.963699	0.000354107	2	0
76	0.963699	0.000354107	2	0
77	0.963699	0.000354107	2	0
78	0.963699	0.000354107	2	0
79	0.963699	0.000354107	2	0
80	0.963699	0.000354107	2	0
81	0.963699	0.000354107	2	0
82	0.963699	0.000354107	2	0
83	0.963699	0.000354107	2	0
84	0.963699	0.000354107	2	0
85	0.963699	0.000354107	2	0
86	0.963699	0.000354107	2	0
87	0.963699	0.000354107	2	0
88	0.963699	0.000354107	2	0
89	0.963699	0.000354107	2	0
90	0.963699	0.000354107	2	0
91	0.963699	0.000354107	2	0
92	0.963699	0.000354107	2	0
93	0.963699	0.000354107	2	0
94	0.963699	0.000354107	2	0
95	0.963699	0.000354107	2	0
96	0.963699	0.000354107	2	0
97	0.963699	0.000354107	2	0
98	0.963699	0.000354107	2	0
99	0.963699	0.000354107	2	0
100	0.963699	0.000354107	2	0
