0	0.752057	0.000352568	1	0
1	0.752057	0.000352568	3	0
2	0.796592	0.000352972	1	0
3	0.862259	0.000351342	7	0
4	0.862259	0.000351342	6	0
5	0.862259	0.000351342	7	0
6	0.862259	0.000351342	1	0
7	0.895608	0.000357678	1	0
8	0.900761	0.000357642	2	0
9	0.900761	0.000357642	2	0
10	0.905362	0.000357454	1	0
11	0.914444	0.000356503	1	0
12	0.917491	0.000355569	2	0
13	0.935317	0.000354846	1	0
14	0.948844	0.000355784	3	0
15	0.979977	0.000355619	2	0
16	0.979977	0.000355619	2	0
17	0.98074	0.000355616	2	0
18	0.98074	0.000355616	1	0
19	0.98074	0.000355616	2	0
20	0.98074	0.000355616	2	0
21	0.98074	0.000355616	2	0
22	0.980755	0.000355619	2	0
23	0.98103	0.000355723	2	0
24	0.983268	0.000355492	2	0
25	0.983268	0.000355492	1	0
26	0.983268	0.000355492	2	0
27	0.985454	0.000354853	4	0
28	0.985454	0.000354853	4	0
29	0.989774	0.000354969	2	0
30	0.989774	0.000354969	1	0
31	0.989774	0.000354969	1	0
32	0.989774	0.000354969	2	0
33	0.989774	0.000354969	2	0
34	0.989774	0.000354969	2	0
35	0.989774	0.000354969	2	0
36	0.989774	0.000354969	2	0
37	0.989774	0.000354969	4	0
38	0.989774	0.000354969	2	0
39	0.991499	0.000354763	4	0
40	0.992679	0.000355283	2	0
41	0.992679	0.000355283	2	0
42	0.992679	0.000355283	2	0
43	0.993654	0.000354964	5	0
44	0.993654	0.000354964	5	0
45	0.993654	0.000354964	5	0
46	0.993654	0.000354964	5	0
47	0.993654	0.000354964	5	0
48	0.993654	0.000354964	5	0
49	0.993997	0.000354969	5	0
50	0.993997	0.000354969	5	0
51	0.993997	0.000354969	5	0
52	0.993997	0.000354969	5	0
53	0.993997	0.000354969	5	0
54	0.993997	0.000354969	5	0
55	0.994288	0.000355184	4	0
56	0.994288	0.000355184	4	0
57	0.994288	0.000355184	4	0
58	0.994288	0.000355184	4	0
59	0.995002	0.000354752	5	0
60	0.995002	0.000354752	5	0
61	0.995002	0.000354752	5	0
62	0.996567	0.000354552	4	0
63	0.996567	0.000354552	4	0
64	0.996567	0.000354552	4	0
65	0.996567	0.000354552	4	0
66	0.996567	0.000354552	4	0
67	0.996567	0.000354552	4	0
68	0.996567	0.000354552	4	0
69	0.996567	0.000354552	4	0
70	0.996567	0.000354552	4	0
71	0.996567	0.000354552	4	0
72	0.996567	0.000354552	4	0
73	0.996587	0.000354976	4	0
74	0.996587	0.000354976	4	0
75	0.996587	0.000354976	4	0
76	0.996587	0.000354976	4	0
77	0.996587	0.000354976	4	0
78	0.996638	0.000354658	2	0
79	0.996756	0.000354959	4	0
80	0.996756	0.000354959	4	0
81	0.996756	0.000354959	4	0
82	0.996756	0.000354959	4	0
83	0.99682	0.000354419	2	0
84	0.99682	0.000354419	2	0
85	0.998024	0.000354736	5	0
86	0.998024	0.000354736	5	0
87	0.998158	0.00035476	3	0
88	0.998158	0.00035476	3	0
89	0.998158	0.00035476	3	0
90	0.998158	0.00035476	3	0
91	0.998158	0.00035476	3	0
92	0.998158	0.00035476	3	0
93	0.998925	0.00035485	10	0
94	0.998925	0.00035485	10	0
95	0.998925	0.00035485	10	0
96	0.998925	0.00035485	10	0
97	0.998925	0.00035485	10	0
98	0.998925	0.00035485	10	0
99	0.998953	0.000354809	8	0
100	0.999002	0.000354749	12	0
