0	0.74175	0.000348117	6	0
1	0.74175	0.000348117	1	0
2	0.74175	0.000348117	6	0
3	0.74175	0.000348117	6	0
4	0.874492	0.000354311	0	0
5	0.874492	0.000354311	0	0
6	0.874492	0.000354311	0	0
7	0.893081	0.000356467	0	0
8	0.893081	0.000356467	0	0
9	0.91936	0.000352289	3	0
10	0.932254	0.000353027	7	0
11	0.932254	0.000353027	7	0
12	0.932254	0.000353027	7	0
13	0.932254	0.000353027	7	0
14	0.939018	0.000354648	2	0
15	0.939018	0.000354648	2	0
16	0.943004	0.000354708	0	0
17	0.979747	0.000354485	2	0
18	0.979747	0.000354485	1	0
19	0.979747	0.000354485	1	0
20	0.979747	0.000354485	2	0
21	0.979747	0.000354485	2	0
22	0.979747	0.000354485	2	0
23	0.979747	0.000354485	2	0
24	0.979747	0.000354485	2	0
25	0.979747	0.000354485	2	0
26	0.979747	0.000354485	2	0
27	0.979747	0.000354485	2	0
28	0.97976	0.000354504	2	0
29	0.979762	0.000354504	2	0
30	0.980139	0.000354471	2	0
31	0.981725	0.000354258	2	0
32	0.981725	0.000354258	2	0
33	0.981725	0.000354258	2	0
34	0.981725	0.000354258	2	0
35	0.981725	0.000354258	2	0
36	0.981725	0.000354258	2	0
37	0.981725	0.000354258	2	0
38	0.981725	0.000354258	2	0
39	0.981725	0.000354258	2	0
40	0.981725	0.000354258	2	0
41	0.981804	0.000354067	1	0
42	0.981804	0.000354067	1	0
43	0.981804	0.000354067	1	0
44	0.982095	0.000353988	2	0
45	0.982095	0.000353988	2	0
46	0.982095	0.000353988	1	0
47	0.982095	0.000353988	2	0
48	0.982095	0.000353988	2	0
49	0.982095	0.000353988	2	0
50	0.982095	0.000353988	2	0
51	0.982095	0.000353988	2	0
52	0.982095	0.000353988	2	0
53	0.982095	0.000353988	2	0
54	0.982095	0.000353988	2	0
55	0.982095	0.000353988	2	0
56	0.982095	0.000353988	2	0
57	0.982095	0.000353988	2	0
58	0.983491	0.000354173	2	0
59	0.983491	0.000354173	2	0
60	0.983491	0.000354173	2	0
61	0.983491	0.000354173	2	0
62	0.983491	0.000354173	2	0
63	0.983491	0.000354173	2	0
64	0.983491	0.000354173	2	0
65	0.983491	0.000354173	2	0
66	0.983491	0.000354173	2	0
67	0.983491	0.000354173	2	0
68	0.983491	0.000354173	2	0
69	0.983491	0.000354173	2	0
70	0.983491	0.000354173	2	0
71	0.983491	0.000354173	2	0
72	0.983491	0.000354173	2	0
73	0.983491	0.000354173	2	0
74	0.983491	0.000354173	2	0
75	0.983491	0.000354173	2	0
76	0.983516	0.000354157	3	0
77	0.983516	0.000354157	2	0
78	0.983516	0.000354157	3	0
79	0.983517	0.000354156	3	0
80	0.983517	0.000354156	3	0
81	0.983523	0.000354144	3	0
82	0.983523	0.000354155	3	0
83	0.983529	0.000354148	3	0
84	0.983529	0.000354148	3	0
85	0.983529	0.000354148	3	0
86	0.983529	0.000354148	3	0
87	0.983529	0.000354148	3	0
88	0.983529	0.000354148	3	0
89	0.983529	0.000354148	3	0
90	0.983529	0.000354148	3	0
91	0.983529	0.000354148	3	0
92	0.983529	0.000354148	3	0
93	0.983534	0.000354135	4	0
94	0.983534	0.000354135	4	0
95	0.983534	0.000354135	4	0
96	0.983534	0.000354135	4	0
97	0.983537	0.000354157	3	0
98	0.983537	0.000354157	4	0
99	0.983537	0.000354157	1	0
100	0.983537	0.000354157	4	0
