0	0.733228	0.000358697	0	0
1	0.883381	0.000353137	3	0
2	0.943501	0.000352218	1	0
3	0.943501	0.000352218	2	0
4	0.943501	0.000352218	1	0
5	0.952243	0.000353336	4	0
6	0.952243	0.000353336	1	0
7	0.982408	0.000353003	7	0
8	0.982408	0.000353003	7	0
9	0.982408	0.000353003	7	0
10	0.982408	0.000353003	7	0
11	0.982408	0.000353003	7	0
12	0.982408	0.000353003	7	0
13	0.982408	0.000353003	7	0
14	0.982408	0.000353003	7	0
15	0.982408	0.000353003	7	0
16	0.987675	0.000354348	4	0
17	0.987675	0.000354348	1	0
18	0.987675	0.000354348	4	0
19	0.987675	0.000354348	4	0
20	0.987819	0.000354542	5	0
21	0.991585	0.000354659	6	0
22	0.991585	0.000354659	5	0
23	0.991585	0.000354659	5	0
24	0.991585	0.000354659	0	0
25	0.995089	0.000354039	10	0
26	0.995089	0.000354039	10	0
27	0.995089	0.000354039	10	0
28	0.995089	0.000354039	7	0
29	0.995089	0.000354039	3	0
30	0.995089	0.000354039	3	0
31	0.995467	0.000354163	12	0
32	0.995467	0.000354163	12	0
33	0.995467	0.000354163	12	0
34	0.995467	0.000354163	12	0
35	0.995467	0.000354163	12	0
36	0.995467	0.000354163	12	0
37	0.995467	0.000354163	12	0
38	0.995467	0.000354163	12	0
39	0.995467	0.000354163	12	0
40	0.995467	0.000354163	12	0
41	0.995467	0.000354163	12	0
42	0.995467	0.000354163	12	0
43	0.995467	0.000354163	12	0
44	0.995467	0.000354163	12	0
45	0.995467	0.000354163	12	0
46	0.995467	0.000354163	12	0
47	0.995467	0.000354163	12	0
48	0.995467	0.000354163	12	0
49	0.995467	0.000354163	12	0
50	0.995467	0.000354163	12	0
51	0.995467	0.000354163	12	0
52	0.995467	0.000354163	12	0
53	0.995467	0.000354163	12	0
54	0.995467	0.000354163	12	0
55	0.995467	0.000354163	12	0
56	0.995467	0.000354163	12	0
57	0.995467	0.000354163	12	0
58	0.995467	0.000354163	12	0
59	0.995467	0.000354163	12	0
60	0.995467	0.000354163	12	0
61	0.995467	0.000354163	12	0
62	0.995467	0.000354163	12	0
63	0.995467	0.000354163	12	0
64	0.995467	0.000354163	12	0
65	0.995467	0.000354163	12	0
66	0.995467	0.000354163	12	0
67	0.995467	0.000354163	12	0
68	0.995467	0.000354163	12	0
69	0.995467	0.000354163	12	0
70	0.995467	0.000354163	12	0
71	0.995467	0.000354163	12	0
72	0.995467	0.000354163	12	0
73	0.995467	0.000354163	12	0
74	0.995467	0.000354163	12	0
75	0.996087	0.000354181	7	0
76	0.996087	0.000354181	7	0
77	0.996087	0.000354181	7	0
78	0.996087	0.000354181	7	0
79	0.996087	0.000354181	7	0
80	0.996087	0.000354181	7	0
81	0.996087	0.000354181	7	0
82	0.996087	0.000354181	7	0
83	0.996087	0.000354181	7	0
84	0.996087	0.000354181	7	0
85	0.996087	0.000354181	7	0
86	0.996087	0.000354181	7	0
87	0.996087	0.000354181	7	0
88	0.996087	0.000354181	7	0
89	0.996087	0.000354181	7	0
90	0.996087	0.000354181	7	0
91	0.996087	0.000354181	7	0
92	0.996087	0.000354181	7	0
93	0.996087	0.000354181	7	0
94	0.996087	0.000354181	7	0
95	0.996087	0.000354181	7	0
96	0.996087	0.000354181	7	0
97	0.996087	0.000354181	7	0
98	0.996087	0.000354181	7	0
99	0.996087	0.000354181	7	0
100	0.996087	0.000354181	7	0
