0	0.644594	0.000347361	2	0
1	0.87953	0.000352323	2	0
2	0.87953	0.000352323	2	0
3	0.87953	0.000352323	2	0
4	0.87953	0.000352323	2	0
5	0.87953	0.000352323	2	0
6	0.939739	0.000354747	2	0
7	0.939739	0.000354747	1	0
8	0.939739	0.000354747	2	0
9	0.939739	0.000354747	1	0
10	0.939739	0.000354747	5	0
11	0.939739	0.000354747	2	0
12	0.939739	0.000354747	2	0
13	0.939739	0.000354747	2	0
14	0.939739	0.000354747	2	0
15	0.939739	0.000354747	2	0
16	0.939739	0.000354747	2	0
17	0.941399	0.000355376	2	0
18	0.942274	0.00035636	2	0
19	0.942274	0.00035636	2	0
20	0.942274	0.00035636	2	0
21	0.942274	0.00035636	2	0
22	0.942274	0.00035636	2	0
23	0.942274	0.00035636	2	0
24	0.94266	0.000356568	1	0
25	0.94266	0.000356568	1	0
26	0.950385	0.000355829	1	0
27	0.953094	0.000355619	1	0
28	0.953094	0.000355619	1	0
29	0.953094	0.000355619	1	0
30	0.953094	0.000355619	1	0
31	0.956821	0.00035524	1	0
32	0.956821	0.00035524	1	0
33	0.9622	0.000353723	4	0
34	0.9622	0.000353723	4	0
35	0.9622	0.000353723	4	0
36	0.9622	0.000353723	1	0
37	0.9622	0.000353723	4	0
38	0.9622	0.000353723	4	0
39	0.962811	0.000354542	2	0
40	0.962811	0.000354542	1	0
41	0.962811	0.000354542	2	0
42	0.962811	0.000354542	2	0
43	0.962811	0.000354542	2	0
44	0.963479	0.000354803	1	0
45	0.963479	0.000354803	1	0
46	0.963479	0.000354803	1	0
47	0.963479	0.000354803	1	0
48	0.963479	0.000354803	1	0
49	0.963479	0.000354803	1	0
50	0.967035	0.000355129	1	0
51	0.969363	0.000355075	4	0
52	0.969363	0.000355075	4	0
53	0.969363	0.000355075	4	0
54	0.969363	0.000355075	1	0
55	0.969363	0.000355075	4	0
56	0.969363	0.000355075	1	0
57	0.969363	0.000355075	4	0
58	0.969363	0.000355075	1	0
59	0.969363	0.000355075	1	0
60	0.969363	0.000355075	4	0
61	0.969363	0.000355075	4	0
62	0.969363	0.000355075	4	0
63	0.969363	0.000355075	4	0
64	0.969363	0.000355075	4	0
65	0.969363	0.000355075	4	0
66	0.969363	0.000355075	4	0
67	0.969363	0.000355075	4	0
68	0.969363	0.000355075	4	0
69	0.969363	0.000355075	4	0
70	0.969363	0.000355075	4	0
71	0.969363	0.000355075	4	0
72	0.969363	0.000355075	4	0
73	0.969363	0.000355075	4	0
74	0.969363	0.000355075	4	0
75	0.969363	0.000355075	4	0
76	0.969363	0.000355075	4	0
77	0.969363	0.000355075	4	0
78	0.969363	0.000355075	4	0
79	0.969363	0.000355075	4	0
80	0.969363	0.000355075	4	0
81	0.969363	0.000355075	4	0
82	0.969579	0.000354962	3	0
83	0.969579	0.000354962	4	0
84	0.969579	0.000354962	3	0
85	0.969579	0.000354962	3	0
86	0.969579	0.000354962	3	0
87	0.969579	0.000354962	3	0
88	0.969579	0.000354962	3	0
89	0.969579	0.000354962	3	0
90	0.969579	0.000354962	3	0
91	0.969579	0.000354962	3	0
92	0.969579	0.000354962	3	0
93	0.969579	0.000354962	3	0
94	0.969579	0.000354962	3	0
95	0.969579	0.000354962	3	0
96	0.969579	0.000354962	3	0
97	0.969579	0.000354962	3	0
98	0.969579	0.000354962	3	0
99	0.969579	0.000354962	3	0
100	0.969579	0.000354962	3	0
