0	0.74175	0.000348117	6	0
1	0.7693	0.000350343	5	0
2	0.7693	0.000350343	5	0
3	0.7693	0.000350343	2	0
4	0.77003	0.000349625	2	0
5	0.77003	0.000349625	2	0
6	0.835077	0.000351976	5	0
7	0.835077	0.000351976	5	0
8	0.835077	0.000351976	5	0
9	0.835077	0.000351976	5	0
10	0.835077	0.000351976	5	0
11	0.895334	0.000353456	5	0
12	0.895334	0.000353456	5	0
13	0.895334	0.000353456	5	0
14	0.975158	0.000354463	3	0
15	0.975158	0.000354463	3	0
16	0.975158	0.000354463	3	0
17	0.976399	0.00035592	5	0
18	0.976399	0.00035592	5	0
19	0.976399	0.00035592	5	0
20	0.976399	0.00035592	5	0
21	0.976399	0.00035592	5	0
22	0.976399	0.00035592	5	0
23	0.976399	0.00035592	5	0
24	0.976399	0.00035592	5	0
25	0.981389	0.000355399	3	0
26	0.981389	0.000355399	3	0
27	0.981389	0.000355399	3	0
28	0.981389	0.000355399	3	0
29	0.981389	0.000355399	3	0
30	0.981389	0.000355399	3	0
31	0.981389	0.000355399	3	0
32	0.981389	0.000355399	3	0
33	0.981389	0.000355399	3	0
34	0.981389	0.000355399	3	0
35	0.981389	0.000355399	3	0
36	0.981389	0.000355399	3	0
37	0.981389	0.000355399	3	0
38	0.981389	0.000355399	3	0
39	0.981389	0.000355399	3	0
40	0.981389	0.000355399	3	0
41	0.981389	0.000355399	3	0
42	0.981389	0.000355399	3	0
43	0.981389	0.000355399	3	0
44	0.981389	0.000355399	3	0
45	0.981389	0.000355399	3	0
46	0.981389	0.000355399	3	0
47	0.981389	0.000355399	3	0
48	0.981389	0.000355399	3	0
49	0.981389	0.000355399	3	0
50	0.981389	0.000355399	3	0
51	0.981389	0.000355399	3	0
52	0.981389	0.000355399	3	0
53	0.983429	0.000354319	2	0
54	0.983429	0.000354319	2	0
55	0.983429	0.000354319	2	0
56	0.983429	0.000354319	2	0
57	0.983429	0.000354319	2	0
58	0.983429	0.000354319	2	0
59	0.983429	0.000354319	2	0
60	0.983429	0.000354319	2	0
61	0.985888	0.000354761	2	0
62	0.985888	0.000354761	2	0
63	0.985888	0.000354761	2	0
64	0.985888	0.000354761	2	0
65	0.986857	0.000354606	3	0
66	0.986857	0.000354606	3	0
67	0.986857	0.000354606	3	0
68	0.986857	0.000354606	3	0
69	0.986857	0.000354606	3	0
70	0.986857	0.000354606	3	0
71	0.986857	0.000354606	3	0
72	0.986857	0.000354606	3	0
73	0.987541	0.000354857	3	0
74	0.987541	0.000354857	3	0
75	0.987541	0.000354857	3	0
76	0.987541	0.000354857	3	0
77	0.987541	0.000354857	3	0
78	0.987541	0.000354857	3	0
79	0.987541	0.000354857	3	0
80	0.987541	0.000354857	3	0
81	0.987541	0.000354857	3	0
82	0.987541	0.000354857	3	0
83	0.987541	0.000354857	3	0
84	0.987541	0.000354857	3	0
85	0.987541	0.000354857	3	0
86	0.987541	0.000354857	3	0
87	0.987541	0.000354857	3	0
88	0.987541	0.000354857	3	0
89	0.987541	0.000354857	3	0
90	0.987541	0.000354857	3	0
91	0.987541	0.000354857	3	0
92	0.987541	0.000354857	3	0
93	0.987541	0.000354857	3	0
94	0.987541	0.000354857	3	0
95	0.987541	0.000354857	3	0
96	0.987541	0.000354857	3	0
97	0.987541	0.000354857	3	0
98	0.987541	0.000354857	3	0
99	0.987541	0.000354857	3	0
100	0.987541	0.000354857	3	0
