-14.506156	0.000000
-14.531344	0.010000
-14.556593	0.020000
-14.581903	0.030000
-14.607273	0.040000
-14.632704	0.050000
-14.658194	0.060000
-14.683745	0.070000
-14.709354	0.080000
-14.735024	0.090000
-14.760752	0.100000
-14.786539	0.110000
-14.812384	0.120000
-14.838288	0.130000
-14.864249	0.140000
-14.890269	0.150000
-14.916345	0.160000
-14.942479	0.170000
-14.968670	0.180000
-14.994918	0.190000
-15.021222	0.200000
-15.047583	0.210000
-15.073999	0.220000
-15.100471	0.230000
-15.126998	0.240000
-15.153581	0.250000
-15.180219	0.260000
-15.206911	0.270000
-15.233658	0.280000
-15.260459	0.290000
-15.287315	0.300000
-15.314224	0.310000
-15.341186	0.320000
-15.368202	0.330000
-15.395270	0.340000
-15.422392	0.350000
-15.449566	0.360000
-15.476793	0.370000
-15.504071	0.380000
-15.531401	0.390000
-15.558783	0.400000
-15.586217	0.410000
-15.613701	0.420000
-15.641237	0.430000
-15.668823	0.440000
-15.696459	0.450000
-15.724146	0.460000
-15.751882	0.470000
-15.779669	0.480000
-15.807505	0.490000
-15.835390	0.500000
-15.863324	0.510000
-15.891307	0.520000
-15.919339	0.530000
-15.947419	0.540000
-15.975547	0.550000
-16.003723	0.560000
-16.031947	0.570000
-16.060218	0.580000
-16.088537	0.590000
-16.116902	0.600000
-16.145315	0.610000
-16.173774	0.620000
-16.202279	0.630000
-16.230831	0.640000
-16.259428	0.650000
-16.288071	0.660000
-16.316760	0.670000
-16.345494	0.680000
-16.374273	0.690000
-16.403097	0.700000
-16.431965	0.710000
-16.460878	0.720000
-16.489836	0.730000
-16.518837	0.740000
-16.547882	0.750000
-16.576971	0.760000
-16.606103	0.770000
-16.635278	0.780000
-16.664496	0.790000
-16.693757	0.800000
-16.723061	0.810000
-16.752407	0.820000
-16.781795	0.830000
-16.811225	0.840000
-16.840697	0.850000
-16.870211	0.860000
-16.899766	0.870000
-16.929362	0.880000
-16.958999	0.890000
-16.988677	0.900000
-17.018395	0.910000
-17.048154	0.920000
-17.077954	0.930000
-17.107793	0.940000
-17.137672	0.950000
-17.167590	0.960000
-17.197549	0.970000
-17.227546	0.980000
-17.257582	0.990000
-17.287658	1.000000
-17.317772	1.010000
-17.347925	1.020000
-17.378116	1.030000
-17.408345	1.040000
-17.438612	1.050000
-17.468918	1.060000
-17.499260	1.070000
-17.529641	1.080000
-17.560058	1.090000
-17.590513	1.100000
-17.621005	1.110000
-17.651533	1.120000
-17.682098	1.130000
-17.712700	1.140000
-17.743338	1.150000
-17.774011	1.160000
-17.804721	1.170000
-17.835467	1.180000
-17.866248	1.190000
-17.897065	1.200000
-17.927917	1.210000
-17.958804	1.220000
-17.989726	1.230000
-18.020683	1.240000
-18.051675	1.250000
-18.082701	1.260000
-18.113762	1.270000
-18.144856	1.280000
-18.175985	1.290000
-18.207148	1.300000
-18.238344	1.310000
-18.269574	1.320000
-18.300838	1.330000
-18.332134	1.340000
-18.363464	1.350000
-18.394827	1.360000
-18.426223	1.370000
-18.457651	1.380000
-18.489112	1.390000
-18.520606	1.400000
-18.552131	1.410000
-18.583689	1.420000
-18.615279	1.430000
-18.646901	1.440000
-18.678554	1.450000
-18.710239	1.460000
-18.741956	1.470000
-18.773704	1.480000
-18.805483	1.490000
-18.837293	1.500000
-18.869134	1.510000
-18.901005	1.520000
-18.932908	1.530000
-18.964841	1.540000
-18.996804	1.550000
-19.028798	1.560000
-19.060822	1.570000
-19.092876	1.580000
-19.124960	1.590000
-19.157073	1.600000
-19.189217	1.610000
-19.221389	1.620000
-19.253592	1.630000
-19.285823	1.640000
-19.318084	1.650000
-19.350374	1.660000
-19.382692	1.670000
-19.415040	1.680000
-19.447416	1.690000
-19.479821	1.700000
-19.512254	1.710000
-19.544716	1.720000
-19.577206	1.730000
-19.609724	1.740000
-19.642270	1.750000
-19.674844	1.760000
-19.707446	1.770000
-19.740076	1.780000
-19.772733	1.790000
-19.805418	1.800000
-19.838130	1.810000
-19.870869	1.820000
-19.903636	1.830000
-19.936429	1.840000
-19.969250	1.850000
-20.002097	1.860000
-20.034972	1.870000
-20.067873	1.880000
-20.100800	1.890000
-20.133754	1.900000
-20.166734	1.910000
-20.199741	1.920000
-20.232774	1.930000
-20.265832	1.940000
-20.298917	1.950000
-20.332028	1.960000
-20.365164	1.970000
-20.398327	1.980000
-20.431514	1.990000
-20.464728	2.000000
-20.497966	2.010000
-20.531230	2.020000
-20.564519	2.030000
-20.597834	2.040000
-20.631173	2.050000
-20.664538	2.060000
-20.697927	2.070000
-20.731341	2.080000
-20.764780	2.090000
-20.798243	2.100000
-20.831731	2.110000
-20.865243	2.120000
-20.898780	2.130000
-20.932341	2.140000
-20.965926	2.150000
-20.999535	2.160000
-21.033168	2.170000
-21.066825	2.180000
-21.100506	2.190000
-21.134211	2.200000
-21.167940	2.210000
-21.201692	2.220000
-21.235467	2.230000
-21.269266	2.240000
-21.303089	2.250000
-21.336935	2.260000
-21.370804	2.270000
-21.404696	2.280000
-21.438611	2.290000
-21.472549	2.300000
-21.506510	2.310000
-21.540494	2.320000
-21.574501	2.330000
-21.608530	2.340000
-21.642582	2.350000
-21.676657	2.360000
-21.710754	2.370000
-21.744873	2.380000
-21.779015	2.390000
-21.813179	2.400000
-21.847365	2.410000
-21.881573	2.420000
-21.915803	2.430000
-21.950056	2.440000
-21.984330	2.450000
-22.018626	2.460000
-22.052944	2.470000
-22.087283	2.480000
-22.121645	2.490000
-22.156027	2.500000
-22.190431	2.510000
-22.224857	2.520000
-22.259304	2.530000
-22.293772	2.540000
-22.328262	2.550000
-22.362773	2.560000
-22.397305	2.570000
-22.431858	2.580000
-22.466431	2.590000
-22.501026	2.600000
-22.535642	2.610000
-22.570278	2.620000
-22.604936	2.630000
-22.639614	2.640000
-22.674312	2.650000
-22.709031	2.660000
-22.743771	2.670000
-22.778531	2.680000
-22.813311	2.690000
-22.848112	2.700000
-22.882933	2.710000
-22.917774	2.720000
-22.952635	2.730000
-22.987516	2.740000
-23.022418	2.750000
-23.057339	2.760000
-23.092280	2.770000
-23.127241	2.780000
-23.162222	2.790000
-23.197223	2.800000
-23.232243	2.810000
-23.267283	2.820000
-23.302343	2.830000
-23.337422	2.840000
-23.372520	2.850000
-23.407638	2.860000
-23.442775	2.870000
-23.477932	2.880000
-23.513108	2.890000
-23.548303	2.900000
-23.583517	2.910000
-23.618751	2.920000
-23.654003	2.930000
-23.689274	2.940000
-23.724565	2.950000
-23.759874	2.960000
-23.795202	2.970000
-23.830549	2.980000
-23.865914	2.990000
-23.901299	3.000000
-23.936702	3.010000
-23.972123	3.020000
-24.007563	3.030000
-24.043022	3.040000
-24.078499	3.050000
-24.113994	3.060000
-24.149508	3.070000
-24.185040	3.080000
-24.220591	3.090000
-24.256159	3.100000
-24.291746	3.110000
-24.327351	3.120000
-24.362974	3.130000
-24.398615	3.140000
-24.434274	3.150000
-24.469951	3.160000
-24.505646	3.170000
-24.541358	3.180000
-24.577089	3.190000
-24.612837	3.200000
-24.648603	3.210000
-24.684387	3.220000
-24.720188	3.230000
-24.756007	3.240000
-24.791843	3.250000
-24.827697	3.260000
-24.863568	3.270000
-24.899457	3.280000
-24.935363	3.290000
-24.971287	3.300000
-25.007228	3.310000
-25.043186	3.320000
-25.079161	3.330000
-25.115153	3.340000
-25.151163	3.350000
-25.187190	3.360000
-25.223233	3.370000
-25.259294	3.380000
-25.295372	3.390000
-25.331466	3.400000
-25.367578	3.410000
-25.403706	3.420000
-25.439851	3.430000
-25.476013	3.440000
-25.512192	3.450000
-25.548387	3.460000
-25.584599	3.470000
-25.620828	3.480000
-25.657073	3.490000
-25.693335	3.500000
-25.729613	3.510000
-25.765908	3.520000
-25.802219	3.530000
-25.838546	3.540000
-25.874890	3.550000
-25.911250	3.560000
-25.947627	3.570000
-25.984020	3.580000
-26.020429	3.590000
-26.056854	3.600000
-26.093295	3.610000
-26.129752	3.620000
-26.166226	3.630000
-26.202715	3.640000
-26.239221	3.650000
-26.275742	3.660000
-26.312280	3.670000
-26.348833	3.680000
-26.385402	3.690000
-26.421987	3.700000
-26.458588	3.710000
-26.495205	3.720000
-26.531837	3.730000
-26.568485	3.740000
-26.605149	3.750000
-26.641828	3.760000
-26.678523	3.770000
-26.715233	3.780000
-26.751960	3.790000
-26.788701	3.800000
-26.825458	3.810000
-26.862230	3.820000
-26.899018	3.830000
-26.935821	3.840000
-26.972640	3.850000
-27.009474	3.860000
-27.046323	3.870000
-27.083187	3.880000
-27.120067	3.890000
-27.156962	3.900000
-27.193872	3.910000
-27.230797	3.920000
-27.267737	3.930000
-27.304693	3.940000
-27.341663	3.950000
-27.378648	3.960000
-27.415649	3.970000
-27.452664	3.980000
-27.489694	3.990000
-27.526739	4.000000
-27.563799	4.010000
-27.600874	4.020000
-27.637963	4.030000
-27.675068	4.040000
-27.712187	4.050000
-27.749321	4.060000
-27.786469	4.070000
-27.823633	4.080000
-27.860810	4.090000
-27.898003	4.100000
-27.935210	4.110000
-27.972432	4.120000
-28.009668	4.130000
-28.046918	4.140000
-28.084183	4.150000
-28.121463	4.160000
-28.158757	4.170000
-28.196065	4.180000
-28.233388	4.190000
-28.270725	4.200000
-28.308077	4.210000
-28.345442	4.220000
-28.382822	4.230000
-28.420216	4.240000
-28.457625	4.250000
-28.495047	4.260000
-28.532484	4.270000
-28.569935	4.280000
-28.607400	4.290000
-28.644879	4.300000
-28.682372	4.310000
-28.719879	4.320000
-28.757401	4.330000
-28.794936	4.340000
-28.832485	4.350000
-28.870048	4.360000
-28.907625	4.370000
-28.945216	4.380000
-28.982821	4.390000
-29.020439	4.400000
-29.058072	4.410000
-29.095718	4.420000
-29.133378	4.430000
-29.171052	4.440000
-29.208739	4.450000
-29.246440	4.460000
-29.284155	4.470000
-29.321884	4.480000
-29.359626	4.490000
-29.397381	4.500000
-29.435151	4.510000
-29.472934	4.520000
-29.510730	4.530000
-29.548540	4.540000
-29.586363	4.550000
-29.624200	4.560000
-29.662051	4.570000
-29.699914	4.580000
-29.737792	4.590000
-29.775682	4.600000
-29.813586	4.610000
-29.851503	4.620000
-29.889434	4.630000
-29.927378	4.640000
-29.965335	4.650000
-30.003306	4.660000
-30.041289	4.670000
-30.079286	4.680000
-30.117296	4.690000
-30.155319	4.700000
-30.193356	4.710000
-30.231405	4.720000
-30.269468	4.730000
-30.307544	4.740000
-30.345633	4.750000
-30.383735	4.760000
-30.421849	4.770000
-30.459977	4.780000
-30.498118	4.790000
-30.536272	4.800000
-30.574439	4.810000
-30.612619	4.820000
-30.650811	4.830000
-30.689017	4.840000
-30.727235	4.850000
-30.765467	4.860000
-30.803711	4.870000
-30.841968	4.880000
-30.880237	4.890000
-30.918520	4.900000
-30.956815	4.910000
-30.995123	4.920000
-31.033444	4.930000
-31.071777	4.940000
-31.110123	4.950000
-31.148482	4.960000
-31.186854	4.970000
-31.225238	4.980000
-31.263634	4.990000
-31.302043	5.000000
-31.340465	5.010000
-31.378900	5.020000
-31.417347	5.030000
-31.455806	5.040000
-31.494278	5.050000
-31.532762	5.060000
-31.571259	5.070000
-31.609769	5.080000
-31.648290	5.090000
-31.686824	5.100000
-31.725371	5.110000
-31.763930	5.120000
-31.802501	5.130000
-31.841085	5.140000
-31.879681	5.150000
-31.918289	5.160000
-31.956910	5.170000
-31.995542	5.180000
-32.034188	5.190000
-32.072845	5.200000
-32.111515	5.210000
-32.150196	5.220000
-32.188890	5.230000
-32.227596	5.240000
-32.266315	5.250000
-32.305045	5.260000
-32.343788	5.270000
-32.382542	5.280000
-32.421309	5.290000
-32.460088	5.300000
-32.498879	5.310000
-32.537682	5.320000
-32.576497	5.330000
-32.615324	5.340000
-32.654163	5.350000
-32.693014	5.360000
-32.731877	5.370000
-32.770752	5.380000
-32.809639	5.390000
-32.848538	5.400000
-32.887448	5.410000
-32.926371	5.420000
-32.965305	5.430000
-33.004252	5.440000
-33.043210	5.450000
-33.082180	5.460000
-33.121162	5.470000
-33.160155	5.480000
-33.199161	5.490000
-33.238178	5.500000
-33.277207	5.510000
-33.316248	5.520000
-33.355300	5.530000
-33.394364	5.540000
-33.433440	5.550000
-33.472528	5.560000
-33.511627	5.570000
-33.550738	5.580000
-33.589860	5.590000
-33.628994	5.600000
-33.668140	5.610000
-33.707297	5.620000
-33.746466	5.630000
-33.785647	5.640000
-33.824839	5.650000
-33.864042	5.660000
-33.903257	5.670000
-33.942484	5.680000
-33.981722	5.690000
-34.020972	5.700000
-34.060233	5.710000
-34.099505	5.720000
-34.138789	5.730000
-34.178085	5.740000
-34.217392	5.750000
-34.256710	5.760000
-34.296040	5.770000
-34.335381	5.780000
-34.374733	5.790000
-34.414097	5.800000
-34.453472	5.810000
-34.492859	5.820000
-34.532256	5.830000
-34.571665	5.840000
-34.611086	5.850000
-34.650517	5.860000
-34.689960	5.870000
-34.729414	5.880000
-34.768880	5.890000
-34.808356	5.900000
-34.847844	5.910000
-34.887343	5.920000
-34.926854	5.930000
-34.966375	5.940000
-35.005908	5.950000
-35.045451	5.960000
-35.085006	5.970000
-35.124572	5.980000
-35.164149	5.990000
-35.203737	6.000000
-35.243337	6.010000
-35.282947	6.020000
-35.322569	6.030000
-35.362201	6.040000
-35.401845	6.050000
-35.441499	6.060000
-35.481165	6.070000
-35.520841	6.080000
-35.560529	6.090000
-35.600228	6.100000
-35.639937	6.110000
-35.679658	6.120000
-35.719389	6.130000
-35.759132	6.140000
-35.798885	6.150000
-35.838649	6.160000
-35.878424	6.170000
-35.918210	6.180000
-35.958007	6.190000
-35.997815	6.200000
-36.037634	6.210000
-36.077463	6.220000
-36.117304	6.230000
-36.157155	6.240000
-36.197017	6.250000
-36.236889	6.260000
-36.276773	6.270000
-36.316667	6.280000
-36.356572	6.290000
-36.396488	6.300000
-36.436415	6.310000
-36.476352	6.320000
-36.516300	6.330000
-36.556259	6.340000
-36.596229	6.350000
-36.636209	6.360000
-36.676200	6.370000
-36.716201	6.380000
-36.756213	6.390000
-36.796236	6.400000
-36.836270	6.410000
-36.876314	6.420000
-36.916369	6.430000
-36.956434	6.440000
-36.996510	6.450000
-37.036597	6.460000
-37.076694	6.470000
-37.116801	6.480000
-37.156920	6.490000
-37.197048	6.500000
-37.237188	6.510000
-37.277338	6.520000
-37.317498	6.530000
-37.357669	6.540000
-37.397850	6.550000
-37.438042	6.560000
-37.478244	6.570000
-37.518457	6.580000
-37.558680	6.590000
-37.598914	6.600000
-37.639158	6.610000
-37.679413	6.620000
-37.719678	6.630000
-37.759953	6.640000
-37.800239	6.650000
-37.840535	6.660000
-37.880842	6.670000
-37.921159	6.680000
-37.961486	6.690000
-38.001824	6.700000
-38.042172	6.710000
-38.082530	6.720000
-38.122899	6.730000
-38.163278	6.740000
-38.203667	6.750000
-38.244066	6.760000
-38.284476	6.770000
-38.324896	6.780000
-38.365327	6.790000
-38.405767	6.800000
-38.446218	6.810000
-38.486679	6.820000
-38.527150	6.830000
-38.567632	6.840000
-38.608124	6.850000
-38.648626	6.860000
-38.689138	6.870000
-38.729660	6.880000
-38.770193	6.890000
-38.810735	6.900000
-38.851288	6.910000
-38.891851	6.920000
-38.932424	6.930000
-38.973007	6.940000
-39.013601	6.950000
-39.054204	6.960000
-39.094818	6.970000
-39.135442	6.980000
-39.176075	6.990000
-39.216719	7.000000
-39.257373	7.010000
-39.298037	7.020000
-39.338711	7.030000
-39.379395	7.040000
-39.420089	7.050000
-39.460793	7.060000
-39.501507	7.070000
-39.542231	7.080000
-39.582965	7.090000
-39.623709	7.100000
-39.664464	7.110000
-39.705228	7.120000
-39.746002	7.130000
-39.786786	7.140000
-39.827579	7.150000
-39.868383	7.160000
-39.909197	7.170000
-39.950021	7.180000
-39.990854	7.190000
-40.031698	7.200000
-40.072551	7.210000
-40.113415	7.220000
-40.154288	7.230000
-40.195171	7.240000
-40.236064	7.250000
-40.276967	7.260000
-40.317879	7.270000
-40.358802	7.280000
-40.399734	7.290000
-40.440676	7.300000
-40.481628	7.310000
-40.522590	7.320000
-40.563562	7.330000
-40.604543	7.340000
-40.645534	7.350000
-40.686535	7.360000
-40.727546	7.370000
-40.768566	7.380000
-40.809596	7.390000
-40.850636	7.400000
-40.891686	7.410000
-40.932745	7.420000
-40.973814	7.430000
-41.014893	7.440000
-41.055982	7.450000
-41.097080	7.460000
-41.138188	7.470000
-41.179306	7.480000
-41.220433	7.490000
-41.261570	7.500000
-41.302716	7.510000
-41.343873	7.520000
-41.385039	7.530000
-41.426214	7.540000
-41.467399	7.550000
-41.508594	7.560000
-41.549799	7.570000
-41.591013	7.580000
-41.632236	7.590000
-41.673470	7.600000
-41.714712	7.610000
-41.755965	7.620000
-41.797227	7.630000
-41.838498	7.640000
-41.879779	7.650000
-41.921070	7.660000
-41.962370	7.670000
-42.003680	7.680000
-42.044999	7.690000
-42.086328	7.700000
-42.127666	7.710000
-42.169014	7.720000
-42.210371	7.730000
-42.251738	7.740000
-42.293114	7.750000
-42.334500	7.760000
-42.375895	7.770000
-42.417299	7.780000
-42.458713	7.790000
-42.500137	7.800000
-42.541570	7.810000
-42.583012	7.820000
-42.624464	7.830000
-42.665925	7.840000
-42.707396	7.850000
-42.748876	7.860000
-42.790365	7.870000
-42.831864	7.880000
-42.873372	7.890000
-42.914890	7.900000
-42.956417	7.910000
-42.997953	7.920000
-43.039499	7.930000
-43.081054	7.940000
-43.122618	7.950000
-43.164192	7.960000
-43.205775	7.970000
-43.247367	7.980000
-43.288969	7.990000
-43.330580	8.000000
-43.372200	8.010000
-43.413830	8.020000
-43.455469	8.030000
-43.497117	8.040000
-43.538774	8.050000
-43.580441	8.060000
-43.622117	8.070000
-43.663802	8.080000
-43.705497	8.090000
-43.747200	8.100000
-43.788913	8.110000
-43.830635	8.120000
-43.872367	8.130000
-43.914107	8.140000
-43.955857	8.150000
-43.997616	8.160000
-44.039384	8.170000
-44.081161	8.180000
-44.122948	8.190000
-44.164744	8.200000
-44.206548	8.210000
-44.248362	8.220000
-44.290186	8.230000
-44.332018	8.240000
-44.373859	8.250000
-44.415710	8.260000
-44.457570	8.270000
-44.499439	8.280000
-44.541317	8.290000
-44.583204	8.300000
-44.625100	8.310000
-44.667005	8.320000
-44.708919	8.330000
-44.750843	8.340000
-44.792775	8.350000
-44.834717	8.360000
-44.876667	8.370000
-44.918627	8.380000
-44.960596	8.390000
-45.002574	8.400000
-45.044561	8.410000
-45.086556	8.420000
-45.128561	8.430000
-45.170575	8.440000
-45.212598	8.450000
-45.254630	8.460000
-45.296671	8.470000
-45.338721	8.480000
-45.380780	8.490000
-45.422848	8.500000
-45.464924	8.510000
-45.507010	8.520000
-45.549105	8.530000
-45.591209	8.540000
-45.633321	8.550000
-45.675443	8.560000
-45.717574	8.570000
-45.759713	8.580000
-45.801862	8.590000
-45.844019	8.600000
-45.886185	8.610000
-45.928360	8.620000
-45.970544	8.630000
-46.012737	8.640000
-46.054939	8.650000
-46.097150	8.660000
-46.139370	8.670000
-46.181598	8.680000
-46.223835	8.690000
-46.266082	8.700000
-46.308337	8.710000
-46.350601	8.720000
-46.392873	8.730000
-46.435155	8.740000
-46.477445	8.750000
-46.519744	8.760000
-46.562052	8.770000
-46.604369	8.780000
-46.646695	8.790000
-46.689029	8.800000
-46.731373	8.810000
-46.773725	8.820000
-46.816085	8.830000
-46.858455	8.840000
-46.900833	8.850000
-46.943220	8.860000
-46.985616	8.870000
-47.028021	8.880000
-47.070434	8.890000
-47.112856	8.900000
-47.155287	8.910000
-47.197727	8.920000
-47.240175	8.930000
-47.282632	8.940000
-47.325098	8.950000
-47.367572	8.960000
-47.410055	8.970000
-47.452547	8.980000
-47.495047	8.990000
-47.537557	9.000000
-47.580074	9.010000
-47.622601	9.020000
-47.665136	9.030000
-47.707680	9.040000
-47.750232	9.050000
-47.792793	9.060000
-47.835363	9.070000
-47.877941	9.080000
-47.920528	9.090000
-47.963124	9.100000
-48.005728	9.110000
-48.048341	9.120000
-48.090963	9.130000
-48.133593	9.140000
-48.176231	9.150000
-48.218878	9.160000
-48.261534	9.170000
-48.304199	9.180000
-48.346872	9.190000
-48.389553	9.200000
-48.432243	9.210000
-48.474942	9.220000
-48.517649	9.230000
-48.560365	9.240000
-48.603089	9.250000
-48.645822	9.260000
-48.688563	9.270000
-48.731313	9.280000
-48.774071	9.290000
-48.816838	9.300000
-48.859613	9.310000
-48.902397	9.320000
-48.945190	9.330000
-48.987990	9.340000
-49.030800	9.350000
-49.073617	9.360000
-49.116444	9.370000
-49.159278	9.380000
-49.202121	9.390000
-49.244973	9.400000
-49.287833	9.410000
-49.330702	9.420000
-49.373578	9.430000
-49.416464	9.440000
-49.459358	9.450000
-49.502260	9.460000
-49.545170	9.470000
-49.588089	9.480000
-49.631017	9.490000
-49.673952	9.500000
-49.716897	9.510000
-49.759849	9.520000
-49.802810	9.530000
-49.845779	9.540000
-49.888757	9.550000
-49.931743	9.560000
-49.974738	9.570000
-50.017740	9.580000
-50.060751	9.590000
-50.103771	9.600000
-50.146799	9.610000
-50.189835	9.620000
-50.232879	9.630000
-50.275932	9.640000
-50.318993	9.650000
-50.362062	9.660000
-50.405140	9.670000
-50.448226	9.680000
-50.491320	9.690000
-50.534422	9.700000
-50.577533	9.710000
-50.620652	9.720000
-50.663780	9.730000
-50.706915	9.740000
-50.750059	9.750000
-50.793211	9.760000
-50.836371	9.770000
-50.879540	9.780000
-50.922717	9.790000
-50.965902	9.800000
-51.009095	9.810000
-51.052297	9.820000
-51.095506	9.830000
-51.138724	9.840000
-51.181950	9.850000
-51.225185	9.860000
-51.268427	9.870000
-51.311678	9.880000
-51.354937	9.890000
-51.398204	9.900000
-51.441479	9.910000
-51.484762	9.920000
-51.528054	9.930000
-51.571353	9.940000
-51.614661	9.950000
-51.657977	9.960000
-51.701301	9.970000
-51.744633	9.980000
-51.787974	9.990000
