0.000000
0.000000
261549851042173039658843620812245403569837820168883923543097830980790704663009997804760162818031881474446702673938347811889593458322801074815107072.000000
507888912436666340440174307924019687992985289580513793055936147527884412274766110063974780986420508891885482890616182229118943215833768472522784768.000000
725285338316242780834448642923306307272711140870293684039512283044349056841058911069968696897170777599411122030022648933290976751904006087725023232.000000
902762912359728907429876507521971997210729914047264330363750172137897424144594801036593766160556345352696551762026811245359000227536891454884413440.000000
1033008926302700837020751717139160662291594388832391105923038101647472468311924458276942193256627368783793611320099767565128818637493340176553869312.000000
1112810386710626824574316888879185395363991806788436681282292408403666882180109443870964934698948999005982459011798491150579881205100570576200663040.000000
1142993865811150848638882626921370848807003435199537202396965581491427734378139872438648973341098002697746177554854449954539331530143740906625302528.000000
1127921140516012430013640019632834575204145754042450188164846229339962177903457810476251011524458285200726937002428283212615330898710992748193775616.000000
1074653821625425750687577638704401458650424862078196709755143262514238558369919384291649245381788455771389536560024606221014227813679387111292141568.000000
991935635989290498082104275956836177192220920725566146843092254724234213331954654602324826746531279833123713683561340762199406260189122052487118848.000000
889147394717482047949801945606861940507793781162164208845215894680979211746478841278898678809000979646609873552747268989997807159215441061177458688.000000
775369809064822602794245000602414343462721655386098747966441818566760029539946039378217686725503548460354076653692961670326898313679501540125048832.000000
658650880036046501820607450364979703142010379437872013960046157392279783369012519087350711782375023951602137674405846805502114985185682856775516160.000000
545527664152136793677340434767210530363847790837172340185884424787362391838324843705734794163347076690465028486488192218243542141493126094903050240.000000
440806696595624336523541631959751027047112825299390325589873895660631641529117222516037564223984958655146074032690558782286568069839435878421757952.000000
347570876838471221352581374694010392287842278257134168564156382100841421721632380376153448332120516310384668126779349547680065300985247337241640960.000000
267357455246430156826196114555699962710330886071704094124219865956159589592095445914326722358059363338961749163777267840584699856272012262397444096.000000
200442668092452653894083365334318045524542538856076052585177064159985632906250751869622696976307155282437109921821896691339920937134846596456906752.000000
146171509231325288302615958414666449249322544908778671526787539719693620040172847643434336954528379730378699303239407691479151925146977137995022336.000000
103282380963375419734831699004767843492896267483357279808746324886385188362400159543781095407899123313686455594054361690451569032589731733346189312.000000
70191738478944766342397741831165175332371072340962908528925446687389012484306758123759453782976869483096864497279940801604995020482066115159130112.000000
45219621869136529497610812994233049344278303799745016655318753794555399980323922384881821345459366139964961167105372336148392319831895329168424960.000000
26750508818225623327901705632626693486134124851388102977964035259520477660014619781078718530177703103450733484968444859277028222164968782514094080.000000
13333808239663058603650016712321960075312274080568891751462549191044097475145989016169611977887977565243881959730590623670759731609861040126296064.000000
3734237974369977771353129240547221918281915725228555680806366048248495364525586418157087728778269138874324303698862675565079261135943356045590528.000000
-3055240724947696826619515152911206702354188735477461202859280683859186124586997809965701082796392681996994902118205876069940609631002068787396608.000000
-7825432149315178378299692824160317593730624960007694098977031876685267909333277787157144139099585683263974319665412129960778827872790775446110208.000000
-11177139760498198819085736799700206368071767961200576344302862025231962208810313879930720813578473470348073263940454029945298939225629169532534784.000000
-13553414825957693628629841318456022350003803423553104405313187156816451921359641717825551601256689256041507920176849893982662818141681463425236992.000000
-15272194235899137091888030471253473073109282945750264275477231591804847928344879548082063893130066009452531574002786072147748998884345146863779840.000000
-16555957704876230890825558088987182895580431139848313998408983365728310792488236826635745385168415502254919613464760617219116789158215541369864192.000000
-17556777986975874152053427503059843913917917620715361081273944458250287269864424226941916071898960152596631329782565945352427911295890089383559168.000000
-18376341606369139637359426601159479066250145325643923084025118881745518128720754794618200783392883868194145839446224557121599534132308748382765056.000000
-19081249454439530016520131860908225229491046615051424404911222244368503137520081470851169990085020378191354901886407909247357530935122811601027072.000000
-19714275638984522890150404780929056188076389371633948617139493216500308407032066935168594779329991366428335353022611250028660364389404623427862528.000000
-20302383408795375153528637671966723846862345955452559185336586203788285758301615102158039259548198712341871782082390818934849130524103681354235904.000000
-20862267228864480556667871299598062891434004816465334133766428345557904049334287956928369605259887216208376957632598556523190963088425906822184960.000000
-21404084380381906157722295977881551074367526066230551524932039649564139107069810008299927075870312242723652220607623302135605522038679016101117952.000000
-21933907625127199140255131747138043906549024063008517052257576283648639479067330493585932734084082590373378606337385560282062159500272482127970304.000000
-22455301942937943251134913815681292610023575480003134854795137342093017521459057109540313652593587286914936812200842602492348920031404742133415936.000000
-22970317654720729125597124354938658013775041710271742286979393468062982802739541613631520085204306462979922704512854173425763060196752158374232064.000000
-23480104226413245203918587042614272344980363712001439420059681299296091677064791153515058711238271647740945074049774366360021288697274140043771904.000000
-23985283035605073546039482896641823639316784107887953578412918860614475652277942168028592274940448989813870319774379617764636586049415614616829952.000000
-24486170099335105957085847033681151405884314205464262790644396443333077580939922932961982981044405249989315262022029081547986310569581168943955968.000000
-24982907159259661993603773173468712040725135962099611124699832829661959450162479640994223286203597995958215584876620454453197229693404785904975872.000000
-25475537759179115842691632214038047000051264857436163839303842036395602693977240391965786394888096913289363396358258300844237456640349728977977344.000000
-25964050830535080340152482120412463435177434505662252219346217152308097823317809517881847229695046837041739006498444927460217947004630651998568448.000000
-26448405367206913608188309840046265435904876776006453497643773507891168028383295365513915083346589805739438096538599640831658082841628995739451392.000000
-26928544242944693572073117375016488925690664410420763236250365392615100111899721414006246526625605177778421564266394081649961864540143356146089984.000000
-27404401872748313947306588805876972433652051023393923822503119614537371653589724094429579597295427548872936451531355503225437903027714549635612672.000000
-27875908423703985507706986388085077814689104124770786720247918965903097095523732701023612693347218738995748074814099019142242089381229436508045312.000000
-28342992112011943346172278881447836749817273436436580798354881470715370365346177535368094053851299481667886282204637986521920445177648035703816192.000000
-28805580448703598070503761380818513911128374161855971912710472844128675509620675743166796651078289206632337982675436671572285284617262111091851264.000000
-29263600912879658376977777270727653190860116666467826178645918683821964514249324126533113488477162888823414751726439755091104265896376360983592960.000000
-29716981315676047393593646766794797806205026600294687663768466325674512170682258582126279797835662240128595813680047085886323152860680276378910720.000000
-30165649998337336845416391174578765416943966459629096636992195680745902941867170622393326395387871497672454810445239920759465744223425548662079488.000000
-30609535941866434106791891023529958284220851004190026377966040765078670449779296533048112002183099671998687082099653161823985981292853789145956352.000000
-31048568829796759371079592094939582288495351358781698971745332647993089716377487767208489989471653751095885725416522974446435635208589136130736128.000000
-31482679086218939151671480682531469134653983681694735603268309891732525630205037696328136842342170884466778203742130689076250855968807903853281280.000000
-31911797900780588124371799015480567000164591662908198320356319453121212425960575861268591201112793695715013061190086849661669400633327734455533568.000000
-32335857246829073638658620593394404103195356435499268612966045384398874545720038247191203120648383930730357753871987590408485684529328313566494720.000000
-32754789895929973947596625894337189856274438051771173523615937394554954434439912857465728574018541401037246015059753701565763307926541199587934208.000000
-33168529430446797062190392466961182313142880255259844988723456435173235557348162401279380740506135543214315494875774643988583440375322394656505856.000000
-33577010255056964877588234401760797013861021189917190095974388257212310926232347516506253023336550797412092250845988425615450724712538979956686848.000000
-33980167607656201818156872460600909229176622705990352051605759347634947239835776824500977167476774431372224130316238924631832781193420631300898816.000000
-34377937569883949443424282989608259397375954699147872055352235504909997534216089315298892856026134582671588147055125587137073148618683288869928960.000000
-34770257077388699091374626156604684153833889912056106504848118068130172507483024024901434011914642621725017357152161634440702647616951393001144320.000000
-35157063929893287493991133879681203090834811819087519010789276483497562424713167243688570433401493521285238480914517884052729321834006950386335744.000000
-35538296801090371919373486087252646805443126920360897514102462857213117489511215398970770471413613873517743183884457553784964333154657591051157504.000000
-35913895248382674628360139037383927850860342351560979037012636041588633745770947749002157950752693899975512999437410521515462716552187678134632448.000000
-36283799722474506874097401369678244707773076770073150822261277671699744795691192019285590944133601314379130412690059715179416370152046901791293440.000000
-36647951576817417203661425845773146228644935321312953644915035740386044246096493582631470970943416051942938952925567556368945680574472884701888512.000000
-37006293076910579594405211599343282962901128449832550185795429142878026729529384628900615469609400739565407413522280078390623215148993831455686656.000000
-37358767409455416799146286907305402091624320513970133034981894792434166472830581463353172919712513631541787245982694993580334505550738348507660288.000000
-37705318691363632644626224479397431604334833565098648267139715313648732610292086776453854537410798098426044094468420687294609424594147400411512832.000000
-38045891978617466580612905557371754156584393051648763793604566463936168276122693827213741736405987559996250899101700455140132675455345601389002752.000000
-38380433274980994867695225598302209360749338780415825441903724936964161192883711940634159769189156913175254412852388689567985758208716357192646656.000000
-38708889540560958980777863335461775539050390725281317595196630600552212333084736506775940065723994548932070063521581645449013564520318579423313920.000000
-39031208700216084249810512032013448611894100170043743164168612613636588894576313613084951965584678007736122212619694360317416035562280935967686656.000000
-39347339651813324952044088787933515895936129486150184740867267461753265439256032663556301470696958727999287076416936800639582651533662096130572288.000000
-39657232274329860243863614674666763564252283877838289885161529564810980911745866385302687433418286938357550153985075940234722117673321485419151360.000000
-39960837435799565504138470122678211698092589276185099782768761581529833117433675496725324592170378305565470258024558970890245001121759221866561536.000000
-40258107001102611571618682845879621820924922843382851166431231763689877806802699331331839920571424910442083536642042313043372076496016352454115328.000000
-40548993839597110535196541185135541333236380284597411289782581791725415879012592714891098096074964961849866871642868443956693432784622089710600192.000000
-40833451832591421742186472463419095641000308425557627735366597183377383464941701785271053275303891261503708583549441847782197639776673561409748992.000000
-41111435880656025592763702751562854082620450680896439100600582203673227720735816594164351759584120669693881412351733715376652181017747457547698176.000000
-41382901910773905960738543893328410700133862755269033842720545714302553208663605705362103801689923301699885992671082190425747897128204906472144896.000000
-41647806883328027179122306174216294863438685604559304699799756295935201920692619332708843684733161067948051712152458492359417123662256803342712832.000000
-41906108798925084880255376872817776536948269304398381502466355401775516482829999089831567608012015725488688127770082088259880948050528214571810816.000000
-42157766705054338442528992744318947470572466300002764708377616941225463234008230064480492960801299251798162160027803035541712182090235399358119936.000000
-42402740702580366067768563935545774537897122228344023228753346202328193919051238305774876232573915831604149534710606785877732183289950937114738688.000000
-42640991952068955051085419020130004951933467676878280598839011381084697579519939171902472761976532104002726896547061791266828486454557532131164160.000000
-42872482679944840724458899095701078974255968487997094985495633338752663539911831353985816514270365121742872274018472722721807154253061851459878912.000000
-43097176184480501090516282390054210691071969687260550210912876103587056732054580794421287478308898589998228111395403447690944885347725309418405888.000000
-43315036841615125437547808957169290920512575534794865005455368607351501145186959050115084494104400672764985751615734795808155153748670184924643328.000000
-43526030110602520325073227579653240278418637884522787838706640042407945367834181979512822201955367538300768923752425676491679593400925349191090176.000000
-43730122539487448314075534889301369131240338809992751897162950440767929194193976892344731489271499368262605281667763823190909652553838730481238016.000000
-43927281770409234920630375963536721502093027401651346905005358632143879693609520021137185072334532041293422255231305259972734728412688346781843456.000000
-44117476544731967261525740918901665796908379823135469297303635881756095146111574346891443640342902737301977804044446726991942199600965636696571904.000000
-44300676708000430409606168290624982199112166556803492323032809456390264336318998475566818429048353150319145998681577068352693244133207764520402944.000000
-44476853214720849841824230604471628385662754762381101435045009844336263924558540052608827533775128878530106438549566858914191411298244364177768448.000000
-44645978132966051806242125226794842586464565717003313865806069014887710028062627668539253174234549395065582926824662635271009350952802665642328064.000000
-44808024648803821633317957334252369484915464379823170356583704358109189001229690822232665435860811010813445581052422878775250682653866255208939520.000000
-44962967070548188269846691163330570274998035058984162269253901474846800707948107708991247536356964911758878173732042206261872787079748230150356992.000000
-45110780832832720054556709670772755998233975963334260056490621797512208027722178008386346760995467079299096336824291629377553256561175186286575616.000000
-45251442500505199566671723059123760282067628015797159582685649355461053726255740538208571384031246979368024886359268677317000804708005032358838272.000000
-45384929772343211738929413870494342306095701890338568974169913547781116049923892518146722231122624304670708771694837021243269119331511363549790208.000000
-45511221484589835615506135370606423099201433492086132559110278185050253264095270973773679640078146097500875240668951162158472928819260333695696896.000000
-45630297614309084853126815758817129130577597565888952033136148695542515313918577609311846699849595136417665890779869716149903222305385917498523648.000000
-45742139282560437069972867450185063532062553379395286978671958051537532033433160869306891028872886072872885821174670117903332809586168266888314880.000000
-45846728757392030596594595065720149032833332731925512399540074291613751990107401766770998637662147241679042056230193939019446087437997157463883776.000000
-45944049456651940822852948518066811982648731955395204746174149965811595823133813178078385083024903670744077163135866174196669194780492782490353664.000000
-46034085950617214511206103178096796367597047309578757804742169908943804299849501308541358461326088653041689983287329197899929033870451733451243520.000000
-46116823964440190722492866583885479487937149447483944255876383453235202108753284843044607284444967085168205773762614835009477718919407241548267520.000000
-46192250380411731271134511261250786633703853491453755547567869969237654203896508193239851673340237135966765595898233300245091701249034939663384576.000000
-46260353240040972535997856741774363780091804688277038981035185120699690833506262794317765081636084648801980371424245371596110974484348088401002496.000000
-46321121745951188271804870897705790697318626466919823416879932212537676021863085487403611316636980361272946193500759383858096072056051578034978816.000000
-46374546263591813329143284768417306886422645474383995457396615396606872573065585050760137359032434661903930767168258795317900162276347627895259136.000000
-46420618322765857480903255291878087541852001812423770775529820258264506203358586015074152017368504770927834028409049252830508970795224728378277888.000000
-46459330618972820261927840773742452677412510198468098047961736816387835621208014347679102642310975944138667107402949050936086986580102984547434496.000000
-46490677014566796282871547562787736633185648025374210611377582845390809461409496168127175670630436222679565972344476077201602274218791016217968640.000000
-46514652539729510387315700576105017592483360870144202816823842192481244048150091720707987270100678971172165964701190089013199520610002490955399168.000000
-46531253393258282652140637674042707108839685451604631082159318090158521987023164603913864085310433204187337225913190321819321316041432289987526656.000000
-46540476943168684781561033494825075899419353731850644109010519143726346924752453399419242800584840263258356059530052053180434988948215015252426752.000000
-46542321727111821350751693849289086022902958727445759789741568974222750385115410949662801185001723885050765729435327785236301920666041942202646528.000000
-46536787452606163809651773534553180403079894310200999457074679745536396248596715303878317673236454621354367986529582513419304343686068865037500416.000000
-46523874997083937246947417566618029698149068997533379476361189575709182875771952332574259482235408610897345323871963081413829623411614834363465728.000000
-46503586407751993370160166932342606633786974298394877706013354812827338782911535259550711928703067743596767460930427284972648949730927891902889984.000000
-46475924901267291699307670176649409250207209910454826029328213711430319370906408154791192394930174976119350639082069009803572740163178277113954304.000000
-46440894863226894703367100717253607397129204903689812118842958731673948911209792491104883551691761439622662187617884092225210066856236920600526848.000000
-46398501847472654330401703619067125495163920047738110365194641513508618699488136100282985398254919898038761025184975135629333637264836278658007040.000000
-46348752575210700838138236660872044700183897006366779427967225558535548196164489113621498344521246155876518262249319178398288784651986667921473536.000000
-46291654933945844831783070526857707607245020122399563866009001652204115973037531471662749560328870014518862070162222108925884924556521259082448896.000000
-46227217976231036687901042405394223571597566233458178541948285568812169330914443963463668484446473855684064232088520892084739470212504836330487808.000000
-46155451918232121813950757385120298390406378823715471334495880379534777249501555652823282777062880289849993331800249982784216887627683614297161728.000000
-46076368138108152374427585004942188716113475961528587183619388690239492694633345465872368444580774627235508369456113081392793262256728036073275392.000000
-45989979174207388571759668757057040965323930890969898417568992848283732465859667441848028806744468090110485803066508905802972524640716343058890752.000000
-45896298723079394291732290181970113171685910167476403081567707987514249474409969381764141927442665602697771220022513199255554699934345946873200640.000000
-45795341637303554288464493811659310035638598221494596767741002257824567568125017420291997573009756875646975927159032466086149626942348422274875392.000000
-45687123923134195905137784934667763346364161793645244751132759043164340155008447085857438869316751423390921332564283863213859599300848833387298816.000000
-45571662737962903136452053795874688399750792575153182956467560841114568767069231148671763450283941988958825196726157894308854746360897135750152192.000000
-45448976387598300299778138312430474253785242361912491399366832385686198612413125718827164660377600373686840166973273645759937294131354551613128704.000000
-45319084323363737851479308152974102053987577043244776186202601640727817710397670475380730488687899907833296840984909757471004685238340238440398848.000000
-45182007139013390519625388410067053857098031752751992377010747814192290978093576116747636469702703917389374521052181048469228456158454781870866432.000000
-45037766567467194744232417471332087028800325216154136922773344269014905521907913684084934617123168343143739696585487795571436927875842175154520064.000000
-44886385477365252048378710393455138937087049633028788311849131265149015662754324662081502462111965546216931790412887675522378987170323633224548352.000000
-44727887869442092059293892934760422076081284410338380899616821898712861902870699133379860594812600976431162956689480200156825477843802955735629824.000000
-44562298872721521618880765899851919164830679235675514267844989702190258499934443017412503783053059176809931214987265161082780089620762630297747456.000000
-44389644740532481429463506160179934140029996238949219952223995029804575561371587816091532123328481200317174749781345887349865878065768679977517056.000000
-44209952846346769762367381803139168351069195598460250833553316731204318507529733398957001968006015830901859658601687507378285450625251237055954944.000000
-44023251679439115673856758431483888601475105487929791132635404505544384567161850771891554807610253564394663269137019161219062103015059084546146304.000000
-43829570840370294895854926816775081640292712135407446118144895890106788925116098484728275514595003342858279060185404510948302256846745409010270208.000000
-43628941036294131293032764634576906941318049491504356204344112131699712348024159522629352858790816194610798844883222156123611465178420772819959808.000000
-43421394076089043781653433035339027432758514560872853310668772385179760862128284961106800033426539293830825001432143133410872800040268601709559808.000000
-43206962865314859604293579462828308565008485598695552956823523951406981807938004186225264654386890833089899827614410822096237586863398720903315456.000000
-42985681400995808941440106589013546593221010389806016117622162574102442529978104505018504089161658900366266385157195394582945748990742501288574976.000000
-42757584766230449480779919985415312246505283243040908675582894266083667731114646093872633634404745153629608951632109107499935341234383438657617920.000000
-42522709124629435925181714399824570660430677918445792495513512684347741749720615109907723398558656484550787445950654572521858535658026727490191360.000000
-42281091714581916332223540708180478685637264836938917196341748034276273834922948288566545075970141944119087194816629471221995175391863599989260288.000000
-42032770843351603354410531209624280213114418658072911593405279561627640861212401354264819138982484040492491404896008527835807307029981782601629696.000000
-41777785881003313363615301817779138942604181147833557632204969115857006239576317025796994856932633841761122124623638593821469653031865156632576000.000000
-41516177254161076982279291232570020802974668283789614515577315359761032876027377235778069781051159793437479143198829605919338662749570554669301760.000000
-41247986439598652822283273337041499548818764522704723955408741370419841321402523950513790382951922242995308068643270635073648563152130385060560896.000000
-40973255957663631134116126527933385094548917470436467343959976480930386077692551648218974654478134780502910156660696709654725889975923885392003072.000000
-40692029365536014620643978640769239678526958740907674504664652624235304614368168134402454469104185187160847214963297578169230148444002276687740928.000000
-40404351250322446482090646453328523948014659385472834198847923773641961037085543064610531678906138860943417529966825510549446315861679645432741888.000000
-40110267221987161488070688643667889389648467409156539725950354296862850554848622647596376529842664229413471222010703925811482210674259195389280256.000000
-39809823906120702600480061629078818589171665173236461717597417530609628845950521626527103310580643180087260185584501465177692215729902563490791424.000000
-39503068936547689665982450344076457704605389075009242632317578954631645425219397722515345045154557056473754935325008700185213447004970843822358528.000000
-39190050947774666065878098658917685166106644445709584432626853017331794090013635950359215310940173010318686889427813510528670087113414040126226432.000000
-38870819567279348659468929188151295084493336060592772061401863253282611934205876595475788270990343817819433869191705684635885434507543196479782912.000000
-38545425407642428906173318506552160831908549497833855402490611280704747508702261305249528449740859709214875928481243062937939689448922401447346176.000000
-38213920058523183958431658622385627394663684306244849867993175299632925526226496332869414006119212360130592792475935439443349953970991019973410816.000000
-37876356078480200880158941490986134352926986231150570737637764724559738235771621805669422148099099832650271851307751995485524305512175770871529472.000000
-37532786986638461692106720935336879773640342886089647646936050069016090182530763597560889220231040454596073571397096091688422575826815688279851008.000000
-37183267254204197760339065347599190851069887556862064934152058996908482956933820033181110721965599944016255227392920892885592228188389085955489792.000000
-36827852295828689139772808397092062542604487805413484895404597886841012216132264023192690842033400728028241109898099119866026967999498009450643456.000000
-36466598460822639202562240783859296307342395006773974572903519889568277219925462028062631216748260960967928443051968193978893392108845612975259648.000000
-36099563024222211437848338397249193685826238907862883159653386798676669709124110781873818717477694911812421834684664951951822547035363418816118784.000000
-35726804177708397570028387610052270926265221344549338755743900976072294755058321778196211253905844785468670951069264560431765161049729501755342848.000000
-35348381020381009059623468007921558198254319793974165855904232462799553023714919931547159014629180606001255945315117014552718564177749900445876224.000000
-34964353549388772592360453069210498267164833168830858625719491961241525490600004622219229349167671508132180249937085227436978685632959927944216576.000000
-34574782650417132159551730626217280952604704555986196227138916910682609143524368375591446943001545542219398926276825002749852819942962528463618048.000000
-34179730088035022067153162199411581127816590145609267208582142028591681412000533443240308650917744221043266058423719300700031561798257692563734528.000000
-33779258495902435290159012700821302856546840499885764135239151604932255498815450706671109090326032111560117715477854880902432513173826395772551168.000000
-33373431366840129144465804980971365619850519413830011695108395444722009125895878380382554917346312819235544885710840459449621082052234284132990976.000000
-32962313042763165150057901158068594622313155935421231380263198458585691027969776662505044828548451829293892116046261983612916751734214438858784768.000000
-32545968704479763691131471244567730050863561951761677800744714587352546230119766540790983492427309551216841467394479031079838210244085892299882496.000000
-32124464361357203619045980459590932216628620625487590967816459570241166488486956277653200121001761510520490768938495105843527255658829175091888128.000000
-31697866840856363855847008816559899746400112097646143934335839026979064090363569596124767721896576713068842155767885928081665245818192383604424704.000000
-31266243777936548418819322508437471244910589162590820162991294337269469937586099422554443961275993846772114540491019373621771243330350520389861376.000000
-30829663604332347193316881445569963985682681343795792450636703833680863656323935626704266793022756584494537835038924614238209462930514019300147200.000000
-30388195537704051876862161152673298601424737780458786576240345255442429156073643571725982337004033894146173991149607829164512870349848733110239232.000000
-29941909570663584599318838320253772134386813941987055797023634789647505996442807396659615778114091577889474382074951246015961683616418639403548672.000000
-29490876459677530731542265358192877456418700300412238707670908418579184417002710824084865715201339985769677301628023413677508622438381095885996032.000000
-29035167713849028209754418306487422616494371389634672290841883089233551773304803933591855115273519167593703396784158258402378512726830556796420096.000000
-28574855583580354428320214324211710182721126259076241953204847247246503577502484009619621808394720006063202182515659590885420618229985189254135808.000000
-28110013049118007390886989044730783391224745039981595358215424264364829614346428738269806568677971234576905121306738173815916688793261564797911040.000000
-27640713808982044537812594635415430973331776625603105629620847778803383557566752652247303159269645763424567500120351290720016177916920653680738304.000000
-27167032268281498121201461816406834100753755328179038228411195484161647921246870015505790831734400537582903420380176704727189310354404928967933952.000000
-26689043526917841268370839858610875279672456388301768246415248948301215727650461757969306885284254387890660048347326349802902519094508810038935552.000000
-26206823367678257060993898915913362751490568765576619944772616978259696634596494900996392441245565139427488942105157305692843858784778357160542208.000000
-25720448244220601590651085087350402878721370793657072187367528838105313789456273645318734869438819239641577478344442477384574072832127577507233792.000000
-25229995268952090585005824645711131915200201436927245241163472417465216200825532024251620584427299167491308609120068269453027061595250151712096256.000000
-24735542200803489658548202995712656502523947008569275136041068624968766075762322709055809423284620287169667806188397780447296972761940782357676032.000000
-24237167432900785101398526502742082302031837368696125763773924963823897674531680191443296015950364648162949444444482957252127394658040222981292032.000000
-23734949980136367573056557749457701739924528482904457624518718763076147644389648860645579671755500032883436958769871097181737361306154625652490240.000000
-23228969466641586389791485166205258403024847207328855633660011861655721053725687771320672551285021034728146547808330949917328309627274619808382976.000000
-22719306113162734499255358800689954846919016611389069261756800976927944792891848765930545703415730867547369800376024780958016311639163050146136064.000000
-22206040724342460464499759213603100274690944858496739242285074345681231087016770478930633017977752688095410225002356518257081792223228234966237184.000000
-21689254675908551098851278191419962554592661946397719789566213084971745626990499072308164837601521453522192684445742253282420676363734855851180032.000000
-21169029901772250206676919632774155318128720055522380184237105785569988463172595721710727422361850533916913068194797159036957822048950907496824832.000000
-20645448881038007163440505124957652195442327231513332812784458020730129099377090639518279509519609382423097330286779343236109377473789897046228992.000000
-20118594624926820790081192566951758929481030150302971518499165283027303931686743654100022161972606482936237225453784699178054918733546721743208448.000000
-19588550663615224751948369000355412238609843561513956354412376701895351846027104935781282457125481076495707598605328629020508883844737007834103808.000000
-19055401032991974575875649413651472189410644721374298010960253773580339640828772533152110596016522367354700603353841001133735625946908838517014528.000000
-18519230261334565695719066305623164301761254703431281102051312730639608203095758748881985153179910909072064828779053137979826443628591523091709952.000000
-17980123355907692527996675948028810559388339473762541438150711547400044172840813081855866548342515591149094584650208949229780216495543256644321280.000000
-17438165789485755806597113166828128920674079474298908978558767201972706660368968847825531015428756606759908491185454227438718312695887690626760704.000000
-16893443486801569768239732394291134179123502747212883138054194828486141308563870424711042234357013421714554185661007681858939817573878698277339136.000000
-16346042810923423553038666865135532601313560776410310559509635769017289162811018683308525596736679804768382062322295383361734094027604447803211776.000000
-15796050549562634548504973104949345299659921363660614845464589279799446788314588476432563242821229739544794337211761709091601916724510922400333824.000000
-15243553901313786858714910275452686865621135718574996470382370162618237484156084351947684119585118837826597812319631823300755650400061605669765120.000000
-14688640461829800944987603887300012955918706509219062675887433203424775545290230206581190614156754194406284943091073075161182598604128958428479488.000000
-14131398209934091391203108223718533660918949343494484608762420332858212342856713182261875541864687222661811978906326589999994105402586471879147520.000000
-13571915493671953294764728744054387190926806141908734631127120639073695833044016292634255431878016331099386572288100239972922613591553265188732928.000000
-13010281016303389873621512877484517454910556582528246079585493134502729537210670247551948999688185340439335960219544712362313879474610748853846016.000000
-12446583822239647946825852973041960885252964589042554760649872006596132860321076928469331905379012820322045851677907292814575291622961540226875392.000000
-11880913282925666947367874514175337137012345685025505868135815814635150864202283445981827172868080645274025864418239838225400090159920580145446912.000000
-11313359082670656830372212128915346814626685538272572035750825910054274708806617861939767964992290709484578718530060754850325648023629801017311232.000000
-10744011204429096488159364249129717785384003953895172740119732192675151162853564560646734064015032339239718258128268475476485414260112993502101504.000000
-10172959915534370807926923070754262811006278783134744203907046856111717567515370966188606558053392382538219612840784348624323642204134051116220416.000000
-9600295753387310256855929460332894272528282575740415649908330476580188949723957444191164026746620114992385529058441459703022888564256950160719872.000000
-9026109511101952332841484869496633331936367665428216485724122315679027391268314518730199631999519900604234983704197851867613497499942401855193088.000000
-8450492223110722221580211003157829423808133082256787795398670171774716258750024491780595072107030787133951611137316329112451982021355638697754624.000000
-7873535150731365861562159907123925312488929696856039899822388529641345252963994669034869833221781174523328576647479796305092323817579416804917248.000000
-7295329767697927028469365328612209274128397855189646201140843120753384679077780176602107087742061095220854967900139629996409791565348881372807168.000000
-6715967745658021233107508511738961865101653759360415416294004745198974952268745748399848310438932085613403317740301210365883418120419336762949632.000000
-6135540939638746566092536395724481458386541357104242552577389544403175223585105224622744560348320386963270152158660812484088561206190575401828352.000000
-5554141373483527259798964250517719474841420213279083995123496900785412283123587667730827486443970574658823790990758496815075589757062156096897024.000000
-4971861225262168408891006529451383871239308942382255598470235041621776082119100161017089329946992714746975478047448530186242229301670091283234816.000000
-4388792812656475152839420980539578064097175644389345458184059571430337818490433949589371948019558226024654729143597498016003057667594785017298944.000000
-3805028578323735556767915702140280689262575996075816027982580328774450706034238598486062673890650346465550755770147369460945894919479398538149888.000000
-3220661075240383756158557083797843962308490544255516725533113062232588362956867684028268613621919102598419973027043885839233340214821751305011200.000000
-2635782952028178299882340123479133111781182695299863436499276785068086259860921106377305191991443320283700040359235537903780327560366232373821440.000000
-2050486938265205325410123759981335704316468589662647468919424863805903236677136002846901033639391975568715183364298258843938549644429257586245632.000000
-1464865829784062122400942735285581448124714919959274675989758807885546359100332171184931796293958783877858644752003197936350147167150225429102592.000000
-879012473959524826599798618902824689729814577272527496907127641987053886750955176303805955267113366272424041427779244767378219861411370467590144.000000
-293019754988050948069976797560125928237633933837169620079479920520173075281656974087026496193702571081260793536125998513157374170167766505488384.000000
293019420838556649783031441003623916063799172783960631035156883639627258893002703623159088385164630574224238412551844322837704647601532587474944.000000
879012139862990252389119651673557624981977804382269103775654811577623711901778056957343375374653336905980367333101573575928209438010936072863744.000000
1464865495793443357213823013141281081560257435597556714360324959659092556075659797382812377350024336826192721031922239916675068099893364552368128.000000
2050486604433451349227764954091656117006424827543069718511213122944312661408070644048961856760771742071596237506845369603965585593640932475928576.000000
2635782618408226828715311539203361347488964007858480466505851562498409138205268785144320377940832331684872501785406052399642131484360850070831104.000000
3220660741885159509128236835175612790981020113223523246849247944741678809149400291883631944291904390361599658003560807505761183492670770533892096.000000
3805028245286138645552146580979344122420892733316538753124004942777058196303450072189061156246414462281599306324978087385973766473554295877795840.000000
4388792479989385933844475167841815617061256442294724115052341490648113739397806346722474473943719561766790295310215457374986846419817755605729280.000000
4971860893018427727980014984606926066927006654401455945738617734390175640892091780809128561157041342653129225870339288329881624173064767376719872.000000
5554141041715930906952528469675228686940095367751090949362748978420544166696471821814384243241022167382827694246263528486892156860609949121642496.000000
6135540608400026559888293096290849757057319191442861992305545974439919197861801088340320133644160697747615789412825352429751754372720830378409984.000000
6715967415000831957371659028305013124908503504635756999790989972308106009724915287697325433627901748417211351650983766377155771880750187435524096.000000
7295329437674829289425934418267256598156573913396828606935287655796265808503239613956230054353723144867040046414437922911683893079749233607704576.000000
7873534821394799161136054541307175248203130210078156462320875191504175734666908337240166440664690646954538291605949786097281198840050658849062912.000000
8450491894512988814546479172972939387170941109933611745372550676423224434299316299876856739321402239559731399471398154889526066829093624577261568.000000
9026109183295200590807150860822554136923146325853980331687065021259019640616184264274634565703489171654591502598747247525334870471906477530415104.000000
9600295426423515259572135008119853082227886044477887123056792752701523497848816510909242582056883044896943926974683072186468540356167150707146752.000000
10172959589465330184284386177801473769999776078389671103464662020123441728702471402042099530046770253164614373306944591841069033643113357263241216.000000
10744010879306412393835367400788794760052482006472210596496319566857762732577725082795211951161922114259953522832317897253733227221470443300978688.000000
11313358758545742879504837595127452339186709549284542701635079261161159889931175393293870483220722634311043547668659280412933188939790062276575232.000000
11880912959849746826221157289063752624308867054351545800276765665984296681739302807892609352750906727072291184626947721500273809318638035943817216.000000
12446583500263767890803404318578954729623149559204780483823724829244715428589463606524149217449210507895691924659286554691120109483393519296970752.000000
13010280695478411735592285021454196086148325880982495595502942907705676133637218855021187840374799924293937122394213897214405783158387953146789888.000000
13571915174048572567416026665349282333975031911088639755274338793091423506280684565509833860072710703276150911701992048701779906005996658206179328.000000
14131397891562834434370895531524742757455270997727767533963980373140052742301041364635935473296118836763175231091109782642966443837135449699123200.000000
14688640144761016667647420458652620429112978305476425662995084583159249409646599206782174404513705945672692178645418178718118110519625862782910464.000000
15243553585597663355000036980124921590620531614972342466897490537632505664313199430268181398270237302982940061746679716081266701850182697789423616.000000
15796050235249182461688267080563423133103830160956826866915732253659859224467995557401464079197286936953971966081655036367799343934335409169891328.000000
16346042498062453894175008550643779754020112973337624197955927886496783520626459438720558055121588874636055938155553778238539512165039849967976448.000000
16893443175442696688835719650790846794503754683560589998522410951380818149656862888248080179649451666063551782068105862665296582153232679417413632.000000
17438165479678388280601978915116994339489460901662246369732104381652103930866065571192670696231296369507005575448087705553958635367152570234568704.000000
17980123047701017715784123443715749849265548697040471753746336769907686180502117447053579763207886018258578592883825444736359396622965036279660544.000000
18519229954777529535399410293424315208292969579240567765760835285976979423957860665856964611231636668734892136955805897924846138465667083562647552.000000
19055400728133276237956427885760469979327154371882098603575574504073734378245587210554654305697677570039684319023432604746521927829242281931571200.000000
19588550360503300003316178471554232229293943515935601995203235747296423207792389193237446892444951035103080936057542403365346551768608683755307008.000000
20118594323609828130653217470536418596897101629483449683027765201430187977636192849105083234376972512925622985020594232198132571338054082318303232.000000
20645448581563808417476658967034194125237048146341363277845936157855418648031274365087577928513787521992665169365301802015042763215844694187573248.000000
21169029604188404977440456750628928048802696720763008154985383523131582750777796577137053084257845464054567292968137095016367896396135534933573632.000000
21689254380262300132590629028630463107015324222190095280891543585777399284641228975433909991764688258159135625045523017914667833372871375284338688.000000
22206040430680695151081894991074518789544520576433379278006213419650227265380383905313406404944943414387675089973361191701945289101088257352925184.000000
22719305821532019053523344483174051212012004719185485366117610087623696526045187665813634999900278845671069509792820951212381959971042367492849664.000000
23228969177088105170840291166818030263422519050233188539025025985770843020043049891828196063289903118365757754623286862382180208709128454661996544.000000
23734949692705955583599695258642839860504953377618215072180975524414783041818174506616872196455190038942267194348514725965478473583887749815992320.000000
24237167147638916897089271005011532253829146031039368758206663130035417538673029766947677619188341196877512702007189615605735700113219641617154048.000000
24735541917755282120649288390461478241142515696564321381334803483364344450352257332013893245198989842076090644949968218155536430315367562962010112.000000
25229994988162327874416690334551235986542309238552000068959674157367006672050139058027083090081403395196985091545931549355346261739105884882075648.000000
25720447965733701875871546524332235478016989909840587319613718041047547440196999323262622181313758530132295920475718806680574700787112429251198976.000000
26206823091538339062196806507082535605237783944207975968212173637586486135940079077358507674255151565453178412908532373331343768185834964277788672.000000
26689043253168702076044525995489289018323991779560447121090809462633953975052292990927747701770027385170141536598426547352248040762247648326451200.000000
27167031996966602105470964392733239945060237912200109541916351154132707352612663108681718218963134744906265418105256736810411406680816997323767808.000000
27640713540144562165815374738553464832140314215649074707219200068488168539966677259403250708192073582294851460550387538491783902515383079742210048.000000
28110012782800754228039660297742055136366875134600927661224926533317122693464335841640908750165075949773171167806710552355896035619957367510138880.000000
28574855319825807774336707610744961119497920900605583697620257005397916500513389607641460806991474025486965733422020133545540290005334252714983424.000000
29035167452699299371949040562629929699534595733361816082964008238727773784079082894687382772942653622524874124009050142894720306899771340514918400.000000
29490876201174331752793370122692138348708602897571682306861702743973080210351129511208709863815868251173685880984343793379775894343508687092449280.000000
29941909314848167259335555076590594482158075591918526514090539689946461967565750145629308515693602392980338202205633107364838195595404515618062336.000000
30388195284617207692184395329061800034154471530607241273436289744100353400561112691221960027714691362386497153527619991655662791751440762142720000.000000
30829663354014351963921431998660380547809749628037348812918597022268682560563939105843713954664839374107389071175709782602058142039099879767146496.000000
31266243530427134501422940715167561611693762370395722333649271677309376473968844784678215209027664790996966170540713163911395593330239411972997120.000000
31697866596194709073227621790895506910261332001743948769244960806678217135363141440312156545811390650263945671969004478107949899179327711153750016.000000
32124464119581947896060855877415140957638105240369388654059163169391141845538799966449785719762403524009313460451403659522430332558219522470838272.000000
32545968465628959146662723169013394525284490958173430000743457712630983560988237137025090272084380249748756545788986185390594013301512100850434048.000000
32962312806874303823709431247666934146743512111200805596151212901722045557543945075500820458776697746788239756697400662510145380047947897143033856.000000
33373431133950187359278408422689717925850034923246436251722893095562754369862821199900895221454595054372129894032117472122703813656186191519678464.000000
33779258266047895833967931176582000717950470038308855671617927457973484627496895119880120490262310647574458360037875700905199496266122394230325248.000000
34179729861251924100642578060759424772189825515016292533830930947677460318985308297898848668530292645265903945458593818992559120005530788195991552.000000
34574782426741093397612319860838414688557047809631499811927996635537577809505049097019586645043935365871147832806792306828151143548927723301765120.000000
34964353328855033666804491233970163738976742900585117585276889120536100711046203047239178237308740805914623789999763159592367214035563483534196736.000000
35348380803024439064524218470493813542705579424491796822889873325783078749832445537725880636704280096045559778244658366654247908696312995796484096.000000
35726803963563505152398878032179429086291675693603311625997912955839342775707504142330654426419329989233207198054669463491060950539235549234855936.000000
36099562813323133706962584251482384096863057622009907346447796948900738968901477121505686303100433994185144662211468486558241582272170748255666176.000000
36466598253203097367240139420520711642697126270015244023949048891436591091490447367537455234307666090675876396668990832040148263333538208082296832.000000
36827852091521944145665033111237205458830112049855423109857454035989315772533921359718907576503459438047039447984197166348810672459736244222427136.000000
37183267053243011472551347687608839890166239459544476852494882941988990584896691732131751445708152571928430463202893122338624710488904119040868352.000000
37532786789055019260448415320101021167456955362642023430739804288833380809026624183076961635478335023307682557153497021288543808629398251702845440.000000
37876355884306066376427919276866208768536144146452830786568527515005552600346188126718985496943823410800404111967642326778318907078526906444808192.000000
38213919867789311467093084586473968248017161046762158565560442276952466862917750021732810293016983221988994942289194447907991033777009395194920960.000000
38545425220379084889608215463855926092240450965272924895809184858632576772612191568122763883992782215398580755082381871033281928884693098223894528.000000
38870819383516139684671119199741063058461942102738896625562606401208399506296286358683611322999238815036821374995648235712574700913056000868614144.000000
39190050767540555440472367756816611968279513714928861089319141515199770799983625548082963545964316071215920916467365153176409202199994416179970048.000000
39503068759871019619582101497779153884772832172918198641325904399473203915342009813763407568312662799430031998367480967362449878083854565382291456.000000
39809823733029205375365691228810787446003481223036868322549688839809624252991063653620151989354357429112433888690024463776461921326523030083469312.000000
40110267052507987065887127708534122754835785486472446518688651466325352214860472982380444050332794413892113299928007310569519254563965721968115712.000000
40404351084482223582580231289240412911381989666192044721044156145754906235960924530125783269596360895071752139203956626656824017948317699809476608.000000
40692029203360834065628386115555417117547087642679525629198106632971047564960664317155341067107305230100314308950152876921095316338482505687498752.000000
40973255799179056938175150554599163987999644225006643020665617155111998601735429356667464128038581396277789902307334138016142664610509430749921280.000000
41247986284829738828772989598658030447268006034417475829699664588620563872386216902795214365199484640339157471177378220026864187201867857266737152.000000
41516177103132316955277563007606819417325144554081100072577391085605921470567034996525583168739773106253822171653319701421986175367997111433953280.000000
41777785733738646533261168221733805300921783561399247069622992149656082798370966235382191421691625209072261920115804075588989812658152160834355200.000000
42032770699874403326225430711763060346971473410532774075786668037109592527126623270312500304814080446541885864069210403776604745774647486390992896.000000
42281091574914974451093146406649107159627428076335200236446091163689001950109395098226873085495731978524912345002828297090172630615342170943520768.000000
42522708988794944639337769296759113101683830886740801335692118503558910832742526242128374479265052102459500820332941867569951081549237274768572416.000000
42757584634249991251121460503682727031030795703782192542030488131314404795027525760913566776141689515818325172686394964914066543196442697104621568.000000
42985681272890350696194074330581965689079372341958961347502736410294186741370560473209345432890580293293944956373052286700405740833821173485666304.000000
43206962741104763829693597692026475845968043848978196744018637755487785168850070234450538714683394828794969550053385989970326916419008793065553920.000000
43421393955794068521939806678856298678295472723755883705777554226064288210051420880805929698480408749931183973727758586810902429161263343685599232.000000
43628940919933413514434315556574092366131363130708891496060805895389790333023767430068812556652273014457377838403506089187637001317563764247101440.000000
43829570727962367122607158543773603364789193622407255451881313534590857032709006508729438046928446715381478143870359886530389721478141513159409664.000000
44023251571001905988201856152365780651769424001951294510520926060797495118316313053830691349694259964104351809498623710889287931634154448321773568.000000
44209952741897579623196659402628200031670403981812891622938287292655535294828785175794819623728354698092127486607268952293048801520258659202891776.000000
44389644640087969036299241493952452563356426138523244267057272503437522826135561732645327091432376701219895536016113353904622863896236637235970048.000000
44562298776297707457215589036166568408038309389109377841548095556176271273180130355598776968388436283543574677933465375694465700224718935351623680.000000
44727887777054353355251397912828424024235372359851342212209790411777835664352188582971701997084839387051982654447241294481431657430611099264221184.000000
44886385389028306132695290498551135812677026866918687971328057271673955318085518632980744342128161444872528495862750602107688865899251810057584640.000000
45037766483195076870899712268275264764426324024127770173613780152503324038725883389351689051787150080277812564271781548727337130627488652478906368.000000
45182007058819487137926613192999457036441094942929550337412608017069111431813528948055989019522508489434594336857959832962240639377609846920577024.000000
45319084247260758879292312737212038127667816511322811483719408906173621579417143856805662141519542557467244980736172014612175922898267908754898944.000000
45448976315598279123575407034464513539361839091163918170905717757637225778111987106844551831425074589832008596438962053404840077733792575037374464.000000
45571662670077218792658258479888540709035469781096904339785866670795318877646322949128840427104203826577865304734784145987274676164631622227853312.000000
45687123859373578625469173134167997142249553210213559757712189740720722966440747883215413423070965583435456139283084862912217307128857912909234176.000000
45795341577678107681286441775994229059411721245702827774284227298856504308004286894596513403468281024852848917210595107377188467410376876672155648.000000
45896298667598589796719914614700037286199797573255488957124211161442522500983587079402663051733804293636234134205618170515918827643761551868952576.000000
45989979122880059914558438574324586998169262542998987650660921506716834927071471546307223948103226681239386430076974495430784971371366210319941632.000000
46076368090942523293350262543620866243760420246072072246612307505139380232919438943951189088605089682643351587282576151719765551002656902951731200.000000
46155451875235783878619845436295633110891119503953361192102168336684266637953661337662500726708635259460692274607541190945961341368559212037144576.000000
46227217937410927117891231247844880677208829304816471159730532961282337109443259637575413415022514755461691457101039910891081520685043258274873344.000000
46291654899308296404675732101722964195979388388056908066247366845052651517005180930114049520758220146006959432176343379902660417518779882207707136.000000
46348752544761347618751824463946564109663549212408558050798872211043197920078781266909814366069922747068289372887736600486171292161921967716302848.000000
46398501821216431670791752700800957302636630883156440268613738579179186057002564974336211494531934103377071252896702065183834457680303829123334144.000000
46440894841168028152147451199492749105811608428048730432952378954967993713205214768796115496146626180102414241119940953451834379220704078352875520.000000
46475924883409252638935361319598053034657853264551035173346327614699955057817753341997802830842936299696986901126233736498444221748574917798920192.000000
46503586394097482380917272409673981869421212845755524769651578441416781401850321997426503535430566585343833363465766736175244007616215436350193664.000000
46523874987634873016262268982214964647582329752081242474075682994688450398607965939064233752708788633102864931486520651842133548868498932690321408.000000
46536787447363705313456513389026978843441149080924114819562950046233909935794652690689137358966146533320092829567002912599499003407574028441878528.000000
46542321726076317945427781365312054834379409542890760508075113509526981717102429559079249794816230723551864929482451284460968451502218621428432896.000000
46540476946339720566654350550168278319883379129462014717628031541151020329591461038245149490640706032133913995650164043767929180363288864175947776.000000
46531253400634743014434147701132592615789259911733590133356497271440418931922754194383490994107195833726100033995895652502836683799528060997337088.000000
46514652551309593091508225045282860216698791388383516626501693876846503721382863758971260740983362478010165954020725455505611152389431350848913408.000000
46490677030348055834292871915347388213356520401897448242035625562620131499985348558190611141799519349390619291792959580454842212069199809787985920.000000
46459330638952223359932596838227534428421371899703700037439509423147983520465754693831960759334852958722495828281942144965363454993910814065295360.000000
46420618346939805200228474250600866682087835115724676628503484944640908680802576538858901078188469786605314977546181523843994067936197585387126784.000000
46374546291956202118641667815385607362892918615869119246994615954068277318916516112641225037726388516554029817987946104323371010858178630641516544.000000
46321121778501415499784177480252712342477661927641460657557144785569300040017136816010080274670676697381530474303360061445356742149504629416656896.000000
46260353276771936490220904560558282311840779194220866628572918206803220441535103486443252967863129913461818265386060217936992483517257875967705088.000000
46192250421317836704158564511885072812219166299706238871948015170564395374006457943085206735253336660826338949350661779875873936813450593564622848.000000
46116824009515271216918200574122430920073266339888640621043304953721975694357056732821269810658479967148338980283968349876982519471581123257040896.000000
46034085999854571297051722019235671604685078595908164778721759735744998422280330413169670060334750313977235441656924450838473648380845041402249216.000000
45944049510044287324162702708656638952212749611676691372332320472967662462053844272761432570691365057895793194542463221103847054662338972596830208.000000
45846728814931481340758405008300286724933633828106505450834456656784906301589366868509382814714482667835968487713683799291282960933014627220979712.000000
45742139344238441143654064551728572117355240645334388483162093256405948258450444485987339345889640256966597486276200437045223728078836459993300992.000000
45630297680116425902262142430730769960314579391355939273983487525812326778345216739707213257259783203522272629541844765776612480322945323850792960.000000
45511221554516648481323909753619816175715528785264178693200633485347003401583438795270792021914991818679458524472500424341399852453143463241711616.000000
45384929846378910368537482693473617244031852357647953684749500450420803969434802406592378558757361057640762995630784656338963069744475192954978304.000000
45251442578638493649075626363960713778868003020397489697983537535349585234937129755637387149926855988347893994065602108314426946555561978852540416.000000
45110780915051603929980904329125413520481235952789655803970433968879094948989985244535523606204185255110349403927849152333248712377305791765413888.000000
44962967156839952020413327359882624372072068137598071021362114894511461563404795539785804473022777011723933824406825379864790482891188477074866176.000000
44808024739155017811010549116934864848023176591633925393504746315682046964909278334329745179711973159062698738344659355652227811137245618913673216.000000
44645978227362512068923715231675333519124985904286354994084769087669643949308174147055968978337327322383841437490274746334033139856075088180805632.000000
44476853313147662771879837089235302176393561420979347496089996890786006964185500064151800743528813602561342239937546834230711432212113622529212416.000000
44300676810441935968603396892944939964601319549959934320242360864491253625656060638989562870934014895617682910454830842363199489683983812641423360.000000
44117476651171817788948055314365833207126171529334645997681335836981125537551434854963137345687097814769425819250512081116606234329144842952638464.000000
43927281880830311953786274241202061427866558422108241746047836842957848646221464201903436108540611648946494416115008900875080846665798624722550784.000000
43730122653871973494886314384288264780820883692000930444342897171290843592907103793979890184844531190209361845254345278426253334629312697806618624.000000
43526030228932044309394208389886056883824908549119584039724504609148620841519081911834749923999643584842992945289224904942283659931813011854983168.000000
43315036963870516804489557460116937423873984704426567444491057875941261384737391126099922425820945120500558668013879798118385920089351621238063104.000000
43097176310642040613214211350435365410710891750628318947486317266543289286693213827327922010266651140950937281975465577568444849295352855170908160.000000
42872482809992193643376326457335593820545898069219927190096020157313068112394437711142801188149950603618349939114685713025385382011841810177982464.000000
42640992085981237618086226805495535309239439069501893027414613204805090117645329525619415605585213429574196676857196091395523686321474070458138624.000000
42402740840336128910099033520888621794090604536838631604089055714183055592783777945614592926091855758865989806458500977423546937233335110965657600.000000
42157766846631599834854134309432373958001573156767524957339854667406842481232806272714700504289036863658779304638301000984144482592627101609754624.000000
41906108944301352926016482367560882159751232014431017247499672718225630373188666058411346766415450749565765364985657790095611889337250806855892992.000000
41647807032480283174518784593624859627058748286953886640304383173446985132707114475536792154129815636722112475195747388755045133279986142200987648.000000
41382902063678587758709756552725737240834177484713759136429938463620207006857865970564489375535203712667857303407412650870522967523538369511424000.000000
41111436037289016512310186803300329353827340915338817617833121972225919273717656005605881106208825225471469464730814631117632023922916627543228416.000000
40833451992928045023030552655246471756474900720037075186151439203646095504443650213312256326662964189876586535326206437041825763402400568356896768.000000
40548994003612151519139882826719812194388077435914876715356258387775548063728540793358790492752480735568923677494099031062486833048694242618114048.000000
40258107168770228977112079942729516607557511311422306973251240325040841267041318789637273231760650968042428615699871211909170472108987612171075584.000000
39960837607093319152978786584292790652546080614750576106884318321320802159914225306077264371930005451110494535272249458928320447622668490823958528.000000
39657232449222722151872560797794856305059651306988688337961871023067193701516515217192644443174921501336550476815334647920622853043979923526516736.000000
39347339830277629421013727081906249006367993316692616553214293740687670931061407826574991177983907843788156340119507958470335790934360199241138176.000000
39031208882223577775557751393411718051414042379040191042264244142348199901489952116105835045303164337136659234893765551853324876596081457413226496.000000
38708889726082811343823235531375684956971691528383449466331109638292406208427407517440453622645648438069604001034096196878501432847343845910773760.000000
38380433463987826859959826474479665880376818062702028818826369331302431535019222931564795394212246793242705802633826643619705621581866558545723392.000000
38045892171079399913472889212885940786669724943130807630391126415458477997090341639197586007816634666793441533058484324124764448984591712082984960.000000
37705318887250312130270356233165683866390019585391310450688976382490115299643302535413051465887960792154945852499540232234547661975105811366543360.000000
37358767608736148984060649338832186940630896726476372206869446689107484921607961311410314229609139395526827302958612093770236469243262315796627456.000000
37006293279554471392857910589463177708019372615928677564127434519102731454245720455444130880233578178973773446263833600957956946555764925012115456.000000
36647951782793658710011390899766515531460649494886383540909918522378840877651995715689024370371924971174001762440939290177508063205327543684038656.000000
36283799931752964714108927471651190362932993917434936037783853484921680562003740754483950793095243271587350210044487212548478869988347835051933696.000000
35913895460935006572419923217841839308574151871094592312278413289008316004567500427332935144128754276781693269863582249486577866282699111832485888.000000
35538297016892217291548982866839268118688947678647946312967189614401098407196491957623584782480063454789852957049209833178625240997290158235582464.000000
35157064148928764442274419230880869103165872232674719421685200073111265494249407131812311238589559333625113245314508858012549068129324287081316352.000000
34770257299659243858667254661514656483797576098301838602180283163155536037292985616333544625297059371875019057088845751613959239415160907820433408.000000
34377937795425823003985966664962104545672489906725677563192407034517101056255050627502855249501019055914746719930860529780719821832164305849548800.000000
33980167836575214792854649843069858637901275295190772281624429223965446595859153035825269626070578130994285750710377336138578618930310462251728896.000000
33577010487597217560953113789952415110957379963823362095413492619911064797558288657647467215650466990177653158935068433415915774629516851785236480.000000
33168529667126013430187388894715388908730878375312234034045469258422376573187353021316214305376680410128765049240453524558324823018581678008303616.000000
32754790137806315662290007144663490939590441982549261460267285316102544421938117032309120474222690774446168044285119836656091082448891592054931456.000000
32335857496025529522121588671234238160410779079385080326568785142787746992080581678286996005737877573797194266673963871993171183423066064208003072.000000
31911798161513734431314300809945841499613605565074543603407279366473926540117272507160499516084395246164319778914374325287220565407370899420610560.000000
31482679366813267466200815237499120961128366482149560071777168344713268735261228465050687009022471020772445339014494692278106163661015098194919424.000000
31048569146619261262839494143684922175394570152566594461417424360969098003273025029341671503148176273207278291837677096575853451025383602207588352.000000
30609536326993077197921690008498739287334635070721234440609695637531807745363261871740857169319799373809088493917795508615700817173486206592221184.000000
30165650514450291902038243231748572072979367117384479446938106903307777378949722594888815742395397934036688547203120596664416204655576365425229824.000000
29716982084924878525764097137552887705943079800113185729759378999893777124180930398333026137650370115650051992358989865474765152655462643116539904.000000
29263602172611490355310585474352077122707047961722631873091126087740577826177562533325247542303696505102969109659004087741271694114931145925722112.000000
28805582658687382836755935341865612428169310225192908585058088654788410258679384046647050298748016698966722020791015983088144723805072185286983680.000000
28342996159916086783160905605917904093069137204791151318947738699804553814538129154900052466208297060882230445936421356692122426866244851251281920.000000
27875916017134285643489280108119277032318656459270216418902754018308443914356572310826152208655562596629466685261675730534778543288317878504259584.000000
27404416283623998516961359248065626002193214644591005609553496460048277356795894844609072673197957247913966762622234289822199212238633167371632640.000000
26928571713371799058729581326529127246831382150399383166325528667572021989809650703853290069337909548899846714575647916687670312066513239686512640.000000
26448457749216933510910722837225643088376344372506395052136821844631345265082504317759190329514086508290226006500296758071141359184581700152721408.000000
25964150510890173366312185686595860370948582342783464941828553344991224533156107464800221675090588180011899016220461800757122414991447484096577536.000000
25475726782945526529838067885782599823714896318589399445129231957141819666600865943823822197020631542899330356054557055238610435971773885812047872.000000
24983264002586315309888619438087907000369946169263871949921155329129500752125450402567568711523657435454894685217007329225808070516807329441120256.000000
24486840247387978008993086114540566447086830180835306057323268977595925759267573751702181672555444523930549531215154373328952095501420510423547904.000000
23986534222919241079474248881600628676962083270662999852213200116070819450536920249458222682691316048528166979150581249294562566339336318165712896.000000
23482425250263805117818214370887404065119437215716247375047731808731060313726041359107418351029049247934442728818724204201185845477556336952606720.000000
22974593253444455067168705632369173191845217479162125000126651387246367976820261853379688574165762004556188271776081153158983916390984088297668608.000000
22463118746751687993564914386233595336464404663458037230291881872225844817589960204903272487594171891132614813756480300877445842773973890219638784.000000
21948082821978912984166258297249762726867810614973268307934749879347573093234458697057036056104900239759532109863779068988543772975530603297374208.000000
21429567135566449621228422285954142011280236076353399101282916790881129485180756796145129220570122332773563836622205534267735496746338929751359488.000000
20907653895656645756364662998697870084941737647687365563799062751076434750446082222928625909755048174074288665711209894196388249087243116922011648.000000
20382425849062751393971485331486863343591124129079126818350005886981925605645424228377870067124744856544512076123596578907248055995986419568869376.000000
19853966268154537621748953246033365894242188488856247345313511884960082620631951635415342157067937617978449167212125997238371015162641955132801024.000000
19322358937664334375660344957707878122046665043322446553747666879862415007214630019881888604488317551605906457565564960250040371346408342720348160.000000
18787688141418131261068804860281259457002351513257371767724068149627312856250567521416888590681947928342687103507498912483029737416583657524559872.000000
18250038648997852394056834463407516165368247313645968535138960915032442560107763909614761804373949234358273060848032621187171394530028759726161920.000000
17709495702342707371556866665197072646211515865192242104667142321840921287303014576185063180940126851018180987685956888471469671624832574224859136.000000
17166145002300074107709452952715996432974674496263068875069874809646238387813467190067899644038025120686410598610386548632294857099546382749925376.000000
16620072695138861903920607735805408094302960136157105977998813930821969868703301297012121121307004478864491802131584567614847397358428437667119104.000000
16071365359040951019647739397806204613917675645530628952844939587811619887706488108472692478266941508701466406467770070169550277314236877119684608.000000
15520109990587247718639598723826481490143930278271295860787107434629481175463996695928306927256985365207215586271261233276754355154530772354859008.000000
14966393991253690426708426933539981763945269670783544771504124084049782308975826061072713826735404667609295106300409716627584174527265363302809600.000000
14410305153925735733013418945023635177495619484157395102994202132269346231457833657022570975356995821126454635379554205525841531532627406917468160.000000
13851931649426533061624061101556835963578343450581114651235545590001865429888058294921933279751439692385093197456040774198425491148990170934542336.000000
13291362013030284968907781384625993167999424923526425736553202325611041240153819128899135964597755701583900204891468887865585624374586218704273408.000000
12728685130898546632108899819536818106580759702564102454349996438170010013214792471015836029757605905989644140458876610884924955897337515255791616.000000
12163990226333490320739887408886402388201427330580914968743601475127465242231394995202573137529238212988402569231404631494996816373967633306877952.000000
11597366845695030802945276318164026051052743924377864230244577279116136938696514556185131088743424375961568996999479257880417855485571935198248960.000000
11028904843787816306349670260200572906885157401171369924622550705588675312753725414358463679734154883714748241355774214701160692059487895851892736.000000
10458694368505731806856530110001161507711834606318621810231657171421782067581875249885967684966705183644836473440628242020914224498228093954031616.000000
9886825844545266358414295688137565801501121141710834419842285538438852632900396054172969906369867940015569429663539144727514144593590213125603328.000000
9313389956083590513025042362907792137237631027056667086461171470113137857389340956597363865655666208763439842219294840301284010251974553328680960.000000
8738477628474561066769780331270130911995316471117716548146064996886959759854673720568763415022365277597543891390953683138874576586808468007026688.000000
8162180009242775951047422503814890045046493499454265369540191038696454891168306099643775622936511785642057901214853499476031988239958986125737984.000000
7584588448926773711096027094856186093040010684034460695009662499274442243186054877526185181016613915591401008980497761304377926167074608232005632.000000
7005794482586869636891740742513277029260356467394241333119230351687406817934729781761225329015733850752621132996167407467747804626050497887862784.000000
6425889812978289198038185422825575733646220204543778467605115980810487693431540023042947293696553820099597368564973946060874009547051585494843392.000000
5844966296415978025174273570379217715615587254478345821205588279041496998468893285649578269265390097061072414807606348778276408643920708574904320.000000
5263115932156613408284053398884051584434485362361822019641917306987215290018252366018337592679396291805540185825965655495770067830829152848576512.000000
4680430855667945148381313178528464144191918790580110295597235337466333408188666179770645786684996680455439354697275187922644378852977097899507712.000000
4097003335479498195985594899338987635143070733135635405879239703988259423919675907594740926053059595549053397681146630455909012225551882891821056.000000
3512925772516770784305539468746020241067478590170226137400929122603287584668430826946986805311902611909122031296158954344329337179543484808298496.000000
2928290700078492992407707788105563936130692395429529650288371244353050040889487188085251197387118676563975059500303614976120989565603272407908352.000000
2343190782116166137910468051728658882025975394580241147105115261638279969216318967054023990829113589935871799521953885912823595884609217098678272.000000
1757718807387186201746509753995251440014704802681018092178309311947121556471650608502390313241082217055276145075915064079103996456261714838552576.000000
1171967677470992659390678499208603494003083302114818435815100403627492770902444855196048469705541667819544684561969187956646384281569518306721792.000000
586030387538764832373787554861517253000447641105442350126469034759255753725713753975230690104424647639069393366846632672247013314451906662236160.000000
0.000000
