0.000000
0.003687
0.007374
0.011061
0.014747
0.018433
0.022118
0.025802
0.029486
0.033168
0.036848
0.040528
0.044205
0.047881
0.051555
0.055227
0.058897
0.062564
0.066229
0.069891
0.073551
0.077208
0.080861
0.084512
0.088159
0.091802
0.095442
0.099078
0.102711
0.106339
0.109963
0.113582
0.117197
0.120808
0.124414
0.128014
0.131610
0.135201
0.138786
0.142366
0.145940
0.149508
0.153070
0.156627
0.160177
0.163720
0.167258
0.170788
0.174312
0.177829
0.181339
0.184842
0.188338
0.191826
0.195306
0.198779
0.202244
0.205701
0.209150
0.212590
0.216022
0.219446
0.222860
0.226266
0.229664
0.233052
0.236430
0.239800
0.243160
0.246510
0.249851
0.253181
0.256502
0.259812
0.263113
0.266402
0.269682
0.272950
0.276208
0.279455
0.282691
0.285916
0.289129
0.292331
0.295521
0.298700
0.301867
0.305022
0.308165
0.311295
0.314413
0.317519
0.320613
0.323693
0.326761
0.329816
0.332858
0.335887
0.338902
0.341904
0.344893
0.347868
0.350829
0.353776
0.356709
0.359628
0.362533
0.365424
0.368300
0.371161
0.374008
0.376840
0.379657
0.382459
0.385246
0.388018
0.390774
0.393515
0.396241
0.398951
0.401644
0.404322
0.406984
0.409630
0.412260
0.414874
0.417471
0.420051
0.422615
0.425162
0.427693
0.430206
0.432702
0.435182
0.437644
0.440088
0.442516
0.444926
0.447318
0.449693
0.452049
0.454388
0.456709
0.459012
0.461297
0.463563
0.465811
0.468041
0.470252
0.472445
0.474618
0.476774
0.478910
0.481027
0.483125
0.485205
0.487265
0.489305
0.491327
0.493328
0.495311
0.497274
0.499217
0.501140
0.503044
0.504927
0.506791
0.508635
0.510458
0.512261
0.514044
0.515807
0.517550
0.519271
0.520973
0.522653
0.524313
0.525953
0.527571
0.529169
0.530745
0.532301
0.533836
0.535349
0.536841
0.538313
0.539762
0.541191
0.542598
0.543983
0.545347
0.546690
0.548011
0.549310
0.550587
0.551843
0.553077
0.554289
0.555479
0.556647
0.557793
0.558917
0.560019
0.561099
0.562156
0.563191
0.564204
0.565195
0.566163
0.567109
0.568033
0.568934
0.569812
0.570668
0.571502
0.572313
0.573101
0.573866
0.574609
0.575329
0.576026
0.576701
0.577353
0.577981
0.578587
0.579171
0.579731
0.580268
0.580782
0.581274
0.581742
0.582187
0.582610
0.583009
0.583385
0.583738
0.584068
0.584375
0.584659
0.584920
0.585157
0.585372
0.585563
0.585731
0.585876
0.585998
0.586096
0.586171
0.586224
0.586253
0.586258
0.586241
0.586200
0.586137
0.586050
0.585940
0.585806
0.585650
0.585470
0.585267
0.585041
0.584792
0.584520
0.584225
0.583906
0.583565
0.583200
0.582812
0.582401
0.581968
0.581511
0.581031
0.580528
0.580002
0.579453
0.578882
0.578287
0.577670
0.577030
0.576366
0.575681
0.574972
0.574240
0.573486
0.572709
0.571910
0.571088
0.570243
0.569376
0.568486
0.567574
0.566639
0.565682
0.564702
0.563701
0.562677
0.561630
0.560561
0.559471
0.558358
0.557223
0.556066
0.554887
0.553686
0.552463
0.551218
0.549951
0.548663
0.547353
0.546021
0.544668
0.543293
0.541897
0.540479
0.539040
0.537580
0.536098
0.534595
0.533071
0.531526
0.529960
0.528373
0.526764
0.525136
0.523486
0.521816
0.520125
0.518413
0.516681
0.514928
0.513155
0.511362
0.509549
0.507715
0.505862
0.503988
0.502094
0.500181
0.498248
0.496295
0.494322
0.492330
0.490318
0.488287
0.486237
0.484167
0.482079
0.479971
0.477844
0.475698
0.473534
0.471351
0.469149
0.466928
0.464689
0.462432
0.460157
0.457863
0.455551
0.453221
0.450873
0.448507
0.446124
0.443723
0.441304
0.438868
0.436415
0.433944
0.431456
0.428951
0.426429
0.423891
0.421335
0.418763
0.416174
0.413569
0.410947
0.408309
0.405655
0.402985
0.400299
0.397598
0.394880
0.392147
0.389398
0.386634
0.383855
0.381060
0.378251
0.375426
0.372586
0.369732
0.366863
0.363980
0.361082
0.358170
0.355244
0.352304
0.349350
0.346382
0.343400
0.340405
0.337396
0.334374
0.331339
0.328290
0.325229
0.322155
0.319068
0.315968
0.312856
0.309731
0.306595
0.303446
0.300285
0.297112
0.293928
0.290731
0.287524
0.284305
0.281074
0.277833
0.274581
0.271317
0.268043
0.264759
0.261464
0.258158
0.254843
0.251517
0.248181
0.244836
0.241481
0.238116
0.234742
0.231359
0.227966
0.224565
0.221154
0.217735
0.214307
0.210871
0.207426
0.203973
0.200512
0.197044
0.193567
0.190083
0.186591
0.183092
0.179585
0.176072
0.172551
0.169024
0.165490
0.161949
0.158402
0.154849
0.151290
0.147724
0.144153
0.140576
0.136994
0.133406
0.129813
0.126215
0.122611
0.119003
0.115390
0.111773
0.108151
0.104525
0.100895
0.097261
0.093623
0.089981
0.086336
0.082687
0.079035
0.075380
0.071721
0.068061
0.064397
0.060731
0.057062
0.053391
0.049718
0.046043
0.042367
0.038688
0.035008
0.031327
0.027644
0.023961
0.020276
0.016590
0.012904
0.009218
0.005531
0.001844
-0.001844
-0.005531
-0.009218
-0.012904
-0.016590
-0.020276
-0.023961
-0.027644
-0.031327
-0.035008
-0.038688
-0.042367
-0.046043
-0.049718
-0.053391
-0.057062
-0.060731
-0.064397
-0.068061
-0.071721
-0.075380
-0.079035
-0.082687
-0.086336
-0.089981
-0.093623
-0.097261
-0.100895
-0.104525
-0.108151
-0.111773
-0.115390
-0.119003
-0.122611
-0.126215
-0.129813
-0.133406
-0.136994
-0.140576
-0.144153
-0.147724
-0.151290
-0.154849
-0.158402
-0.161949
-0.165490
-0.169024
-0.172551
-0.176072
-0.179585
-0.183092
-0.186591
-0.190083
-0.193567
-0.197044
-0.200512
-0.203973
-0.207426
-0.210871
-0.214307
-0.217735
-0.221154
-0.224565
-0.227966
-0.231359
-0.234742
-0.238116
-0.241481
-0.244836
-0.248181
-0.251517
-0.254843
-0.258158
-0.261464
-0.264759
-0.268043
-0.271317
-0.274581
-0.277833
-0.281074
-0.284305
-0.287524
-0.290731
-0.293928
-0.297112
-0.300285
-0.303446
-0.306595
-0.309731
-0.312856
-0.315968
-0.319068
-0.322155
-0.325229
-0.328290
-0.331339
-0.334374
-0.337396
-0.340405
-0.343400
-0.346382
-0.349350
-0.352304
-0.355244
-0.358170
-0.361082
-0.363980
-0.366863
-0.369732
-0.372586
-0.375426
-0.378251
-0.381060
-0.383855
-0.386634
-0.389398
-0.392147
-0.394880
-0.397598
-0.400299
-0.402985
-0.405655
-0.408309
-0.410947
-0.413569
-0.416174
-0.418763
-0.421335
-0.423891
-0.426429
-0.428951
-0.431456
-0.433944
-0.436415
-0.438868
-0.441304
-0.443723
-0.446124
-0.448507
-0.450873
-0.453221
-0.455551
-0.457863
-0.460157
-0.462432
-0.464689
-0.466928
-0.469149
-0.471351
-0.473534
-0.475698
-0.477844
-0.479971
-0.482079
-0.484167
-0.486237
-0.488287
-0.490318
-0.492330
-0.494322
-0.496295
-0.498248
-0.500181
-0.502094
-0.503988
-0.505862
-0.507715
-0.509549
-0.511362
-0.513155
-0.514928
-0.516681
-0.518413
-0.520125
-0.521816
-0.523486
-0.525136
-0.526764
-0.528373
-0.529960
-0.531526
-0.533071
-0.534595
-0.536098
-0.537580
-0.539040
-0.540479
-0.541897
-0.543293
-0.544668
-0.546021
-0.547353
-0.548663
-0.549951
-0.551218
-0.552463
-0.553686
-0.554887
-0.556066
-0.557223
-0.558358
-0.559471
-0.560561
-0.561630
-0.562676
-0.563701
-0.564702
-0.565682
-0.566639
-0.567574
-0.568486
-0.569376
-0.570243
-0.571088
-0.571910
-0.572709
-0.573486
-0.574240
-0.574972
-0.575681
-0.576366
-0.577030
-0.577670
-0.578287
-0.578882
-0.579453
-0.580002
-0.580528
-0.581031
-0.581511
-0.581968
-0.582401
-0.582812
-0.583200
-0.583565
-0.583906
-0.584225
-0.584520
-0.584792
-0.585041
-0.585267
-0.585470
-0.585650
-0.585806
-0.585940
-0.586050
-0.586137
-0.586200
-0.586241
-0.586258
-0.586253
-0.586224
-0.586171
-0.586096
-0.585998
-0.585876
-0.585731
-0.585563
-0.585372
-0.585157
-0.584920
-0.584659
-0.584375
-0.584068
-0.583738
-0.583385
-0.583009
-0.582610
-0.582187
-0.581742
-0.581274
-0.580782
-0.580268
-0.579731
-0.579171
-0.578587
-0.577981
-0.577353
-0.576701
-0.576026
-0.575329
-0.574609
-0.573866
-0.573101
-0.572313
-0.571502
-0.570668
-0.569812
-0.568934
-0.568033
-0.567109
-0.566163
-0.565195
-0.564204
-0.563191
-0.562156
-0.561099
-0.560019
-0.558917
-0.557793
-0.556647
-0.555479
-0.554289
-0.553077
-0.551843
-0.550587
-0.549310
-0.548011
-0.546690
-0.545347
-0.543983
-0.542598
-0.541191
-0.539762
-0.538313
-0.536841
-0.535349
-0.533836
-0.532301
-0.530745
-0.529169
-0.527571
-0.525953
-0.524313
-0.522653
-0.520973
-0.519271
-0.517550
-0.515807
-0.514044
-0.512261
-0.510458
-0.508635
-0.506791
-0.504927
-0.503044
-0.501140
-0.499217
-0.497274
-0.495311
-0.493328
-0.491327
-0.489305
-0.487265
-0.485205
-0.483125
-0.481027
-0.478910
-0.476774
-0.474618
-0.472445
-0.470252
-0.468041
-0.465811
-0.463563
-0.461297
-0.459012
-0.456709
-0.454388
-0.452049
-0.449693
-0.447318
-0.444926
-0.442516
-0.440088
-0.437644
-0.435182
-0.432702
-0.430206
-0.427692
-0.425162
-0.422615
-0.420051
-0.417471
-0.414874
-0.412260
-0.409630
-0.406984
-0.404322
-0.401644
-0.398950
-0.396241
-0.393515
-0.390774
-0.388018
-0.385246
-0.382459
-0.379657
-0.376840
-0.374008
-0.371161
-0.368300
-0.365424
-0.362533
-0.359628
-0.356709
-0.353776
-0.350829
-0.347868
-0.344893
-0.341904
-0.338902
-0.335887
-0.332858
-0.329816
-0.326761
-0.323693
-0.320613
-0.317519
-0.314413
-0.311295
-0.308165
-0.305022
-0.301867
-0.298700
-0.295521
-0.292331
-0.289129
-0.285916
-0.282691
-0.279455
-0.276208
-0.272950
-0.269682
-0.266402
-0.263113
-0.259812
-0.256502
-0.253181
-0.249851
-0.246510
-0.243160
-0.239800
-0.236430
-0.233052
-0.229664
-0.226266
-0.222860
-0.219446
-0.216022
-0.212590
-0.209150
-0.205701
-0.202244
-0.198779
-0.195306
-0.191826
-0.188338
-0.184842
-0.181339
-0.177829
-0.174312
-0.170788
-0.167258
-0.163720
-0.160177
-0.156627
-0.153070
-0.149508
-0.145940
-0.142366
-0.138786
-0.135201
-0.131610
-0.128014
-0.124414
-0.120808
-0.117197
-0.113582
-0.109963
-0.106339
-0.102711
-0.099078
-0.095442
-0.091802
-0.088159
-0.084512
-0.080861
-0.077208
-0.073551
-0.069891
-0.066229
-0.062564
-0.058897
-0.055227
-0.051555
-0.047881
-0.044205
-0.040528
-0.036848
-0.033168
-0.029486
-0.025802
-0.022118
-0.018433
-0.014747
-0.011061
-0.007374
-0.003687
0.000000
