  0.000000
  3.000000
  3.175573
  3.008389
  3.085632
  2.929064
  3.160642
  2.813475
  2.847825
  3.338263
  3.233262
  3.303344
  3.370745
  3.486290
  3.435328
  3.496960
  2.764835
  3.618034
  3.610871
  3.555513
  3.732051
  3.662920
  3.711551
  3.756666
  3.827092
  3.798174
  3.835990
  3.902114
  3.900240
  3.870033
  3.956296
  3.926545
  3.948892
  3.989044
  3.967240
  3.981549
  3.991793
  3.997946
  2.618037
  2.680265
  2.594291
  2.415816
  2.418835
  2.507084
  2.209059
  2.329694
  2.239875
  2.149548
  2.000002
  2.058902
  1.968119
  1.790957
  1.786886
  1.877390
  1.584178
  1.696826
  1.607365
  1.518690
  1.381969
  1.430993
  1.344445
  1.186533
  1.175521
  1.259233
  1.000000
  1.093497
  1.013321
  0.824432
  0.935154
  0.859167
  0.785513
  0.661742
  0.714349
  0.645821
  0.513707
  0.517258
  0.580077
  0.381967
  0.457481
  0.400894
  0.267951
  0.347611
  0.297750
  0.251423
  0.172911
  0.169781
  0.208734
  0.097887
  0.134659
  0.103449
  0.043705
  0.076231
  0.053074
  0.010956
  0.034040
  0.019180
  0.008535
  0.002135
 -0.485088
