  0.000000
  2.999999
  3.089279
  3.175572
  2.907982
  3.014776
  2.813474
  2.873857
  3.149179
  3.258641
  3.338262
  3.276219
  3.414215
  3.395087
  3.486290
  3.554292
  3.505036
  3.618035
  3.605367
  3.677341
  3.732051
  3.695443
  3.782014
  3.774698
  3.827091
  3.867162
  3.902113
  3.898801
  3.842626
  3.931852
  3.956296
  3.975376
  3.989044
  3.974538
  3.997259
  3.942864
  3.993626
  2.716735
  2.727320
  2.618036
  2.517640
  2.576085
  2.415819
  2.421123
  2.312871
  2.209058
  2.263400
  2.104715
  2.103889
  2.000002
  1.895329
  1.943726
  1.790950
  1.783795
  1.687133
  1.584177
  1.625169
  1.482366
  1.381968
  1.468842
  1.283264
  1.315827
  1.186530
  1.092020
  1.167092
  1.000000
  1.023600
  0.910724
  0.824431
  0.886269
  0.741359
  0.756000
  0.661741
  0.585787
  0.633637
  0.513709
  0.520003
  0.445709
  0.381967
  0.415855
  0.322672
  0.321912
  0.267950
  0.217988
  0.172910
  0.238883
  0.167356
  0.132840
  0.097887
  0.068149
  0.107916
  0.043705
  0.061074
  0.024623
  0.010956
  0.027267
  0.002741
  0.006836
 -0.485087
