 -0.077299
 -0.077413
 -0.077526
 -0.077640
 -0.077754
 -0.077869
 -0.077983
 -0.078098
 -0.078213
 -0.078328
 -0.078443
 -0.078558
 -0.078673
 -0.078789
 -0.078905
 -0.079021
 -0.079137
 -0.079253
 -0.079370
 -0.079487
 -0.079603
 -0.079720
 -0.079838
 -0.079955
 -0.080072
 -0.080190
 -0.080308
 -0.080426
 -0.080544
 -0.080663
 -0.080781
 -0.080900
 -0.081019
 -0.081138
 -0.081257
 -0.081377
 -0.081496
 -0.081616
 -0.081736
 -0.081856
 -0.081977
 -0.082097
 -0.082218
 -0.082339
 -0.082460
 -0.082581
 -0.082702
 -0.082824
 -0.082946
 -0.083068
 -0.083190
 -0.083312
 -0.083434
 -0.083557
 -0.083680
 -0.083803
 -0.083926
 -0.084049
 -0.084173
 -0.084297
 -0.084421
 -0.084545
 -0.084669
 -0.084793
 -0.084918
 -0.085043
 -0.085168
 -0.085293
 -0.085418
 -0.085544
 -0.085670
 -0.085796
 -0.085922
 -0.086048
 -0.086174
 -0.086301
 -0.086428
 -0.086555
 -0.086682
 -0.086810
 -0.086937
 -0.087065
 -0.087193
 -0.087321
 -0.087450
 -0.087578
 -0.087707
 -0.087836
 -0.087965
 -0.088094
 -0.088224
 -0.088353
 -0.088483
 -0.088613
 -0.088744
 -0.088874
 -0.089005
 -0.089135
 -0.089267
 -0.089398
 -0.089529
 -0.089661
 -0.089793
 -0.089925
 -0.090057
 -0.090189
 -0.090322
 -0.090454
 -0.090587
 -0.090721
 -0.090854
 -0.090987
 -0.091121
 -0.091255
 -0.091389
 -0.091524
 -0.091658
 -0.091793
 -0.091928
 -0.092063
 -0.092198
 -0.092334
 -0.092469
 -0.092605
 -0.092742
 -0.092878
 -0.093014
 -0.093151
 -0.093288
 -0.093425
 -0.093563
 -0.093700
 -0.093838
 -0.093976
 -0.094114
 -0.094252
 -0.094391
 -0.094529
 -0.094668
 -0.094808
 -0.094947
 -0.095086
 -0.095226
 -0.095366
 -0.095506
 -0.095647
 -0.095787
 -0.095928
 -0.096069
 -0.096210
 -0.096352
 -0.096493
 -0.096635
 -0.096777
 -0.096920
 -0.097062
 -0.097205
 -0.097348
 -0.097491
 -0.097634
 -0.097778
 -0.097921
 -0.098065
 -0.098209
 -0.098354
 -0.098498
 -0.098643
 -0.098788
 -0.098933
 -0.099079
 -0.099224
 -0.099370
 -0.099516
 -0.099663
 -0.099809
 -0.099956
 -0.100103
 -0.100250
 -0.100397
 -0.100545
 -0.100693
 -0.100841
 -0.100989
 -0.101137
 -0.101286
 -0.101435
 -0.101584
 -0.101733
 -0.101883
 -0.102032
 -0.102182
 -0.102333
 -0.102483
 -0.102634
 -0.102785
 -0.102936
 -0.103087
 -0.103238
 -0.103390
 -0.103542
 -0.103694
 -0.103847
 -0.104000
 -0.104152
 -0.104305
 -0.104459
 -0.104612
 -0.104766
 -0.104920
 -0.105074
 -0.105229
 -0.105383
 -0.105538
 -0.105694
 -0.105849
 -0.106005
 -0.106160
 -0.106316
 -0.106473
 -0.106629
 -0.106786
 -0.106943
 -0.107100
 -0.107258
 -0.107415
 -0.107573
 -0.107731
 -0.107889
 -0.108048
 -0.108207
 -0.108366
 -0.108525
 -0.108685
 -0.108845
 -0.109004
 -0.109165
 -0.109325
 -0.109486
 -0.109647
 -0.109808
 -0.109969
 -0.110131
 -0.110293
 -0.110455
 -0.110617
 -0.110780
 -0.110943
 -0.111106
 -0.111269
 -0.111433
 -0.111597
 -0.111761
 -0.111925
 -0.112089
 -0.112254
 -0.112419
 -0.112585
 -0.112750
 -0.112916
 -0.113082
 -0.113248
 -0.113414
 -0.113581
 -0.113748
 -0.113915
 -0.114083
 -0.114250
 -0.114418
 -0.114586
 -0.114755
 -0.114924
 -0.115092
 -0.115262
 -0.115431
 -0.115601
 -0.115771
 -0.115941
 -0.116111
 -0.116282
 -0.116453
 -0.116624
 -0.116795
 -0.116967
 -0.117139
 -0.117311
 -0.117484
 -0.117656
 -0.117829
 -0.118003
 -0.118176
 -0.118350
 -0.118524
 -0.118698
 -0.118872
 -0.119047
 -0.119222
 -0.119397
 -0.119573
 -0.119749
 -0.119925
 -0.120101
 -0.120277
 -0.120454
 -0.120631
 -0.120809
 -0.120986
 -0.121164
 -0.121342
 -0.121520
 -0.121699
 -0.121878
 -0.122057
 -0.122236
 -0.122416
 -0.122596
 -0.122776
 -0.122957
 -0.123138
 -0.123319
 -0.123500
 -0.123681
 -0.123863
 -0.124045
 -0.124227
 -0.124410
 -0.124593
 -0.124776
 -0.124960
 -0.125143
 -0.125327
 -0.125511
 -0.125696
 -0.125881
 -0.126066
 -0.126251
 -0.126437
 -0.126622
 -0.126809
 -0.126995
 -0.127182
 -0.127369
 -0.127556
 -0.127743
 -0.127931
 -0.128119
 -0.128307
 -0.128496
 -0.128685
 -0.128874
 -0.129063
 -0.129253
 -0.129443
 -0.129633
 -0.129824
 -0.130015
 -0.130206
 -0.130397
 -0.130589
 -0.130781
 -0.130973
 -0.131166
 -0.131359
 -0.131552
 -0.131745
 -0.131939
 -0.132133
 -0.132327
 -0.132521
 -0.132716
 -0.132911
 -0.133106
 -0.133302
 -0.133498
 -0.133694
 -0.133891
 -0.134088
 -0.134285
 -0.134482
 -0.134680
 -0.134878
 -0.135076
 -0.135275
 -0.135473
 -0.135673
 -0.135872
 -0.136072
 -0.136272
 -0.136472
 -0.136673
 -0.136873
 -0.137075
 -0.137276
 -0.137478
 -0.137680
 -0.137882
 -0.138085
 -0.138288
 -0.138491
 -0.138695
 -0.138899
 -0.139103
 -0.139307
 -0.139512
 -0.139717
 -0.139923
 -0.140128
 -0.140334
 -0.140541
 -0.140747
 -0.140954
 -0.141161
 -0.141369
 -0.141576
 -0.141785
 -0.141993
 -0.142202
 -0.142411
 -0.142620
 -0.142830
 -0.143040
 -0.143250
 -0.143460
 -0.143671
 -0.143883
 -0.144094
 -0.144306
 -0.144518
 -0.144730
 -0.144943
 -0.145156
 -0.145370
 -0.145583
 -0.145797
 -0.146012
 -0.146226
 -0.146441
 -0.146656
 -0.146872
 -0.147088
 -0.147304
 -0.147521
 -0.147737
 -0.147954
 -0.148172
 -0.148390
 -0.148608
 -0.148826
 -0.149045
 -0.149264
 -0.149484
 -0.149703
 -0.149923
 -0.150144
 -0.150364
 -0.150585
 -0.150807
 -0.151029
 -0.151250
 -0.151473
 -0.151695
 -0.151918
 -0.152142
 -0.152365
 -0.152589
 -0.152814
 -0.153038
 -0.153263
 -0.153488
 -0.153714
 -0.153940
 -0.154166
 -0.154393
 -0.154620
 -0.154847
 -0.155075
 -0.155303
 -0.155531
 -0.155760
 -0.155989
 -0.156218
 -0.156447
 -0.156677
 -0.156908
 -0.157138
 -0.157369
 -0.157601
 -0.157832
 -0.158064
 -0.158297
 -0.158529
 -0.158762
 -0.158996
 -0.159229
 -0.159463
 -0.159698
 -0.159933
 -0.160168
 -0.160403
 -0.160639
 -0.160875
 -0.161112
 -0.161348
 -0.161585
 -0.161823
 -0.162061
 -0.162299
 -0.162538
 -0.162777
 -0.163016
 -0.163256
 -0.163495
 -0.163736
 -0.163976
 -0.164217
 -0.164459
 -0.164701
 -0.164943
 -0.165185
 -0.165428
 -0.165671
 -0.165915
 -0.166159
 -0.166403
 -0.166647
 -0.166892
 -0.167138
 -0.167383
 -0.167629
 -0.167876
 -0.168122
 -0.168370
 -0.168617
 -0.168865
 -0.169113
 -0.169362
 -0.169611
 -0.169860
 -0.170110
 -0.170360
 -0.170610
 -0.170861
 -0.171112
 -0.171364
 -0.171615
 -0.171868
 -0.172120
 -0.172373
 -0.172627
 -0.172880
 -0.173135
 -0.173389
 -0.173644
 -0.173899
 -0.174155
 -0.174411
 -0.174667
 -0.174924
 -0.175181
 -0.175438
 -0.175696
 -0.175955
 -0.176213
 -0.176472
 -0.176732
 -0.176991
 -0.177252
 -0.177512
 -0.177773
 -0.178034
 -0.178296
 -0.178558
 -0.178821
 -0.179083
 -0.179347
 -0.179610
 -0.179874
 -0.180139
 -0.180403
 -0.180669
 -0.180934
 -0.181200
 -0.181467
 -0.181733
 -0.182000
 -0.182268
 -0.182536
 -0.182804
 -0.183073
 -0.183342
 -0.183612
 -0.183881
 -0.184152
 -0.184422
 -0.184693
 -0.184965
 -0.185237
 -0.185509
 -0.185782
 -0.186055
 -0.186328
 -0.186602
 -0.186877
 -0.187151
 -0.187426
 -0.187702
 -0.187978
 -0.188254
 -0.188531
 -0.188808
 -0.189085
 -0.189363
 -0.189642
 -0.189920
 -0.190200
 -0.190479
 -0.190759
 -0.191039
 -0.191320
 -0.191602
 -0.191883
 -0.192165
 -0.192448
 -0.192730
 -0.193014
 -0.193298
 -0.193582
 -0.193866
 -0.194151
 -0.194436
 -0.194722
 -0.195009
 -0.195295
 -0.195582
 -0.195870
 -0.196158
 -0.196446
 -0.196735
 -0.197024
 -0.197314
 -0.197604
 -0.197894
 -0.198185
 -0.198476
 -0.198768
 -0.199060
 -0.199353
 -0.199646
 -0.199939
 -0.200233
 -0.200527
 -0.200822
 -0.201117
 -0.201413
 -0.201709
 -0.202006
 -0.202303
 -0.202600
 -0.202898
 -0.203196
 -0.203495
 -0.203794
 -0.204093
 -0.204393
 -0.204694
 -0.204994
 -0.205296
 -0.205598
 -0.205900
 -0.206203
 -0.206506
 -0.206809
 -0.207113
 -0.207418
 -0.207723
 -0.208028
 -0.208334
 -0.208640
 -0.208947
 -0.209254
 -0.209561
 -0.209869
 -0.210178
 -0.210487
 -0.210796
 -0.211106
 -0.211416
 -0.211727
 -0.212038
 -0.212350
 -0.212662
 -0.212975
 -0.213288
 -0.213601
 -0.213915
 -0.214230
 -0.214545
 -0.214860
 -0.215176
 -0.215492
 -0.215809
 -0.216126
 -0.216444
 -0.216762
 -0.217081
 -0.217399
 -0.217719
 -0.218039
 -0.218360
 -0.218681
 -0.219002
 -0.219324
 -0.219646
 -0.219969
 -0.220292
 -0.220616
 -0.220941
 -0.221265
 -0.221591
 -0.221916
 -0.222242
 -0.222569
 -0.222896
 -0.223224
 -0.223552
 -0.223881
 -0.224210
 -0.224539
 -0.224869
 -0.225200
 -0.225531
 -0.225863
 -0.226194
 -0.226527
 -0.226860
 -0.227193
 -0.227527
 -0.227862
 -0.228197
 -0.228532
 -0.228868
 -0.229204
 -0.229541
 -0.229879
 -0.230217
 -0.230555
 -0.230894
 -0.231233
 -0.231573
 -0.231914
 -0.232255
 -0.232596
 -0.232938
 -0.233280
 -0.233623
 -0.233966
 -0.234310
 -0.234655
 -0.235000
 -0.235345
 -0.235691
 -0.236037
 -0.236384
 -0.236732
 -0.237080
 -0.237428
 -0.237777
 -0.238127
 -0.238477
 -0.238827
 -0.239178
 -0.239530
 -0.239882
 -0.240235
 -0.240588
 -0.240941
 -0.241296
 -0.241650
 -0.242005
 -0.242361
 -0.242717
 -0.243074
 -0.243432
 -0.243789
 -0.244148
 -0.244507
 -0.244866
 -0.245226
 -0.245587
 -0.245947
 -0.246309
 -0.246671
 -0.247034
 -0.247397
 -0.247760
 -0.248124
 -0.248489
 -0.248855
 -0.249220
 -0.249587
 -0.249954
 -0.250321
 -0.250689
 -0.251057
 -0.251426
 -0.251796
 -0.252166
 -0.252537
 -0.252908
 -0.253280
 -0.253652
 -0.254025
 -0.254398
 -0.254772
 -0.255147
 -0.255522
 -0.255897
 -0.256273
 -0.256650
 -0.257027
 -0.257405
 -0.257784
 -0.258162
 -0.258542
 -0.258922
 -0.259302
 -0.259684
 -0.260065
 -0.260448
 -0.260830
 -0.261214
 -0.261598
 -0.261982
 -0.262367
 -0.262753
 -0.263139
 -0.263526
 -0.263913
 -0.264301
 -0.264690
 -0.265079
 -0.265469
 -0.265859
 -0.266250
 -0.266641
 -0.267033
 -0.267425
 -0.267818
 -0.268212
 -0.268606
 -0.269001
 -0.269397
 -0.269793
 -0.270189
 -0.270586
 -0.270984
 -0.271383
 -0.271781
 -0.272181
 -0.272581
 -0.272982
 -0.273383
 -0.273785
 -0.274187
 -0.274590
 -0.274994
 -0.275398
 -0.275803
 -0.276208
 -0.276614
 -0.277021
 -0.277428
 -0.277836
 -0.278244
 -0.278653
 -0.279063
 -0.279473
 -0.279884
 -0.280295
 -0.280707
 -0.281120
 -0.281533
 -0.281947
 -0.282361
 -0.282776
 -0.283192
 -0.283608
 -0.284025
 -0.284442
 -0.284861
 -0.285279
 -0.285699
 -0.286119
 -0.286539
 -0.286960
 -0.287382
 -0.287805
 -0.288228
 -0.288651
 -0.289076
 -0.289500
 -0.289926
 -0.290352
 -0.290779
 -0.291207
 -0.291635
 -0.292063
 -0.292493
 -0.292923
 -0.293353
 -0.293784
 -0.294216
 -0.294648
 -0.295082
 -0.295515
 -0.295950
 -0.296385
 -0.296820
 -0.297257
 -0.297694
 -0.298131
 -0.298569
 -0.299008
 -0.299448
 -0.299888
 -0.300329
 -0.300770
 -0.301212
 -0.301655
 -0.302098
 -0.302543
 -0.302987
 -0.303433
 -0.303879
 -0.304325
 -0.304772
 -0.305221
 -0.305669
 -0.306118
 -0.306569
 -0.307019
 -0.307470
 -0.307923
 -0.308375
 -0.308828
 -0.309282
 -0.309737
 -0.310192
 -0.310648
 -0.311104
 -0.311562
 -0.312020
 -0.312479
 -0.312938
 -0.313398
 -0.313859
 -0.314320
 -0.314782
 -0.315245
 -0.315708
 -0.316172
 -0.316637
 -0.317102
 -0.317568
 -0.318035
 -0.318503
 -0.318971
 -0.319440
 -0.319909
 -0.320380
 -0.320850
 -0.321322
 -0.321794
 -0.322267
 -0.322741
 -0.323215
 -0.323691
 -0.324166
 -0.324643
 -0.325120
 -0.325598
 -0.326076
 -0.326556
 -0.327036
 -0.327517
 -0.327998
 -0.328480
 -0.328963
 -0.329446
 -0.329931
 -0.330416
 -0.330901
 -0.331388
 -0.331875
 -0.332362
 -0.332851
 -0.333340
 -0.333830
 -0.334321
 -0.334812
 -0.335305
 -0.335798
 -0.336291
 -0.336786
 -0.337281
 -0.337776
 -0.338273
 -0.338770
 -0.339268
 -0.339767
 -0.340266
 -0.340766
 -0.341268
 -0.341769
 -0.342272
 -0.342775
 -0.343279
 -0.343783
 -0.344288
 -0.344795
 -0.345301
 -0.345809
 -0.346317
 -0.346826
 -0.347336
 -0.347847
 -0.348358
 -0.348870
 -0.349383
 -0.349897
 -0.350411
 -0.350926
 -0.351442
 -0.351959
 -0.352476
 -0.352994
 -0.353513
 -0.354032
 -0.354553
 -0.355074
 -0.355596
 -0.356119
 -0.356642
 -0.357167
 -0.357692
 -0.358217
 -0.358744
 -0.359271
 -0.359800
 -0.360328
 -0.360858
 -0.361388
 -0.361920
 -0.362452
 -0.362985
 -0.363518
 -0.364053
 -0.364588
 -0.365124
 -0.365661
 -0.366198
 -0.366736
 -0.367275
 -0.367816
 -0.368356
 -0.368898
 -0.369440
 -0.369983
 -0.370527
 -0.371071
 -0.371617
 -0.372163
 -0.372710
 -0.373258
 -0.373807
 -0.374356
 -0.374906
 -0.375457
 -0.376010
 -0.376562
 -0.377116
 -0.377670
 -0.378225
 -0.378781
 -0.379338
 -0.379896
 -0.380454
 -0.381013
 -0.381573
 -0.382135
 -0.382696
 -0.383259
 -0.383822
 -0.384386
 -0.384951
 -0.385517
 -0.386084
 -0.386651
 -0.387220
 -0.387789
 -0.388359
 -0.388930
 -0.389502
 -0.390074
 -0.390648
 -0.391222
 -0.391797
 -0.392373
 -0.392950
 -0.393527
 -0.394106
 -0.394685
 -0.395265
 -0.395846
 -0.396428
 -0.397011
 -0.397595
 -0.398179
 -0.398764
 -0.399351
 -0.399938
 -0.400525
 -0.401115
 -0.401704
 -0.402295
 -0.402886
 -0.403478
 -0.404071
 -0.404665
 -0.405260
 -0.405856
 -0.406452
 -0.407050
 -0.407648
 -0.408247
 -0.408847
 -0.409449
 -0.410050
 -0.410653
 -0.411257
 -0.411861
 -0.412467
 -0.413073
 -0.413680
 -0.414288
 -0.414897
 -0.415507
 -0.416118
 -0.416730
 -0.417342
 -0.417956
 -0.418570
 -0.419186
 -0.419802
 -0.420419
 -0.421037
 -0.421656
 -0.422276
 -0.422897
 -0.423518
 -0.424141
 -0.424764
 -0.425388
 -0.426014
 -0.426640
 -0.427267
 -0.427895
 -0.428524
 -0.429154
 -0.429785
 -0.430417
 -0.431050
 -0.431683
 -0.432318
 -0.432953
 -0.433590
 -0.434227
 -0.434865
 -0.435504
 -0.436145
 -0.436786
 -0.437428
 -0.438071
 -0.438715
 -0.439360
 -0.440006
 -0.440653
 -0.441301
 -0.441949
 -0.442599
 -0.443250
 -0.443901
 -0.444554
 -0.445207
 -0.445861
 -0.446517
 -0.447173
 -0.447830
 -0.448489
 -0.449148
 -0.449809
 -0.450470
 -0.451132
 -0.451795
 -0.452459
 -0.453124
 -0.453790
 -0.454457
 -0.455125
 -0.455794
 -0.456465
 -0.457135
 -0.457807
 -0.458480
 -0.459154
 -0.459829
 -0.460505
 -0.461182
 -0.461860
 -0.462539
 -0.463219
 -0.463900
 -0.464582
 -0.465265
 -0.465948
 -0.466634
 -0.467320
 -0.468007
 -0.468694
 -0.469383
 -0.470073
 -0.470765
 -0.471456
 -0.472149
 -0.472844
 -0.473539
 -0.474235
 -0.474932
 -0.475630
 -0.476329
 -0.477029
 -0.477731
 -0.478433
 -0.479136
 -0.479840
 -0.480546
 -0.481252
 -0.481960
 -0.482668
 -0.483378
 -0.484088
 -0.484800
 -0.485512
 -0.486226
 -0.486941
 -0.487657
 -0.488373
 -0.489092
 -0.489810
 -0.490530
 -0.491251
 -0.491973
 -0.492697
 -0.493421
 -0.494146
 -0.494873
 -0.495600
 -0.496329
 -0.497059
 -0.497789
 -0.498521
 -0.499253
 -0.499987
 -0.500723
 -0.501459
 -0.502196
 -0.502934
 -0.503673
 -0.504414
 -0.505155
 -0.505898
 -0.506641
 -0.507386
 -0.508132
 -0.508879
 -0.509627
 -0.510376
 -0.511126
 -0.511878
 -0.512630
 -0.513384
 -0.514138
 -0.514894
 -0.515651
 -0.516409
 -0.517168
 -0.517928
 -0.518690
 -0.519452
 -0.520216
 -0.520980
 -0.521746
 -0.522513
 -0.523282
 -0.524051
 -0.524821
 -0.525592
 -0.526365
 -0.527139
 -0.527914
 -0.528690
 -0.529467
 -0.530245
 -0.531025
 -0.531805
 -0.532587
 -0.533370
 -0.534154
 -0.534939
 -0.535726
 -0.536513
 -0.537302
 -0.538092
 -0.538882
 -0.539675
 -0.540468
 -0.541263
 -0.542058
 -0.542855
 -0.543653
 -0.544452
 -0.545253
 -0.546054
 -0.546857
 -0.547661
 -0.548465
 -0.549272
 -0.550079
 -0.550888
 -0.551698
 -0.552509
 -0.553321
 -0.554134
 -0.554949
 -0.555764
 -0.556582
 -0.557400
 -0.558219
 -0.559040
 -0.559862
 -0.560685
 -0.561509
 -0.562334
 -0.563161
 -0.563989
 -0.564817
 -0.565648
 -0.566479
 -0.567312
 -0.568146
 -0.568981
 -0.569818
 -0.570655
 -0.571494
 -0.572334
 -0.573175
 -0.574018
 -0.574862
 -0.575707
 -0.576553
 -0.577401
 -0.578250
 -0.579100
 -0.579951
 -0.580803
 -0.581657
 -0.582512
 -0.583368
 -0.584226
 -0.585085
 -0.585945
 -0.586806
 -0.587669
 -0.588533
 -0.589398
 -0.590264
 -0.591132
 -0.592001
 -0.592871
 -0.593742
 -0.594615
 -0.595489
 -0.596365
 -0.597241
 -0.598119
 -0.598999
 -0.599879
 -0.600761
 -0.601644
 -0.602528
 -0.603414
 -0.604301
 -0.605189
 -0.606079
 -0.606970
 -0.607862
 -0.608756
 -0.609651
 -0.610547
 -0.611445
 -0.612343
 -0.613243
 -0.614145
 -0.615048
 -0.615952
 -0.616857
 -0.617764
 -0.618672
 -0.619581
 -0.620492
 -0.621404
 -0.622318
 -0.623233
 -0.624148
 -0.625066
 -0.625985
 -0.626906
 -0.627827
 -0.628750
 -0.629674
 -0.630600
 -0.631527
 -0.632455
 -0.633385
 -0.634315
 -0.635248
 -0.636182
 -0.637117
 -0.638053
 -0.638992
 -0.639931
 -0.640872
 -0.641814
 -0.642757
 -0.643702
 -0.644648
 -0.645596
 -0.646545
 -0.647495
 -0.648447
 -0.649400
 -0.650355
 -0.651311
 -0.652268
 -0.653227
 -0.654188
 -0.655149
 -0.656112
 -0.657077
 -0.658042
 -0.659010
 -0.659978
 -0.660949
 -0.661920
 -0.662893
 -0.663868
 -0.664843
 -0.665821
 -0.666800
 -0.667780
 -0.668762
 -0.669745
 -0.670729
 -0.671715
 -0.672703
 -0.673691
 -0.674682
 -0.675673
 -0.676667
 -0.677662
 -0.678658
 -0.679655
 -0.680655
 -0.681655
 -0.682657
 -0.683660
 -0.684665
 -0.685672
 -0.686680
 -0.687689
 -0.688700
 -0.689712
 -0.690726
 -0.691742
 -0.692759
 -0.693778
 -0.694797
 -0.695818
 -0.696841
 -0.697865
 -0.698891
 -0.699919
 -0.700948
 -0.701977
 -0.703009
 -0.704043
 -0.705078
 -0.706114
 -0.707152
 -0.708192
 -0.709233
 -0.710275
 -0.711320
 -0.712365
 -0.713412
 -0.714462
 -0.715511
 -0.716563
 -0.717617
 -0.718672
 -0.719728
 -0.720786
 -0.721845
 -0.722907
 -0.723970
 -0.725034
 -0.726099
 -0.727166
 -0.728235
 -0.729306
 -0.730378
 -0.731452
 -0.732527
 -0.733604
 -0.734682
 -0.735762
 -0.736844
 -0.737927
 -0.739012
 -0.740098
 -0.741185
 -0.742275
 -0.743366
 -0.744460
 -0.745553
 -0.746650
 -0.747747
 -0.748846
 -0.749947
 -0.751049
 -0.752154
 -0.753260
 -0.754366
 -0.755476
 -0.756586
 -0.757698
 -0.758812
 -0.759927
 -0.761044
 -0.762163
 -0.763284
 -0.764405
 -0.765529
 -0.766655
 -0.767781
 -0.768910
 -0.770041
 -0.771172
 -0.772306
 -0.773441
 -0.774578
 -0.775717
 -0.776857
 -0.777999
 -0.779143
 -0.780288
 -0.781435
 -0.782584
 -0.783735
 -0.784887
 -0.786040
 -0.787196
 -0.788354
 -0.789512
 -0.790672
 -0.791834
 -0.792998
 -0.794164
 -0.795331
 -0.796501
 -0.797671
 -0.798844
 -0.800018
 -0.801194
 -0.802372
 -0.803552
 -0.804733
 -0.805916
 -0.807101
 -0.808288
 -0.809475
 -0.810665
 -0.811856
 -0.813050
 -0.814245
 -0.815442
 -0.816641
 -0.817841
 -0.819043
 -0.820248
 -0.821454
 -0.822661
 -0.823870
 -0.825081
 -0.826294
 -0.827509
 -0.828725
 -0.829944
 -0.831163
 -0.832385
 -0.833609
 -0.834834
 -0.836061
 -0.837290
 -0.838521
 -0.839754
 -0.840988
 -0.842224
 -0.843462
 -0.844703
 -0.845944
 -0.847187
 -0.848433
 -0.849680
 -0.850929
 -0.852180
 -0.853433
 -0.854687
 -0.855944
 -0.857202
 -0.858462
 -0.859724
 -0.860987
 -0.862254
 -0.863521
 -0.864790
 -0.866061
 -0.867335
 -0.868609
 -0.869887
 -0.871165
 -0.872446
 -0.873729
 -0.875013
 -0.876298
 -0.877587
 -0.878877
 -0.880169
 -0.881463
 -0.882759
 -0.884057
 -0.885356
 -0.886658
 -0.887961
 -0.889266
 -0.890573
 -0.891882
 -0.893193
 -0.894507
 -0.895821
 -0.897138
 -0.898457
 -0.899778
 -0.901100
 -0.902424
 -0.903751
 -0.905080
 -0.906410
 -0.907743
 -0.909078
 -0.910414
 -0.911752
 -0.913092
 -0.914434
 -0.915779
 -0.917125
 -0.918473
 -0.919823
 -0.921175
 -0.922530
 -0.923885
 -0.925243
 -0.926603
 -0.927965
 -0.929330
 -0.930697
 -0.932064
 -0.933434
 -0.934806
 -0.936180
 -0.937556
 -0.938935
 -0.940315
 -0.941697
 -0.943082
 -0.944468
 -0.945856
 -0.947247
 -0.948639
 -0.950033
 -0.951430
 -0.952828
 -0.954230
 -0.955632
 -0.957037
 -0.958443
 -0.959852
 -0.961263
 -0.962677
 -0.964091
 -0.965509
 -0.966928
 -0.968349
 -0.969773
 -0.971199
 -0.972626
 -0.974056
 -0.975488
 -0.976922
 -0.978358
 -0.979796
 -0.981237
 -0.982679
 -0.984123
 -0.985570
 -0.987019
 -0.988470
 -0.989923
 -0.991378
 -0.992835
 -0.994294
 -0.995756
 -0.997220
 -0.998686
 -1.000154
 -1.001625
 -1.003096
 -1.004571
 -1.006048
 -1.007527
 -1.009008
 -1.010491
 -1.011977
 -1.013464
 -1.014954
 -1.016446
 -1.017940
 -1.019436
 -1.020934
 -1.022436
 -1.023938
 -1.025443
 -1.026951
 -1.028461
 -1.029972
 -1.031487
 -1.033003
 -1.034521
 -1.036042
 -1.037565
 -1.039090
 -1.040618
 -1.042147
 -1.043679
 -1.045213
 -1.046750
 -1.048289
 -1.049830
 -1.051373
 -1.052918
 -1.054466
 -1.056016
 -1.057568
 -1.059123
 -1.060680
 -1.062239
 -1.063801
 -1.065365
 -1.066931
 -1.068499
 -1.070070
 -1.071643
 -1.073218
 -1.074796
 -1.076375
 -1.077957
 -1.079542
 -1.081129
 -1.082719
 -1.084310
 -1.085904
 -1.087500
 -1.089099
 -1.090700
 -1.092303
 -1.093909
 -1.095517
 -1.097127
 -1.098740
 -1.100355
 -1.101972
 -1.103593
 -1.105215
 -1.106840
 -1.108467
 -1.110096
 -1.111728
 -1.113362
 -1.114999
 -1.116638
 -1.118279
 -1.119923
 -1.121569
 -1.123218
 -1.124869
 -1.126522
 -1.128179
 -1.129837
 -1.131498
 -1.133161
 -1.134827
 -1.136495
 -1.138166
 -1.139839
 -1.141515
 -1.143193
 -1.144873
 -1.146556
 -1.148241
 -1.149929
 -1.151620
 -1.153313
 -1.155008
 -1.156706
 -1.158406
 -1.160109
 -1.161815
 -1.163522
 -1.165233
 -1.166945
 -1.168661
 -1.170378
 -1.172099
 -1.173822
 -1.175548
 -1.177276
 -1.179007
 -1.180739
 -1.182475
 -1.184213
 -1.185954
 -1.187697
 -1.189444
 -1.191191
 -1.192942
 -1.194697
 -1.196453
 -1.198211
 -1.199973
 -1.201736
 -1.203503
 -1.205273
 -1.207044
 -1.208819
 -1.210596
 -1.212375
 -1.214157
 -1.215942
 -1.217728
 -1.219519
 -1.221312
 -1.223108
 -1.224906
 -1.226706
 -1.228510
 -1.230315
 -1.232124
 -1.233934
 -1.235749
 -1.237566
 -1.239385
 -1.241206
 -1.243031
 -1.244858
 -1.246688
 -1.248521
 -1.250355
 -1.252194
 -1.254036
 -1.255878
 -1.257725
 -1.259573
 -1.261424
 -1.263279
 -1.265136
 -1.266996
 -1.268859
 -1.270723
 -1.272592
 -1.274462
 -1.276335
 -1.278212
 -1.280091
 -1.281973
 -1.283857
 -1.285744
 -1.287635
 -1.289526
 -1.291422
 -1.293321
 -1.295223
 -1.297126
 -1.299033
 -1.300942
 -1.302855
 -1.304771
 -1.306689
 -1.308609
 -1.310533
 -1.312459
 -1.314389
 -1.316320
 -1.318256
 -1.320194
 -1.322134
 -1.324077
 -1.326024
 -1.327973
 -1.329925
 -1.331880
 -1.333838
 -1.335799
 -1.337762
 -1.339728
 -1.341698
 -1.343670
 -1.345645
 -1.347623
 -1.349604
 -1.351589
 -1.353576
 -1.355565
 -1.357559
 -1.359554
 -1.361552
 -1.363553
 -1.365558
 -1.367566
 -1.369575
 -1.371589
 -1.373605
 -1.375624
 -1.377647
 -1.379671
 -1.381699
 -1.383731
 -1.385765
 -1.387802
 -1.389842
 -1.391886
 -1.393932
 -1.395980
 -1.398032
 -1.400088
 -1.402144
 -1.404207
 -1.406271
 -1.408338
 -1.410408
 -1.412482
 -1.414557
 -1.416637
 -1.418720
 -1.420805
 -1.422893
 -1.424985
 -1.427080
 -1.429178
 -1.431278
 -1.433383
 -1.435489
 -1.437600
 -1.439713
 -1.441829
 -1.443948
 -1.446071
 -1.448197
 -1.450326
 -1.452458
 -1.454592
 -1.456731
