 -0.020837
 -0.020917
 -0.020999
 -0.021080
 -0.021162
 -0.021244
 -0.021326
 -0.021409
 -0.021492
 -0.021575
 -0.021659
 -0.021743
 -0.021827
 -0.021912
 -0.021997
 -0.022082
 -0.022168
 -0.022254
 -0.022340
 -0.022426
 -0.022513
 -0.022601
 -0.022688
 -0.022776
 -0.022865
 -0.022953
 -0.023042
 -0.023132
 -0.023221
 -0.023311
 -0.023402
 -0.023493
 -0.023584
 -0.023675
 -0.023767
 -0.023859
 -0.023952
 -0.024044
 -0.024138
 -0.024231
 -0.024325
 -0.024420
 -0.024514
 -0.024609
 -0.024705
 -0.024800
 -0.024897
 -0.024993
 -0.025090
 -0.025187
 -0.025285
 -0.025383
 -0.025481
 -0.025580
 -0.025680
 -0.025779
 -0.025879
 -0.025979
 -0.026080
 -0.026181
 -0.026283
 -0.026385
 -0.026487
 -0.026590
 -0.026693
 -0.026796
 -0.026900
 -0.027004
 -0.027109
 -0.027214
 -0.027320
 -0.027426
 -0.027532
 -0.027639
 -0.027746
 -0.027854
 -0.027962
 -0.028070
 -0.028179
 -0.028288
 -0.028398
 -0.028508
 -0.028619
 -0.028730
 -0.028841
 -0.028953
 -0.029065
 -0.029178
 -0.029291
 -0.029404
 -0.029518
 -0.029633
 -0.029748
 -0.029863
 -0.029979
 -0.030095
 -0.030212
 -0.030329
 -0.030447
 -0.030565
 -0.030683
 -0.030802
 -0.030922
 -0.031042
 -0.031162
 -0.031283
 -0.031404
 -0.031526
 -0.031648
 -0.031771
 -0.031894
 -0.032018
 -0.032142
 -0.032266
 -0.032392
 -0.032517
 -0.032643
 -0.032770
 -0.032897
 -0.033024
 -0.033152
 -0.033281
 -0.033410
 -0.033540
 -0.033670
 -0.033800
 -0.033931
 -0.034063
 -0.034195
 -0.034327
 -0.034461
 -0.034594
 -0.034728
 -0.034863
 -0.034998
 -0.035134
 -0.035270
 -0.035407
 -0.035544
 -0.035682
 -0.035820
 -0.035959
 -0.036099
 -0.036239
 -0.036379
 -0.036520
 -0.036662
 -0.036804
 -0.036947
 -0.037090
 -0.037234
 -0.037378
 -0.037523
 -0.037669
 -0.037815
 -0.037961
 -0.038108
 -0.038256
 -0.038405
 -0.038554
 -0.038703
 -0.038853
 -0.039004
 -0.039155
 -0.039307
 -0.039459
 -0.039612
 -0.039766
 -0.039920
 -0.040075
 -0.040230
 -0.040386
 -0.040543
 -0.040700
 -0.040858
 -0.041016
 -0.041175
 -0.041335
 -0.041495
 -0.041656
 -0.041818
 -0.041980
 -0.042143
 -0.042306
 -0.042470
 -0.042635
 -0.042800
 -0.042966
 -0.043133
 -0.043300
 -0.043468
 -0.043636
 -0.043805
 -0.043975
 -0.044146
 -0.044317
 -0.044489
 -0.044661
 -0.044835
 -0.045008
 -0.045183
 -0.045358
 -0.045534
 -0.045711
 -0.045888
 -0.046066
 -0.046244
 -0.046424
 -0.046604
 -0.046784
 -0.046966
 -0.047148
 -0.047331
 -0.047514
 -0.047698
 -0.047883
 -0.048069
 -0.048256
 -0.048443
 -0.048630
 -0.048819
 -0.049008
 -0.049198
 -0.049389
 -0.049581
 -0.049773
 -0.049966
 -0.050160
 -0.050354
 -0.050549
 -0.050745
 -0.050942
 -0.051140
 -0.051338
 -0.051537
 -0.051737
 -0.051937
 -0.052139
 -0.052341
 -0.052544
 -0.052748
 -0.052952
 -0.053158
 -0.053364
 -0.053571
 -0.053778
 -0.053987
 -0.054196
 -0.054406
 -0.054617
 -0.054829
 -0.055042
 -0.055255
 -0.055469
 -0.055684
 -0.055900
 -0.056117
 -0.056335
 -0.056553
 -0.056772
 -0.056993
 -0.057214
 -0.057435
 -0.057658
 -0.057882
 -0.058106
 -0.058331
 -0.058558
 -0.058785
 -0.059013
 -0.059241
 -0.059471
 -0.059702
 -0.059933
 -0.060166
 -0.060399
 -0.060633
 -0.060868
 -0.061104
 -0.061341
 -0.061579
 -0.061818
 -0.062057
 -0.062298
 -0.062540
 -0.062782
 -0.063026
 -0.063270
 -0.063515
 -0.063762
 -0.064009
 -0.064257
 -0.064506
 -0.064756
 -0.065007
 -0.065259
 -0.065513
 -0.065767
 -0.066021
 -0.066277
 -0.066535
 -0.066792
 -0.067051
 -0.067311
 -0.067572
 -0.067835
 -0.068098
 -0.068362
 -0.068627
 -0.068893
 -0.069160
 -0.069428
 -0.069697
 -0.069967
 -0.070239
 -0.070511
 -0.070785
 -0.071059
 -0.071334
 -0.071611
 -0.071889
 -0.072167
 -0.072447
 -0.072728
 -0.073010
 -0.073293
 -0.073577
 -0.073863
 -0.074149
 -0.074437
 -0.074725
 -0.075015
 -0.075306
 -0.075598
 -0.075891
 -0.076185
 -0.076481
 -0.076777
 -0.077075
 -0.077374
 -0.077674
 -0.077975
 -0.078277
 -0.078581
 -0.078886
 -0.079192
 -0.079499
 -0.079807
 -0.080116
 -0.080427
 -0.080739
 -0.081052
 -0.081366
 -0.081682
 -0.081998
 -0.082316
 -0.082635
 -0.082956
 -0.083278
 -0.083600
 -0.083925
 -0.084250
 -0.084577
 -0.084905
 -0.085234
 -0.085564
 -0.085896
 -0.086229
 -0.086564
 -0.086899
 -0.087236
 -0.087574
 -0.087914
 -0.088255
 -0.088597
 -0.088941
 -0.089285
 -0.089632
 -0.089979
 -0.090328
 -0.090678
 -0.091030
 -0.091383
 -0.091737
 -0.092093
 -0.092450
 -0.092809
 -0.093168
 -0.093530
 -0.093892
 -0.094256
 -0.094622
 -0.094989
 -0.095357
 -0.095727
 -0.096098
 -0.096471
 -0.096845
 -0.097220
 -0.097597
 -0.097976
 -0.098356
 -0.098737
 -0.099120
 -0.099504
 -0.099890
 -0.100277
 -0.100666
 -0.101056
 -0.101448
 -0.101841
 -0.102237
 -0.102633
 -0.103031
 -0.103430
 -0.103831
 -0.104234
 -0.104638
 -0.105044
 -0.105451
 -0.105860
 -0.106271
 -0.106683
 -0.107096
 -0.107511
 -0.107928
 -0.108347
 -0.108767
 -0.109189
 -0.109612
 -0.110037
 -0.110464
 -0.110892
 -0.111322
 -0.111754
 -0.112187
 -0.112622
 -0.113059
 -0.113497
 -0.113937
 -0.114379
 -0.114823
 -0.115268
 -0.115715
 -0.116163
 -0.116614
 -0.117066
 -0.117520
 -0.117976
 -0.118433
 -0.118892
 -0.119353
 -0.119816
 -0.120281
 -0.120747
 -0.121215
 -0.121685
 -0.122157
 -0.122631
 -0.123106
 -0.123584
 -0.124063
 -0.124544
 -0.125027
 -0.125512
 -0.125998
 -0.126487
 -0.126977
 -0.127470
 -0.127964
 -0.128460
 -0.128958
 -0.129458
 -0.129960
 -0.130464
 -0.130970
 -0.131478
 -0.131988
 -0.132499
 -0.133013
 -0.133529
 -0.134047
 -0.134566
 -0.135088
 -0.135612
 -0.136138
 -0.136666
 -0.137196
 -0.137728
 -0.138262
 -0.138798
 -0.139336
 -0.139876
 -0.140419
 -0.140963
 -0.141510
 -0.142058
 -0.142609
 -0.143162
 -0.143717
 -0.144274
 -0.144834
 -0.145396
 -0.145959
 -0.146525
 -0.147093
 -0.147664
 -0.148236
 -0.148811
 -0.149388
 -0.149967
 -0.150549
 -0.151133
 -0.151719
 -0.152307
 -0.152897
 -0.153490
 -0.154085
 -0.154683
 -0.155282
 -0.155884
 -0.156489
 -0.157096
 -0.157705
 -0.158317
 -0.158931
 -0.159547
 -0.160165
 -0.160786
 -0.161410
 -0.162036
 -0.162664
 -0.163295
 -0.163928
 -0.164563
 -0.165202
 -0.165842
 -0.166485
 -0.167131
 -0.167779
 -0.168430
 -0.169082
 -0.169738
 -0.170396
 -0.171057
 -0.171720
 -0.172386
 -0.173055
 -0.173726
 -0.174399
 -0.175075
 -0.175754
 -0.176436
 -0.177120
 -0.177806
 -0.178496
 -0.179188
 -0.179883
 -0.180580
 -0.181281
 -0.181984
 -0.182689
 -0.183398
 -0.184109
 -0.184823
 -0.185539
 -0.186259
 -0.186981
 -0.187706
 -0.188434
 -0.189164
 -0.189898
 -0.190634
 -0.191373
 -0.192115
 -0.192860
 -0.193608
 -0.194359
 -0.195112
 -0.195869
 -0.196628
 -0.197391
 -0.198156
 -0.198924
 -0.199696
 -0.200470
 -0.201248
 -0.202028
 -0.202811
 -0.203598
 -0.204387
 -0.205180
 -0.205975
 -0.206774
 -0.207576
 -0.208381
 -0.209188
 -0.210000
 -0.210814
 -0.211631
 -0.212452
 -0.213276
 -0.214103
 -0.214933
 -0.215766
 -0.216603
 -0.217442
 -0.218286
 -0.219132
 -0.219982
 -0.220835
 -0.221691
 -0.222551
 -0.223414
 -0.224280
 -0.225150
 -0.226023
 -0.226899
 -0.227779
 -0.228662
 -0.229549
 -0.230439
 -0.231332
 -0.232229
 -0.233130
 -0.234034
 -0.234941
 -0.235852
 -0.236767
 -0.237685
 -0.238606
 -0.239532
 -0.240460
 -0.241393
 -0.242329
 -0.243268
 -0.244212
 -0.245158
 -0.246109
 -0.247063
 -0.248021
 -0.248983
 -0.249949
 -0.250918
 -0.251891
 -0.252867
 -0.253848
 -0.254832
 -0.255820
 -0.256812
 -0.257808
 -0.258807
 -0.259811
 -0.260818
 -0.261830
 -0.262845
 -0.263864
 -0.264887
 -0.265914
 -0.266945
 -0.267980
 -0.269020
 -0.270063
 -0.271110
 -0.272161
 -0.273216
 -0.274276
 -0.275339
 -0.276407
 -0.277479
 -0.278555
 -0.279635
 -0.280719
 -0.281808
 -0.282900
 -0.283997
 -0.285098
 -0.286204
 -0.287314
 -0.288427
 -0.289546
 -0.290668
 -0.291796
 -0.292928
 -0.294063
 -0.295203
 -0.296348
 -0.297497
 -0.298651
 -0.299808
 -0.300971
 -0.302138
 -0.303310
 -0.304486
 -0.305666
 -0.306852
 -0.308041
 -0.309236
 -0.310435
 -0.311639
 -0.312847
 -0.314060
 -0.315278
 -0.316500
 -0.317727
 -0.318960
 -0.320196
 -0.321438
 -0.322684
 -0.323936
 -0.325192
 -0.326452
 -0.327718
 -0.328989
 -0.330264
 -0.331545
 -0.332830
 -0.334121
 -0.335417
 -0.336717
 -0.338023
 -0.339334
 -0.340649
 -0.341970
 -0.343296
 -0.344627
 -0.345964
 -0.347305
 -0.348652
 -0.350003
 -0.351361
 -0.352723
 -0.354090
 -0.355464
 -0.356842
 -0.358226
 -0.359615
 -0.361009
 -0.362409
 -0.363815
 -0.365225
 -0.366641
 -0.368063
 -0.369490
 -0.370923
 -0.372360
 -0.373805
 -0.375254
 -0.376709
 -0.378170
 -0.379636
 -0.381109
 -0.382586
 -0.384069
 -0.385559
 -0.387054
 -0.388554
 -0.390061
 -0.391573
 -0.393092
 -0.394616
 -0.396146
 -0.397682
 -0.399224
 -0.400772
 -0.402326
 -0.403886
 -0.405452
 -0.407024
 -0.408603
 -0.410187
 -0.411777
 -0.413374
 -0.414977
 -0.416586
 -0.418201
 -0.419822
 -0.421451
 -0.423085
 -0.424725
 -0.426372
 -0.428026
 -0.429685
 -0.431351
 -0.433024
 -0.434703
 -0.436388
 -0.438080
 -0.439779
 -0.441485
 -0.443196
 -0.444915
 -0.446640
 -0.448372
 -0.450110
 -0.451856
 -0.453607
 -0.455366
 -0.457132
 -0.458905
 -0.460684
 -0.462471
 -0.464264
 -0.466064
 -0.467871
 -0.469685
 -0.471506
 -0.473335
 -0.475169
 -0.477013
 -0.478862
 -0.480719
 -0.482582
 -0.484454
 -0.486333
 -0.488218
 -0.490111
 -0.492012
 -0.493919
 -0.495835
 -0.497757
 -0.499687
 -0.501625
 -0.503570
 -0.505522
 -0.507483
 -0.509450
 -0.511426
 -0.513409
 -0.515399
 -0.517397
 -0.519403
 -0.521417
 -0.523439
 -0.525469
 -0.527506
 -0.529553
 -0.531605
 -0.533666
 -0.535736
 -0.537813
 -0.539899
 -0.541992
 -0.544094
 -0.546203
 -0.548321
 -0.550448
 -0.552581
 -0.554725
 -0.556876
 -0.559035
 -0.561202
 -0.563378
 -0.565563
 -0.567755
 -0.569958
 -0.572167
 -0.574385
 -0.576613
 -0.578848
 -0.581093
 -0.583347
 -0.585608
 -0.587880
 -0.590158
 -0.592447
 -0.594744
 -0.597050
 -0.599366
 -0.601689
 -0.604022
 -0.606365
 -0.608716
 -0.611076
 -0.613445
 -0.615824
 -0.618212
 -0.620609
 -0.623015
 -0.625431
 -0.627856
 -0.630290
 -0.632735
 -0.635188
 -0.637651
 -0.640124
 -0.642605
 -0.645097
 -0.647597
 -0.650109
 -0.652630
 -0.655161
 -0.657701
 -0.660251
 -0.662811
 -0.665382
 -0.667961
 -0.670551
 -0.673151
 -0.675762
 -0.678382
 -0.681012
 -0.683652
 -0.686304
 -0.688965
 -0.691637
 -0.694318
 -0.697010
 -0.699713
 -0.702426
 -0.705150
 -0.707884
 -0.710630
 -0.713384
 -0.716150
 -0.718928
 -0.721715
 -0.724513
 -0.727323
 -0.730142
 -0.732974
 -0.735815
 -0.738669
 -0.741532
 -0.744408
 -0.747296
 -0.750193
 -0.753101
 -0.756021
 -0.758952
 -0.761896
 -0.764850
 -0.767815
 -0.770792
 -0.773781
 -0.776782
 -0.779795
 -0.782818
 -0.785853
 -0.788900
 -0.791959
 -0.795030
 -0.798112
 -0.801208
 -0.804314
 -0.807432
 -0.810563
 -0.813707
 -0.816862
 -0.820029
 -0.823209
 -0.826401
 -0.829604
 -0.832821
 -0.836052
 -0.839293
 -0.842547
 -0.845814
 -0.849093
 -0.852386
 -0.855691
 -0.859009
 -0.862340
 -0.865684
 -0.869040
 -0.872410
 -0.875793
 -0.879189
 -0.882598
 -0.886020
 -0.889455
 -0.892904
 -0.896367
 -0.899843
 -0.903331
 -0.906834
 -0.910350
 -0.913881
 -0.917425
 -0.920980
 -0.924551
 -0.928137
 -0.931736
 -0.935348
 -0.938976
 -0.942616
 -0.946271
 -0.949939
 -0.953623
 -0.957321
 -0.961033
 -0.964759
 -0.968501
 -0.972256
 -0.976026
 -0.979809
 -0.983609
 -0.987423
 -0.991252
 -0.995096
 -0.998955
 -1.002827
 -1.006716
 -1.010620
 -1.014539
 -1.018472
 -1.022423
 -1.026387
 -1.030367
 -1.034363
 -1.038373
 -1.042400
 -1.046442
 -1.050501
 -1.054574
 -1.058663
 -1.062767
 -1.066888
 -1.071026
 -1.075179
 -1.079349
 -1.083535
 -1.087736
 -1.091954
 -1.096188
 -1.100437
 -1.104706
 -1.108989
 -1.113291
 -1.117605
 -1.121941
 -1.126290
 -1.130660
 -1.135042
 -1.139444
 -1.143863
 -1.148298
 -1.152751
 -1.157222
 -1.161708
 -1.166214
 -1.170735
 -1.175276
 -1.179835
 -1.184407
 -1.189000
 -1.193610
 -1.198241
 -1.202886
 -1.207550
 -1.212234
 -1.216935
 -1.221653
 -1.226390
 -1.231145
 -1.235919
 -1.240712
 -1.245523
 -1.250352
 -1.255204
 -1.260068
 -1.264956
 -1.269860
 -1.274785
 -1.279727
 -1.284691
 -1.289673
 -1.294672
 -1.299695
 -1.304733
 -1.309792
 -1.314871
 -1.319970
 -1.325089
 -1.330228
 -1.335386
 -1.340563
 -1.345762
 -1.350981
 -1.356219
 -1.361478
 -1.366757
 -1.372056
 -1.377378
 -1.382719
 -1.388081
 -1.393463
 -1.398866
 -1.404292
 -1.409734
 -1.415203
 -1.420690
 -1.426199
 -1.431731
 -1.437282
 -1.442856
 -1.448449
 -1.454068
 -1.459704
 -1.465367
 -1.471049
 -1.476752
 -1.482478
 -1.488228
 -1.493998
 -1.499792
 -1.505606
 -1.511445
 -1.517306
 -1.523190
 -1.529096
 -1.535027
 -1.540977
 -1.546954
 -1.552953
 -1.558974
 -1.565019
 -1.571088
 -1.577182
 -1.583297
 -1.589436
 -1.595600
 -1.601787
 -1.607998
 -1.614234
 -1.620493
 -1.626778
 -1.633085
 -1.639418
 -1.645773
 -1.652157
 -1.658563
 -1.664995
 -1.671451
 -1.677933
 -1.684437
 -1.690971
 -1.697527
 -1.704109
 -1.710719
 -1.717352
 -1.724011
 -1.730695
 -1.737408
 -1.744146
 -1.750908
 -1.757697
 -1.764513
 -1.771356
 -1.778225
 -1.785121
 -1.792040
 -1.798992
 -1.805966
 -1.812969
 -1.820000
 -1.827058
 -1.834143
 -1.841255
 -1.848396
 -1.855563
 -1.862757
 -1.869981
 -1.877233
 -1.884511
 -1.891819
 -1.899155
 -1.906521
 -1.913913
 -1.921332
 -1.928784
 -1.936263
 -1.943773
 -1.951309
 -1.958876
 -1.966473
 -1.974099
 -1.981753
 -1.989437
 -1.997151
 -2.004898
 -2.012669
 -2.020475
 -2.028309
 -2.036175
 -2.044070
 -2.051995
 -2.059951
 -2.067943
 -2.075961
 -2.084011
 -2.092091
 -2.100204
 -2.108349
 -2.116522
 -2.124734
 -2.132969
 -2.141246
 -2.149542
 -2.157879
 -2.166246
 -2.174647
 -2.183082
 -2.191544
 -2.200045
 -2.208577
 -2.217138
 -2.225734
 -2.234368
 -2.243033
 -2.251730
 -2.260463
 -2.269224
 -2.278027
 -2.286860
 -2.295727
 -2.304628
 -2.313565
 -2.322536
 -2.331544
 -2.340584
 -2.349658
 -2.358772
 -2.367917
 -2.377099
 -2.386319
 -2.395570
 -2.404860
 -2.414185
 -2.423548
 -2.432944
 -2.442379
 -2.451851
 -2.461357
 -2.470901
 -2.480487
 -2.490100
 -2.499758
 -2.509454
 -2.519184
 -2.528950
 -2.538761
 -2.548604
 -2.558485
 -2.568407
 -2.578366
 -2.588368
 -2.598404
 -2.608477
 -2.618593
 -2.628745
 -2.638940
 -2.649174
 -2.659446
 -2.669758
 -2.680110
 -2.690500
 -2.700938
 -2.711411
 -2.721925
 -2.732482
 -2.743076
 -2.753709
 -2.764389
 -2.775111
 -2.785871
 -2.796672
 -2.807521
 -2.818403
 -2.829338
 -2.840307
 -2.851318
 -2.862379
 -2.873471
 -2.884620
 -2.895807
 -2.907030
 -2.918305
 -2.929621
 -2.940983
 -2.952384
 -2.963836
 -2.975327
 -2.986864
 -2.998448
 -3.010073
 -3.021745
 -3.033462
 -3.045228
 -3.057031
 -3.068894
 -3.080788
 -3.092734
 -3.104727
 -3.116766
 -3.128854
 -3.140987
 -3.153162
 -3.165396
 -3.177668
 -3.189991
 -3.202360
 -3.214777
 -3.227247
 -3.239759
 -3.252321
 -3.264935
 -3.277591
 -3.290300
 -3.303061
 -3.315869
 -3.328730
 -3.341635
 -3.354594
 -3.367600
 -3.380659
 -3.393771
 -3.406929
 -3.420142
 -3.433403
 -3.446721
 -3.460080
 -3.473501
 -3.486970
 -3.500489
 -3.514061
 -3.527694
 -3.541369
 -3.555103
 -3.568888
 -3.582727
 -3.596616
 -3.610566
 -3.624568
 -3.638620
 -3.652733
 -3.666897
 -3.681118
 -3.695390
 -3.709719
 -3.724106
 -3.738542
 -3.753041
 -3.767594
 -3.782206
 -3.796872
 -3.811587
 -3.826374
 -3.841213
 -3.856111
 -3.871056
 -3.886069
 -3.901138
 -3.916269
 -3.931455
 -3.946697
 -3.962005
 -3.977366
 -3.992791
 -4.008274
 -4.023814
 -4.039420
 -4.055083
 -4.070807
 -4.086594
 -4.102435
 -4.118346
 -4.134317
 -4.150350
 -4.166438
 -4.182598
 -4.198816
 -4.215098
 -4.231446
 -4.247852
 -4.264325
 -4.280859
 -4.297463
 -4.314126
 -4.330857
 -4.347647
 -4.364503
 -4.381433
 -4.398418
 -4.415474
 -4.432598
 -4.449783
 -4.467044
 -4.484362
 -4.501748
 -4.519205
 -4.536733
 -4.554329
 -4.571984
 -4.589717
 -4.607515
 -4.625383
 -4.643312
 -4.661324
 -4.679398
 -4.697536
 -4.715757
 -4.734045
 -4.752407
 -4.770826
 -4.789332
 -4.807906
 -4.826535
 -4.845259
 -4.864053
 -4.882905
 -4.901842
 -4.920857
 -4.939931
 -4.959090
 -4.978322
 -4.997620
 -5.017010
 -5.036456
 -5.055989
 -5.075594
 -5.095271
 -5.115038
 -5.134868
 -5.154784
 -5.174773
 -5.194836
 -5.214983
 -5.235207
 -5.255502
 -5.275883
 -5.296340
 -5.316882
 -5.337495
 -5.358190
 -5.378970
 -5.399831
 -5.420765
 -5.441791
 -5.462892
 -5.484075
 -5.505340
 -5.526680
 -5.548116
 -5.569628
 -5.591228
 -5.612907
 -5.634678
 -5.656525
 -5.678453
 -5.700475
 -5.722581
 -5.744773
 -5.767051
 -5.789412
 -5.811859
 -5.834398
 -5.857024
 -5.879739
 -5.902533
 -5.925425
 -5.948400
 -5.971469
 -5.994627
 -6.017868
 -6.041207
 -6.064632
 -6.088143
 -6.111754
 -6.135449
 -6.159241
 -6.183128
 -6.207106
 -6.231183
 -6.255338
 -6.279588
 -6.303944
 -6.328387
 -6.352929
 -6.377566
 -6.402290
 -6.427127
 -6.452041
 -6.477066
 -6.502174
 -6.527389
 -6.552697
 -6.578111
 -6.603616
 -6.629226
 -6.654929
 -6.680733
 -6.706649
 -6.732652
 -6.758769
 -6.784967
 -6.811274
 -6.837690
 -6.864197
 -6.890830
 -6.917541
 -6.944369
 -6.971290
 -6.998328
 -7.025463
 -7.052704
 -7.080058
 -7.107514
 -7.135076
 -7.162735
 -7.190513
 -7.218396
 -7.246391
 -7.274483
 -7.302698
 -7.331011
 -7.359438
 -7.387979
 -7.416626
 -7.445390
 -7.474260
 -7.503250
 -7.532332
 -7.561546
 -7.590871
 -7.620297
 -7.649859
 -7.679514
 -7.709286
 -7.739190
 -7.769205
 -7.799329
 -7.829570
 -7.859931
 -7.890414
 -7.921008
 -7.951720
 -7.982552
 -8.013506
 -8.044580
 -8.075777
 -8.107089
 -8.138533
 -8.170087
 -8.201780
 -8.233575
 -8.265501
 -8.297547
 -8.329734
 -8.362024
 -8.394458
 -8.427009
 -8.459680
 -8.492484
 -8.525410
 -8.558480
 -8.591668
 -8.624989
 -8.658423
 -8.691998
 -8.725714
 -8.759542
 -8.793502
 -8.827615
 -8.861834
 -8.896207
 -8.930689
 -8.965336
 -9.000100
 -9.035006
 -9.070028
 -9.105206
 -9.140520
 -9.175964
 -9.211541
 -9.247248
 -9.283110
 -9.319117
 -9.355246
 -9.391508
 -9.427953
 -9.464499
 -9.501213
 -9.538047
 -9.575023
 -9.612149
 -9.649431
 -9.686853
 -9.724418
 -9.762118
 -9.799978
 -9.837973
 -9.876114
 -9.914418
 -9.952873
 -9.991464
-10.030201
-10.069103
-10.108128
-10.147341
-10.186685
-10.226184
-10.265855
-10.305651
-10.345618
-10.385730
-10.426009
-10.466435
-10.507026
-10.547761
-10.588668
-10.629735
-10.670950
-10.712316
-10.753871
-10.795568
-10.837431
-10.879454
-10.921641
-10.963988
-11.006506
-11.049191
-11.092029
-11.135047
-11.178220
-11.221592
-11.265076
-11.308769
-11.352614
-11.396634
-11.440835
-11.485195
-11.529727
-11.574452
-11.619318
-11.664389
-11.709610
-11.755013
-11.800594
-11.846354
-11.892283
-11.938413
-11.984704
-12.031177
-12.077834
-12.124666
-12.171683
-12.218881
-12.266264
-12.313817
-12.361564
-12.409515
-12.457629
-12.505940
-12.554427
-12.603103
-12.651985
-12.701035
-12.750291
-12.799737
-12.849380
-12.899199
-12.949207
-12.999424
-13.049850
-13.100447
-13.151237
-13.202247
-13.253422
-13.304823
-13.356409
-13.408212
-13.460208
-13.512403
-13.564788
-13.617393
-13.670193
-13.723216
-13.776426
-13.829849
-13.883477
-13.937312
-13.991361
-14.045604
-14.100066
-14.154752
-14.209643
-14.264740
-14.320039
-14.375579
-14.431314
-14.487294
-14.543452
-14.599868
-14.656482
-14.713309
-14.770358
-14.827638
-14.885132
-14.942869
-15.000797
-15.058958
-15.117357
-15.175981
-15.234841
-15.293912
-15.353208
-15.412766
-15.472502
-15.532506
-15.592740
-15.653199
-15.713896
-15.774841
-15.836008
-15.897410
-15.959052
-16.020964
-16.083065
-16.145452
-16.208052
-16.270910
-16.333998
-16.397322
-16.460899
-16.524736
-16.588821
-16.653156
-16.717737
-16.782557
-16.847620
-16.912952
-16.978527
-17.044397
-17.110462
-17.176828
-17.243423
-17.310295
-17.377419
-17.444807
-17.512470
-17.580368
-17.648520
-17.716967
-17.785664
-17.854647
-17.923883
-17.993383
-18.063131
-18.133183
-18.203497
-18.274078
-18.344952
-18.416103
-18.487494
-18.559193
-18.631149
-18.703392
-18.775940
-18.848749
-18.921824
-18.995209
-19.068863
-19.142792
-19.217039
-19.291567
-19.366354
-19.441490
-19.516882
-19.592524
-19.668482
-19.744781
-19.821325
-19.898197
-19.975338
-20.052799
-20.130568
-20.208668
-20.286976
-20.365667
-20.444654
-20.523911
-20.603500
-20.683393
-20.763615
-20.844128
-20.924953
-21.006102
-21.087523
-21.169294
-21.251390
-21.333790
-21.416538
-21.499596
-21.582933
-21.666643
-21.750652
-21.835003
-21.919664
-22.004663
-22.090010
-22.175644
-22.261633
-22.347960
-22.434643
-22.521610
-22.608971
-22.696629
-22.784622
-22.872969
-22.961700
-23.050734
-23.140125
-23.229828
-23.319925
-23.410355
-23.501137
-23.592257
-23.683754
-23.775581
-23.867785
-23.960320
-24.053225
-24.146515
-24.240135
-24.334129
-24.428507
-24.523218
-24.618332
-24.713785
-24.809628
-24.905817
-25.002388
-25.099339
-25.196686
-25.294365
-25.392473
-25.490938
-25.589775
-25.689007
-25.788610
-25.888617
-25.989027
-26.089806
-26.190950
-26.292509
-26.394520
-26.496815
-26.599575
-26.702719
-26.806267
-26.910194
-27.014599
-27.119326
-27.224480
-27.330057
-27.436049
-27.542414
-27.649204
-27.756460
-27.864075
-27.972109
-28.080572
-28.189482
-28.298794
-28.408508
-28.518682
-28.629278
-28.740257
-28.851721
-28.963594
-29.075920
-29.188671
-29.301857
-29.415447
-29.529528
-29.644047
-29.759010
-29.874418
-29.990213
-30.106524
-30.223276
-30.340460
-30.458139
-30.576246
-30.694799
-30.813833
-30.933325
-31.053251
-31.173691
-31.294527
-31.415907
-31.537716
-31.659983
-31.782734
-31.906071
-32.029789
-32.154003
-32.278637
-32.403809
-32.529449
-32.655567
-32.782211
-32.909336
-33.036980
-33.165058
-33.293682
-33.422768
-33.552406
-33.682457
-33.813126
-33.944221
-34.075863
-34.207989
-34.340626
-34.473789
-34.607506
-34.741688
-34.876434
-35.011639
-35.147411
-35.283688
-35.420506
-35.557854
-35.695709
-35.834164
-35.973133
-36.112564
-36.252659
-36.393227
-36.534313
-36.676003
-36.818214
-36.960987
-37.104355
-37.248188
-37.392651
-37.537640
-37.683208
-37.829380
-37.976028
-38.123291
-38.271091
-38.419472
-38.568516
-38.718063
-38.868195
-39.018906
-39.170265
-39.322140
-39.474571
-39.627651
-39.781284
-39.935577
-40.090435
-40.245888
-40.401951
-40.558670
-40.715893
-40.873760
-41.032284
-41.191410
-41.351170
-41.511501
-41.672447
-41.834034
-41.996277
-42.159100
-42.322552
-42.486740
-42.651440
-42.816845
-42.982883
-43.149532
-43.316887
-43.484810
-43.653461
-43.822758
-43.992695
-44.163265
-44.334469
-44.506481
-44.678959
-44.852261
-45.026180
-45.200813
-45.376057
-45.552010
-45.728680
-45.906013
-46.084026
-46.262733
-46.442078
-46.622169
-46.802986
-46.984425
-47.166698
-47.349564
-47.533150
-47.717484
