 2.42929 -2.03793 0.989196
 2.42441 -2.03304 0.98959
 2.42929 -2.03793 0.989196
 2.42929 -2.03793 0.989196
 -3.9907 4.69782 0.949781
 -3.9907 4.69782 0.949781
 -0.324445 -6.38917 0.948203
 -0.324445 -6.38917 0.948203
 -9.08884 -2.55617 0.917899
 -1.57445 -6.38853 0.876681
 -8.47801 -4.2766 0.912701
 -8.81454 3.25182 0.918087
 -8.50202 -4.24818 0.911367
 -8.50204 -4.24818 0.911365
 -7.54135 5.44735 0.906763
 -7.54135 5.44735 0.906763
 1.11221 9.48158 0.902943
 1.11221 9.48158 0.902943
 1.11221 9.48158 0.902943
 1.11221 9.48158 0.902943
 -3.971 -5.18976 0.899641
 -3.971 -5.18976 0.899641
 -6.38174 -1.68318 0.865264
 -6.38174 -1.68318 0.865264
 1.74326 8.94182 0.834945
 -6.29043 -1.70016 0.908149
 -2.07168 -2.87211 0.838047
 1.81856 8.93332 0.838293
 1.77463 -8.08971 0.161271
 -9.30004 -5.5887 0.018805
 3.60993 4.17561 0.506498
 6.90247 -9.83372 0.633595
 6.03654 7.85952 0.712344
 8.97387 -8.20462 0.734567
 6.59628 7.4269 0.69445
 1.25098 1.66597 0.239473
 6.16941 3.18225 0.596696
 -8.43544 -2.8102 0.68702
 -5.09315 -2.18408 0.527645
 3.03185 -2.80908 0.294587
 -5.09315 -2.18408 0.527645
 -5.1969 -2.0455 0.568991
 7.9281 -2.6705 0.224164
 2.9281 -2.6705 0.456853
 2.24195 8.30346 0.429677
 2.24195 8.30346 0.429677
 4.60035 5.44824 0.416874
 2.24443 8.30424 0.430968
 -0.383212 2.10728 0.290814
 2.44346 -2.03775 0.988391
