 2.42441 -2.03304 0.98959
 2.42441 -2.03289 0.989595
 2.42441 -2.03304 0.98959
 2.42441 -2.03304 0.98959
 2.42441 -2.03793 0.989422
 2.42929 -2.03793 0.989196
 2.42929 -2.03793 0.989196
 2.42929 -2.03793 0.989196
 2.42929 -2.03793 0.989196
 2.42929 -2.07699 0.986945
 -3.9907 4.69782 0.949781
 -3.9907 4.69782 0.949781
 -0.324445 -6.38917 0.948203
 9.67556 -6.38917 0.280351
 -8.81454 3.25182 0.918087
 -8.81454 3.25182 0.918087
 -9.08884 -2.55617 0.917899
 -9.08884 -2.55617 0.917899
 -9.08884 -2.55617 0.917899
 -9.08884 -2.55617 0.917899
 -8.50202 -4.24879 0.911323
 -8.50202 -4.24818 0.911367
 -8.50202 -4.24818 0.911367
 -8.50202 -4.24818 0.911367
 -6.29042 -1.67006 0.911544
 -8.50204 -4.27828 0.909026
 -7.54134 5.44706 0.906727
 -6.29043 -1.69926 0.908252
 1.11229 9.48174 0.902905
 1.11221 9.48158 0.902943
 -3.88779 -5.18883 0.921574
 1.029 9.48065 0.90528
 -3.971 -6.38849 0.100489
 -1.57445 -5.1898 0.413688
 -6.38174 -1.68318 0.865264
 -6.38174 -1.37068 0.903114
 6.59433 7.42689 0.695472
 1.74521 8.94183 0.835147
 -8.43544 -2.8102 0.68702
 -8.43544 -2.8102 0.68702
 -5.1969 -2.09935 0.58784
 6.90247 -9.77987 0.599069
 -5.04065 -1.88925 0.375408
 -5.1969 -2.0455 0.568991
 -5.09314 -2.12362 0.504972
 -5.19691 -2.10599 0.59019
 -5.0933 -2.18393 0.527722
 -5.09313 -2.18408 0.527628
 2.24195 8.30346 0.429677
 2.24195 8.30346 0.429677
