 2.42189 -2.03526 0.989616
 2.42189 -2.03526 0.989616
 7.42189 -7.03526 0.437975
 2.42189 -2.03526 0.989616
 2.42189 -2.03526 0.989616
 2.42189 -2.03526 0.989616
 2.42189 -2.05479 0.988834
 2.42189 -2.03526 0.989616
 2.42189 -2.03526 0.989616
 2.42189 -2.03526 0.989616
 2.42189 -2.03526 0.989616
 2.42189 -2.03526 0.989616
 2.42189 -2.03526 0.989616
 2.42189 -2.03526 0.989616
 2.42441 -2.03282 0.989598
 2.42441 -2.03282 0.989598
 2.42441 -2.03282 0.989598
 2.4244 -2.03289 0.989595
 2.4244 -2.03289 0.989595
 2.4244 -2.03289 0.989595
 2.4244 -2.03289 0.989595
 2.4244 -2.03289 0.989595
 2.4244 -2.03289 0.989595
 2.4244 -2.03289 0.989595
 2.4244 -2.03289 0.989595
 2.4244 -2.03289 0.989595
 2.4244 -2.03289 0.989595
 2.42471 -2.03259 0.989593
 2.42441 -2.03282 0.989598
 2.42441 -2.03289 0.989595
 2.42441 -2.03289 0.989595
 2.42471 -2.03259 0.989593
 2.42448 -2.0335 0.989572
 2.42441 -2.03289 0.989595
 2.42257 -2.04014 0.98942
 2.42502 -1.87664 0.985087
 1.83457 9.01996 0.877934
 2.42929 -2.0509 0.98859
 1.83458 8.94192 0.844232
 1.83458 8.94192 0.844232
 1.83458 8.94184 0.844194
 1.83458 8.94184 0.844194
 1.83458 9.01997 0.877935
 1.83458 8.94184 0.844194
 1.83458 8.94184 0.844194
 1.83458 8.94182 0.844185
 1.83458 8.94192 0.844232
 1.83458 8.94184 0.844194
 1.83458 8.94184 0.844194
 1.83458 8.94184 0.844194
