 2.42189 -2.03526 0.989616
 2.42189 -2.03522 0.989617
 4.92189 -4.53526 0.805321
 2.42189 -2.03526 0.989616
 2.42189 -2.03526 0.989616
 2.42189 -2.03526 0.989616
 2.42189 -2.04502 0.989265
 2.42189 -2.03526 0.989616
 2.42189 -2.03526 0.989616
 2.42189 -2.03526 0.989616
 2.42189 -2.03526 0.989616
 2.42189 -2.03526 0.989616
 2.42189 -2.03526 0.989616
 2.42189 -2.03526 0.989616
 2.42441 -2.03282 0.989598
 2.42441 -2.03282 0.989598
 2.42441 -2.03297 0.989593
 2.42441 -2.03282 0.989598
 2.42441 -2.03282 0.989598
 2.42441 -2.03282 0.989598
 2.42441 -2.03282 0.989598
 2.42441 -2.03282 0.989598
 2.4244 -2.03289 0.989595
 2.4244 -2.03289 0.989595
 2.4244 -2.03289 0.989595
 2.4244 -2.03289 0.989595
 2.4244 -2.03289 0.989595
 2.4244 -2.03289 0.989595
 2.42456 -2.03289 0.98959
 -7.5756 7.96711 2.68665e-06
 2.42444 -2.03287 0.989595
 2.42441 -2.03289 0.989595
 2.42441 -2.03289 0.989595
 2.42441 -2.03289 0.989595
 2.42471 -2.0335 0.989563
 2.42448 -2.03259 0.989602
 1.83458 9.02088 0.878274
 2.42928 -2.05181 0.988543
 1.83458 8.94192 0.844232
 1.83458 8.94184 0.844194
 1.83458 8.94192 0.844232
 1.83458 8.94192 0.844232
 1.87364 8.9809 0.865684
 1.83458 8.94184 0.844194
 1.83458 8.94184 0.844194
 1.83457 8.94183 0.844188
 1.83458 8.94188 0.844213
 1.83458 8.94184 0.844194
 1.83458 8.94184 0.844194
 1.83458 8.94184 0.844194
