 2.42189 -2.03522 0.989617
 2.42189 -2.03522 0.989617
 2.42189 -2.03522 0.989617
 2.42189 -2.03491 0.989627
 2.42189 -2.03526 0.989616
 2.42189 -2.03251 0.9897
 2.42189 -2.03526 0.989616
 2.42189 -2.03526 0.989616
 2.42189 -2.03526 0.989616
 2.34376 -2.11338 0.989936
 2.42189 -2.03526 0.989616
 2.42189 -2.03526 0.989616
 2.42189 -2.03526 0.989616
 2.42189 -2.03526 0.989616
 2.42189 -2.04502 0.989265
 2.42448 -2.03533 0.989511
 2.42448 -2.03259 0.989602
 2.42448 -2.03259 0.989602
 2.42441 -2.03282 0.989598
 2.42441 -2.03282 0.989598
 2.42441 -2.03282 0.989598
 2.42441 -2.03282 0.989598
 2.42441 -2.03282 0.989598
 2.42441 -2.03282 0.989598
 2.42441 -2.03282 0.989598
 2.42441 -2.03282 0.989598
 2.42441 -2.03282 0.989598
 2.42562 -2.03167 0.989588
 2.42471 -2.03274 0.989589
 2.4244 -2.03289 0.989595
 2.4244 -2.03289 0.989595
 2.42441 -2.03289 0.989595
 2.42441 -2.03289 0.989595
 2.42441 -2.03289 0.989595
 2.42456 -2.03287 0.98959
 2.42444 -1.40789 0.883093
 1.87363 8.9809 0.865682
 2.42929 -2.05181 0.988542
 1.83458 8.94192 0.844232
 1.83458 8.94192 0.844232
 1.83458 8.94192 0.844232
 1.83458 8.94188 0.844213
 1.83458 9.25438 0.91818
 1.83458 8.94184 0.844194
 1.83458 8.94184 0.844194
 1.83458 8.94184 0.844194
 1.83428 8.94215 0.844314
 1.83462 8.94188 0.844217
 1.83458 8.94184 0.844194
 1.83458 8.94184 0.844194
