 2.34376 -2.11338 0.989936
 2.34376 -2.11338 0.989936
 2.34376 -2.11338 0.989936
 2.34376 -2.11338 0.989936
 2.42189 -2.03312 0.989682
 2.42189 -2.03522 0.989617
 2.42189 -2.03522 0.989617
 2.42189 -2.03522 0.989617
 2.42189 -2.03522 0.989617
 2.42189 -2.0401 0.989451
 2.42189 -2.03526 0.989616
 2.42189 -2.03526 0.989616
 2.42189 -2.03526 0.989616
 2.42189 -2.03526 0.989616
 2.42189 -2.03526 0.989616
 2.42189 -2.03526 0.989616
 2.42189 -2.03526 0.989616
 2.42189 -2.03526 0.989616
 2.42189 -2.03526 0.989616
 2.42189 -2.03526 0.989616
 2.42448 -2.03259 0.989602
 2.42448 -2.03259 0.989602
 2.42441 -2.03282 0.989598
 2.42441 -2.03283 0.989597
 2.42441 -2.03282 0.989598
 2.42441 -2.03282 0.989598
 2.42441 -2.03282 0.989598
 2.42441 -2.03282 0.989598
 2.42441 -2.03282 0.989598
 2.42441 -2.03282 0.989598
 2.4244 -2.03289 0.989595
 2.4244 -2.03289 0.989595
 2.42441 -2.03289 0.989595
 2.42441 -2.03289 0.989595
 2.42471 -2.03287 0.989584
 2.46362 -2.03274 0.987188
 2.42441 -1.40789 0.883074
 2.42192 -2.04502 0.989263
 1.83428 8.94215 0.844314
 1.83428 8.94215 0.844314
 1.83428 8.94215 0.844314
 1.83458 8.94192 0.844232
 1.83458 8.94192 0.844232
 1.83458 8.94192 0.844232
 1.83458 8.94192 0.844232
 1.83458 8.94191 0.844229
 1.83458 8.94192 0.844232
 1.83458 8.94192 0.844232
 1.83458 8.94184 0.844194
 1.83458 8.94184 0.844194
