 2.34376 -2.11338 0.989936
 2.34376 -2.11338 0.989936
 2.34376 -2.11338 0.989936
 2.34376 -2.11827 0.989813
 2.34376 -2.11338 0.989936
 2.34376 -2.11338 0.989936
 2.34376 -2.11338 0.989936
 2.42189 -2.03526 0.989616
 2.34376 -2.11338 0.989936
 2.34376 -2.15241 0.988348
 2.42189 -2.03522 0.989617
 2.42189 -2.03526 0.989616
 2.42189 -2.03526 0.989616
 2.42189 -2.03526 0.989616
 2.42189 -2.03526 0.989616
 2.42189 -2.03526 0.989616
 2.42189 -2.03526 0.989616
 2.42189 -2.03526 0.989616
 2.42189 -2.03526 0.989616
 2.42189 -2.03526 0.989616
 2.42433 -2.03526 0.989519
 2.42189 -2.03526 0.989616
 2.42189 -2.03526 0.989616
 2.42189 -2.03526 0.989616
 2.42189 -2.03526 0.989616
 2.42189 -2.03587 0.989596
 2.42189 -2.03526 0.989616
 2.42265 -2.03259 0.989671
 2.42448 -2.03289 0.989592
 2.42441 -2.03282 0.989598
 2.42441 -2.03282 0.989598
 2.42441 -2.03282 0.989598
 2.42441 -2.03282 0.989598
 2.42441 -2.03283 0.989597
 2.4244 -2.03289 0.989595
 2.42441 -2.03289 0.989595
 2.4244 -1.40789 0.883073
 2.42193 -2.04502 0.989263
 1.83428 8.94215 0.844314
 1.83428 8.94215 0.844314
 1.83428 8.94215 0.844314
 1.83458 8.94192 0.844232
 1.83458 8.94192 0.844232
 1.83458 8.94192 0.844232
 1.83458 8.94192 0.844232
 1.83458 8.94192 0.844232
 1.83443 8.94192 0.844216
 1.8346 8.94192 0.844233
 1.83458 8.94192 0.844232
 1.83458 8.94192 0.844232
