 2.34376 -2.11338 0.989936
 2.34376 -2.11338 0.989936
 2.34376 -2.11338 0.989936
 2.34376 -2.11399 0.989922
 2.34376 -2.11338 0.989936
 2.34376 -2.11338 0.989936
 2.34376 -2.11338 0.989936
 2.34376 -2.11338 0.989936
 2.34376 -2.11827 0.989813
 2.34376 -2.11338 0.989936
 2.42189 -2.11827 0.984055
 2.34376 -2.03522 0.989064
 2.42189 -2.03522 0.989617
 2.42189 -2.03522 0.989617
 2.42196 -2.03526 0.989613
 2.42189 -2.03526 0.989616
 2.42189 -2.03526 0.989616
 2.42189 -2.03526 0.989616
 2.42189 -2.03526 0.989616
 2.42189 -2.03526 0.989616
 2.42189 -2.03526 0.989616
 2.42189 -2.03526 0.989616
 2.42189 -2.03526 0.989616
 2.42189 -2.03526 0.989616
 2.42189 -2.03526 0.989616
 2.42189 -2.03526 0.989616
 2.42189 -2.03526 0.989616
 2.42189 -2.03533 0.989613
 2.4219 -2.03527 0.989615
 2.42189 -2.03526 0.989616
 2.42441 -2.03282 0.989598
 2.42441 -2.03282 0.989598
 2.42441 -2.03282 0.989598
 2.42441 -2.03282 0.989598
 2.42441 -2.03282 0.989598
 2.46095 -2.03594 0.98719
 2.42444 -1.40789 0.883095
 2.42189 -2.04502 0.989265
 1.83428 8.94215 0.844314
 1.83428 8.94215 0.844314
 1.83428 8.94215 0.844314
 1.8346 8.94192 0.844233
 1.8346 8.94192 0.844233
 1.8346 8.94192 0.844233
 1.83458 8.94192 0.844232
 1.83458 8.94191 0.844229
 1.83458 8.94192 0.844232
 1.83458 8.94192 0.844232
 1.83458 8.94192 0.844232
 1.83458 8.94192 0.844232
