 2.34376 -2.11338 0.989936
 2.34376 -2.11338 0.989936
 2.34376 -2.11338 0.989936
 2.34376 -2.13291 0.989314
 2.34376 -2.11338 0.989936
 2.34376 -2.11338 0.989936
 2.34376 -2.11338 0.989936
 2.34376 -2.11338 0.989936
 2.34376 -2.11338 0.989936
 2.34376 -2.11338 0.989936
 2.34376 -2.11338 0.989936
 2.34376 -2.11827 0.989813
 2.34376 -2.11827 0.989813
 7.34376 -7.11827 0.437025
 2.42196 -2.03526 0.989613
 2.42219 -2.03495 0.989614
 2.42189 -2.03526 0.989616
 2.42189 -2.03526 0.989616
 2.42189 -2.03526 0.989616
 2.42189 -2.03526 0.989616
 2.42189 -2.03526 0.989616
 2.42189 -2.03526 0.989616
 2.42189 -2.03526 0.989616
 2.42189 -2.03526 0.989616
 2.42189 -2.03526 0.989616
 2.42189 -2.03526 0.989616
 2.42189 -2.03526 0.989616
 2.42189 -2.03526 0.989616
 2.42189 -2.03526 0.989616
 2.42189 -2.03526 0.989616
 2.4219 -2.03527 0.989615
 2.42189 -2.03533 0.989613
 2.42196 -2.03282 0.989688
 2.42441 -1.87657 0.985011
 2.42441 -2.03282 0.989598
 2.42441 -2.03526 0.989516
 2.42433 -1.40789 0.883032
 2.46106 -2.03594 0.98718
 1.83428 8.94215 0.844314
 1.83428 8.94215 0.844314
 1.8346 8.94215 0.844346
 1.83428 8.94192 0.844201
 1.8346 9.02004 0.877965
 1.8346 8.94192 0.844233
 1.8346 8.94192 0.844233
 1.83458 8.9419 0.844222
 1.8346 8.94192 0.844233
 1.8346 8.94192 0.844233
 1.83458 8.94192 0.844232
 1.83458 8.94192 0.844232
