 7.34376 -7.11338 0.440127
 2.34376 -2.11338 0.989936
 2.34376 -2.11338 0.989936
 2.34376 -2.11338 0.989936
 2.34376 -2.11338 0.989936
 2.34376 -2.13291 0.989314
 2.34376 -2.11338 0.989936
 2.34376 -2.11338 0.989936
 2.34376 -2.11338 0.989936
 2.34376 -2.11338 0.989936
 2.34376 -2.11338 0.989936
 2.34376 -2.11338 0.989936
 2.34376 -2.11338 0.989936
 2.34376 -2.11338 0.989936
 2.42196 -2.03282 0.989688
 2.42196 -2.03282 0.989688
 2.42196 -2.03282 0.989688
 2.42189 -2.03526 0.989616
 2.42189 -2.03526 0.989616
 2.42189 -2.03526 0.989616
 2.42189 -2.03526 0.989616
 2.42189 -2.03526 0.989616
 2.42189 -2.03526 0.989616
 2.42196 -2.03526 0.989613
 2.42219 -2.03495 0.989614
 2.42189 -2.03526 0.989616
 2.42189 -2.03526 0.989616
 2.42189 -2.03526 0.989616
 2.42189 -2.03526 0.989616
 2.42189 -2.03526 0.989616
 2.42189 -2.03526 0.989616
 2.42189 -2.03526 0.989616
 2.42219 -2.03527 0.989604
 2.4219 -2.03495 0.989625
 2.42441 -2.03282 0.989598
 2.42189 -1.87908 0.984946
 1.83362 9.02004 0.877891
 2.46204 -2.03594 0.987097
 1.8346 8.94215 0.844346
 1.8346 8.94215 0.844346
 1.8346 8.94215 0.844346
 1.83428 8.94192 0.844201
 1.8346 9.02004 0.877965
 1.8346 8.94192 0.844233
 1.8346 8.94192 0.844233
 1.83458 8.9419 0.844222
 1.8346 8.94192 0.844233
 1.8346 8.94192 0.844233
 1.83458 8.94192 0.844232
 1.83458 8.94192 0.844232
