 2.34376 -2.11338 0.989936
 2.34376 -2.11334 0.989937
 4.84376 -4.61338 0.807869
 2.34376 -2.11338 0.989936
 2.34376 -2.11338 0.989936
 2.34376 -2.12315 0.989668
 2.34376 -2.11338 0.989936
 2.34376 -2.11338 0.989936
 2.34376 -2.11338 0.989936
 2.34376 -2.11338 0.989936
 2.34376 -2.11338 0.989936
 2.34376 -2.11338 0.989936
 2.34376 -2.11338 0.989936
 2.34376 -2.11338 0.989936
 2.42196 -2.03282 0.989688
 2.42196 -2.03282 0.989688
 2.42196 -2.03282 0.989688
 2.42196 -2.03282 0.989688
 2.42196 -2.03282 0.989688
 2.42196 -2.03282 0.989688
 2.4219 -2.0351 0.98962
 2.4219 -2.03495 0.989625
 2.42189 -2.03526 0.989616
 -7.57811 7.96474 2.62299e-06
 2.42189 -2.03526 0.989616
 2.42189 -2.03526 0.989616
 2.42189 -2.03526 0.989616
 2.42204 -2.03526 0.98961
 2.42193 -2.03524 0.989615
 2.42189 -2.03526 0.989616
 2.42189 -2.03526 0.989616
 2.42189 -2.03526 0.989616
 2.42189 -2.03526 0.989616
 2.42189 -2.03526 0.989616
 2.42219 -2.03527 0.989604
 2.42219 -2.03495 0.989614
 1.83364 9.01875 0.877411
 2.46202 -2.03465 0.98719
 1.8346 8.94215 0.844346
 1.8346 8.94215 0.844346
 1.8346 8.94192 0.844233
 1.8346 8.94215 0.844346
 1.87366 8.98098 0.865717
 1.8346 8.94192 0.844233
 1.8346 8.94192 0.844233
 1.83459 8.94191 0.844228
 1.8346 8.94196 0.844252
 1.8346 8.94192 0.844234
 1.83458 8.94192 0.844232
 1.83458 8.94192 0.844232
