 2.34376 -2.11334 0.989937
 2.34376 -2.11334 0.989937
 2.34376 -2.11334 0.989937
 2.34376 -2.11334 0.989937
 2.34376 -2.11338 0.989936
 2.34376 -2.03282 0.988954
 2.34376 -2.11338 0.989936
 2.34376 -2.11338 0.989936
 2.34376 -2.11338 0.989936
 2.34376 -2.15244 0.988346
 2.34376 -2.11338 0.989936
 2.34376 -2.11338 0.989936
 2.34376 -2.11338 0.989936
 2.34376 -2.11338 0.989936
 2.34376 -2.11827 0.989813
 2.42196 -2.03282 0.989688
 2.42196 -2.03526 0.989613
 2.42196 -2.03282 0.989688
 2.42196 -2.03282 0.989688
 2.42196 -2.03282 0.989688
 2.42196 -2.03282 0.989688
 2.42196 -2.03282 0.989688
 2.42196 -2.03282 0.989688
 2.42196 -2.03282 0.989688
 2.42196 -2.03282 0.989688
 2.42196 -2.11338 0.984538
 2.42196 -2.03343 0.98967
 2.42251 -2.03266 0.989673
 2.42204 -2.03533 0.989607
 2.42189 -2.03526 0.989616
 2.42189 -2.03526 0.989616
 2.42189 -2.03526 0.989616
 2.42189 -2.03526 0.989616
 2.42189 -2.03526 0.989616
 2.42219 -2.03495 0.989614
 2.42189 -2.03526 0.989616
 1.87364 8.98098 0.865715
 2.46204 -2.03465 0.987189
 1.8346 8.94215 0.844346
 1.8346 8.94215 0.844346
 1.8346 8.94215 0.844346
 1.8346 8.94196 0.844252
 1.8346 8.94192 0.844234
 1.8346 8.94192 0.844234
 1.8346 8.94192 0.844234
 1.8346 8.94192 0.844234
 1.83445 8.94192 0.844219
 1.8346 8.94192 0.844233
 1.83458 8.94192 0.844232
 1.83458 8.94192 0.844232
