 2.42441 -2.03289 0.989595
 2.42441 -2.03289 0.989595
 2.42441 -2.03289 0.989595
 2.42441 -2.03289 0.989595
 2.42441 -2.03793 0.989422
 2.42441 -2.03304 0.98959
 2.42441 -2.03304 0.98959
 2.42441 -2.03304 0.98959
 2.42441 -2.03793 0.989422
 2.42441 -2.07211 0.987684
 2.42929 -2.03793 0.989196
 2.42929 -2.03793 0.989196
 2.42929 -2.03793 0.989196
 2.42929 -2.03793 0.989196
 -3.9907 4.69782 0.949781
 -3.9907 4.69782 0.949781
 -3.9907 4.69782 0.949781
 -3.9907 4.69782 0.949781
 -3.9907 4.69782 0.949781
 -3.9907 4.69782 0.949781
 -3.88779 -5.18883 0.921574
 -3.88779 -5.18883 0.921574
 -3.88779 -5.18883 0.921574
 -3.88779 -5.18883 0.921574
 -9.08889 -2.55629 0.917896
 -8.81454 3.25182 0.918087
 -8.81454 3.25182 0.918087
 -8.81388 3.25194 0.918065
 -9.08884 -1.67001 0.890553
 -6.29042 -2.55629 0.730708
 -8.50202 -4.24818 0.911367
 -8.50202 -4.24818 0.911367
 -8.50202 -4.24879 0.911323
 -8.50202 -4.24879 0.911323
 -7.54134 5.44708 0.90673
 -6.29043 -1.38678 0.936301
 1.74454 8.94184 0.835085
 1.11288 9.48157 0.902927
 6.59433 7.42689 0.695472
 -8.43544 -2.80749 0.686333
 6.59433 7.42689 0.695472
 6.59433 7.42417 0.697066
 7.05872 -9.77987 0.668499
 6.90247 -9.77987 0.599069
 -5.19714 -2.0455 0.569204
 6.9027 -9.84037 0.637858
 -5.19706 -2.10584 0.590269
 -5.19689 -2.10599 0.590174
 -5.09314 -2.12362 0.504972
 -5.09314 -2.12362 0.504972
