 2.34376 -2.11334 0.989937
 2.34376 -2.11334 0.989937
 2.34376 -2.11334 0.989937
 2.34376 -2.11334 0.989937
 2.34376 -2.11334 0.989937
 2.34376 -2.11334 0.989937
 2.34376 -2.11334 0.989937
 2.34376 -2.11334 0.989937
 2.34376 -2.11334 0.989937
 2.34376 -2.11338 0.989936
 7.34376 -7.11338 0.440127
 2.34376 -2.11338 0.989936
 2.34376 -2.11338 0.989936
 2.34376 -2.13291 0.989314
 2.34376 -2.11827 0.989813
 2.34376 -2.11827 0.989813
 2.42196 -2.03282 0.989688
 2.42196 -2.03282 0.989688
 2.42196 -2.03282 0.989688
 2.42196 -2.03282 0.989688
 2.42196 -2.03281 0.989688
 2.42227 -2.03251 0.989687
 2.42196 -2.03282 0.989688
 2.42196 -2.03282 0.989688
 2.42196 -2.03282 0.989688
 2.42196 -2.03282 0.989688
 2.42196 -2.03282 0.989688
 2.42196 -2.03282 0.989688
 2.42258 -2.03266 0.989671
 2.42189 -2.03526 0.989616
 2.42189 -2.03526 0.989616
 2.42189 -2.03526 0.989616
 2.42189 -2.03526 0.989616
 2.42189 -2.03526 0.989616
 2.42197 -2.03526 0.989613
 2.42219 -1.8787 0.984947
 1.87366 8.98098 0.865717
 2.46202 -2.03465 0.98719
 1.8346 8.94215 0.844346
 1.8346 8.94215 0.844346
 1.8346 8.94215 0.844346
 1.8346 8.94196 0.844252
 1.8346 9.02008 0.877979
 1.8346 8.94196 0.844252
 1.8346 8.94192 0.844234
 1.83458 8.9419 0.844223
 1.8346 8.94192 0.844234
 1.8346 8.94192 0.844234
 1.8346 8.94192 0.844233
 1.8346 8.94192 0.844233
