 2.34376 -2.11334 0.989937
 2.34376 -2.11334 0.989937
 2.34376 -2.11334 0.989937
 2.34376 -2.11334 0.989937
 2.34376 -2.11823 0.989814
 2.34376 -2.11334 0.989937
 2.34376 -2.11334 0.989937
 2.34376 -2.11334 0.989937
 2.34376 -2.11334 0.989937
 2.34376 -2.11395 0.989923
 2.34376 -2.11334 0.989937
 2.34376 -2.11334 0.989937
 2.34376 -2.11338 0.989936
 2.34376 -2.11338 0.989936
 2.34376 -2.11827 0.989813
 2.34376 -2.11827 0.989813
 2.34376 -2.11827 0.989813
 2.34376 -2.11827 0.989813
 2.34376 -2.11827 0.989813
 2.34376 -2.11827 0.989813
 2.42196 -2.03282 0.989688
 2.42196 -2.03282 0.989688
 2.42196 -2.03282 0.989688
 2.42196 -2.03282 0.989688
 2.42189 -2.03289 0.989689
 2.42196 -2.03282 0.989688
 2.42196 -2.03281 0.989688
 2.42196 -2.03282 0.989688
 2.42197 -2.03283 0.989688
 2.42196 -2.03282 0.989688
 2.42257 -2.03282 0.989666
 2.42197 -2.03266 0.989693
 2.42189 -2.03526 0.989616
 2.42189 -2.03526 0.989616
 2.42189 -2.03526 0.989616
 2.46095 -2.03526 0.987238
 1.87364 8.98098 0.865715
 2.46204 -2.03465 0.987189
 1.8346 8.94215 0.844346
 1.8346 8.94215 0.844346
 1.8346 8.94215 0.844346
 1.8346 8.94196 0.844252
 1.8346 8.94196 0.844252
 1.8346 8.94196 0.844252
 1.8346 8.94196 0.844252
 1.8346 8.94195 0.84425
 1.83458 8.94196 0.84425
 1.8346 8.94196 0.844252
 1.8346 8.94192 0.844233
 1.8346 8.94192 0.844233
