 2.34376 -2.11334 0.989937
 2.34376 -2.11334 0.989937
 4.84376 -4.61334 0.807887
 2.34376 -2.11334 0.989937
 2.34376 -2.11334 0.989937
 2.34376 -2.11334 0.989937
 2.34376 -2.12311 0.989669
 2.34376 -2.11334 0.989937
 2.34376 -2.11334 0.989937
 2.34376 -2.11334 0.989937
 2.34376 -2.11334 0.989937
 2.34376 -2.11334 0.989937
 2.34376 -2.11334 0.989937
 2.34376 -2.11334 0.989937
 2.34376 -2.11395 0.989923
 2.34376 -2.11395 0.989923
 2.34376 -2.11823 0.989814
 2.34376 -2.11823 0.989814
 2.34376 -2.11823 0.989814
 2.34376 -2.11823 0.989814
 -7.57811 7.96734 2.39682e-08
 2.34376 -2.11827 0.989813
 2.34376 -2.11827 0.989813
 2.34376 -2.11827 0.989813
 2.34376 -2.11827 0.989813
 2.34376 -2.11842 0.989809
 2.34376 -2.11827 0.989813
 2.344 -2.11827 0.989806
 2.422 -2.0328 0.989688
 2.42196 -2.03282 0.989688
 2.42196 -2.03282 0.989688
 2.42196 -2.03282 0.989688
 2.42196 -2.03281 0.989688
 2.42196 -2.03282 0.989688
 2.42258 -2.03282 0.989666
 2.42196 -2.03283 0.989688
 1.87364 8.98037 0.865459
 2.46095 -2.03465 0.98728
 1.8346 8.94215 0.844346
 1.8346 8.94215 0.844346
 1.8346 8.94196 0.844252
 1.8346 8.94215 0.844346
 1.87366 8.98102 0.865733
 1.8346 8.94196 0.844252
 1.8346 8.94196 0.844252
 1.83459 8.94195 0.844247
 1.8346 8.94196 0.844252
 1.8346 8.94196 0.844253
 1.83458 8.94196 0.84425
 1.83458 8.94196 0.84425
