 2.34376 -2.11334 0.989937
 2.34376 -2.11304 0.989944
 2.34376 -2.11395 0.989923
 2.34376 -2.11334 0.989937
 2.34376 -2.11334 0.989937
 2.34376 -2.11334 0.989937
 2.34376 -2.11334 0.989937
 2.34376 -2.11334 0.989937
 2.34376 -2.11334 0.989937
 2.34376 -2.11334 0.989937
 2.34376 -2.11334 0.989937
 2.34376 -2.11334 0.989937
 2.34376 -2.12311 0.989669
 2.34376 -2.11334 0.989937
 2.34376 -2.11334 0.989937
 2.34376 -2.11334 0.989937
 2.34376 -2.11395 0.989923
 2.34376 -2.11395 0.989923
 2.34376 -2.11395 0.989923
 2.34376 -2.11395 0.989923
 2.34376 -2.11823 0.989814
 2.34376 -2.11823 0.989814
 2.34376 -2.11823 0.989814
 2.34376 -2.11823 0.989814
 2.34376 -2.11823 0.989814
 2.34376 -2.11823 0.989814
 2.34376 -2.11823 0.989814
 2.34498 -2.11704 0.989809
 2.34407 -2.11811 0.989808
 2.34376 -2.11842 0.989809
 2.42213 -2.03282 0.989683
 2.34384 -2.11827 0.989811
 2.42196 -2.03282 0.989688
 2.42196 -2.03281 0.989688
 2.42196 -2.03278 0.98969
 2.422 -1.40783 0.881772
 1.87364 8.98098 0.865715
 2.46095 -2.03526 0.987238
 1.8346 8.94215 0.844346
 1.8346 8.94215 0.844346
 1.8346 8.94215 0.844346
 1.8346 8.94196 0.844253
 1.8346 9.25446 0.918177
 1.8346 8.94196 0.844252
 1.8346 8.94196 0.844252
 1.8346 8.94188 0.844215
 1.83429 8.94226 0.844371
 1.83464 8.94196 0.844256
 1.83458 8.94196 0.84425
 1.83458 8.94196 0.84425
