 2.34376 -2.11304 0.989944
 2.34376 -2.11304 0.989944
 2.34376 -2.11304 0.989944
 2.34376 -2.11304 0.989944
 2.34376 -2.11334 0.989937
 2.34376 -2.11334 0.989937
 2.34376 -2.11334 0.989937
 7.34376 -7.11334 0.440152
 2.34376 -2.11334 0.989937
 2.34376 -2.11334 0.989937
 2.34376 -2.13288 0.989315
 2.34376 -2.11334 0.989937
 2.34376 -2.11334 0.989937
 2.34376 -2.11334 0.989937
 2.34376 -2.11334 0.989937
 2.34376 -2.11334 0.989937
 2.34376 -2.11334 0.989937
 2.34376 -2.11334 0.989937
 2.34376 -2.11334 0.989937
 2.34376 -2.11334 0.989937
 2.34376 -2.11395 0.989923
 2.34376 -2.11823 0.989814
 2.34376 -2.11395 0.989923
 2.34376 -2.11395 0.989923
 2.34376 -2.11395 0.989923
 2.34376 -2.11395 0.989923
 2.34376 -2.11395 0.989923
 2.34407 -2.11365 0.989922
 2.34384 -2.11827 0.989811
 2.34376 -2.11823 0.989814
 2.34384 -2.11823 0.989812
 2.34376 -2.11827 0.989813
 2.34376 -2.11704 0.989846
 2.34498 -2.11842 0.989771
 2.42196 -2.03282 0.989688
 2.42196 -1.87653 0.984727
 2.42189 -1.40782 0.881706
 2.34387 -2.12313 0.989665
 1.83429 8.94226 0.844371
 1.83429 8.94226 0.844371
 1.8346 8.94226 0.844402
 1.83429 8.94215 0.844315
 1.8346 9.02027 0.87805
 1.8346 8.94215 0.844346
 1.8346 8.94215 0.844346
 1.83458 8.94213 0.844335
 1.8346 8.94222 0.844383
 1.8346 8.94215 0.844346
 1.8346 8.94196 0.844252
 1.8346 8.94196 0.844252
