 2.34376 -2.11304 0.989944
 2.34376 -2.11304 0.989944
 2.34376 -2.11304 0.989944
 2.34376 -2.1228 0.989679
 2.34376 -2.11304 0.989944
 2.34376 -2.11304 0.989944
 2.34376 -2.11304 0.989944
 2.34376 -2.11304 0.989944
 2.34376 -2.11304 0.989944
 2.34376 -2.11334 0.989937
 2.34376 -2.11334 0.989937
 2.34376 -2.11334 0.989937
 2.34376 -2.11334 0.989937
 2.34376 -2.11334 0.989937
 2.34376 -2.11334 0.989937
 2.34376 -2.11334 0.989937
 2.34376 -2.11334 0.989937
 2.34376 -2.11334 0.989937
 2.34376 -2.11334 0.989937
 2.34376 -2.11334 0.989937
 2.34376 -2.11334 0.989937
 2.34376 -2.11334 0.989937
 2.34376 -2.11334 0.989937
 2.34376 -2.11334 0.989937
 2.34376 -2.11334 0.989937
 2.34376 -2.11334 0.989937
 2.34376 -2.11395 0.989923
 2.34498 -2.11273 0.98992
 2.34407 -2.1138 0.989919
 2.34376 -2.11395 0.989923
 2.34407 -2.11853 0.989796
 2.34376 -2.11334 0.989937
 2.34376 -2.11823 0.989814
 2.34376 -2.11827 0.989813
 2.34498 -2.11838 0.989772
 2.34384 -1.49327 0.867557
 1.83458 9.02027 0.878048
 2.34378 -2.13287 0.989315
 1.8346 8.94226 0.844402
 1.8346 8.94226 0.844402
 1.8346 8.94222 0.844383
 1.83429 8.94226 0.844371
 1.83429 9.25476 0.918169
 1.83429 8.94226 0.844371
 1.83429 8.94226 0.844371
 1.8346 8.94215 0.844346
 1.83429 8.94215 0.844315
 1.83464 8.94218 0.844368
 1.83429 8.94215 0.844315
 1.83429 8.94215 0.844315
