 2.34376 -2.11304 0.989944
 2.34376 -2.11304 0.989944
 2.34376 -2.11304 0.989944
 2.34376 -2.1521 0.988366
 2.34376 -2.11304 0.989944
 2.34376 -2.11304 0.989944
 2.34376 -2.11304 0.989944
 2.34376 -2.11304 0.989944
 2.34376 -2.11792 0.989822
 2.34376 -2.11304 0.989944
 2.34376 -2.11304 0.989944
 2.34376 -2.11334 0.989937
 2.34376 -2.11334 0.989937
 2.34376 -2.11334 0.989937
 2.34376 -2.11334 0.989937
 2.34376 -2.11334 0.989937
 2.34376 -2.11334 0.989937
 2.34376 -2.11395 0.989923
 2.34376 -2.11334 0.989937
 2.34376 -2.11334 0.989937
 2.34376 -2.11334 0.989937
 2.34376 -2.11334 0.989937
 2.34376 -2.11334 0.989937
 2.34376 -2.11334 0.989937
 2.34376 -2.11334 0.989937
 2.34376 -2.11334 0.989937
 2.34376 -2.11334 0.989937
 2.34437 -2.11334 0.989921
 2.34392 -2.11342 0.989932
 2.34376 -2.11334 0.989937
 2.34376 -2.11334 0.989937
 2.34376 -2.11395 0.989923
 2.34376 -2.11273 0.989951
 2.34498 -2.11395 0.98989
 2.34376 -2.11823 0.989814
 2.34376 -2.11827 0.989813
 1.83458 9.02027 0.878048
 2.34376 -2.1228 0.989679
 1.8346 8.94226 0.844402
 1.8346 8.94226 0.844402
 1.8346 8.94226 0.844402
 1.8346 8.94222 0.844383
 1.8346 8.94222 0.844383
 1.8346 8.94222 0.844383
 1.83429 8.94226 0.844371
 1.83429 8.94222 0.844353
 1.83414 8.94226 0.844356
 1.83429 8.94226 0.844371
 1.8346 8.94215 0.844346
 1.8346 8.94215 0.844346
