 2.34376 -2.11273 0.989951
 2.34376 -2.11273 0.989951
 2.34376 -2.11273 0.989951
 2.34376 -2.11273 0.989951
 2.34376 -2.11304 0.989944
 2.34376 -2.11304 0.989944
 2.34376 -2.11304 0.989944
 2.34376 -2.11304 0.989944
 2.34376 -2.11792 0.989822
 2.34376 -2.11304 0.989944
 2.34376 -2.11304 0.989944
 2.34376 -2.11304 0.989944
 2.34376 -2.11304 0.989944
 2.34376 -2.11365 0.98993
 2.34376 -2.11334 0.989937
 2.34376 -2.11334 0.989937
 2.34377 -2.11335 0.989937
 2.34384 -2.11334 0.989935
 2.34376 -2.11334 0.989937
 2.34376 -2.11334 0.989937
 2.34376 -2.11334 0.989937
 2.34376 -2.11334 0.989937
 2.34376 -2.11342 0.989935
 2.34376 -2.11334 0.989937
 2.34376 -2.11334 0.989937
 2.34376 -2.11334 0.989937
 2.34376 -2.11334 0.989937
 2.34376 -2.11334 0.989937
 2.34376 -2.11334 0.989937
 2.34376 -2.11334 0.989937
 2.34376 -2.11334 0.989937
 2.34376 -2.11334 0.989937
 2.34392 -2.11395 0.989919
 2.34376 -2.11342 0.989936
 2.34498 -2.11395 0.98989
 2.38344 -2.11334 0.988053
 1.83458 9.02027 0.878048
 2.34376 -2.1228 0.989679
 1.8346 8.94226 0.844402
 1.8346 8.94226 0.844402
 1.8346 8.94226 0.844402
 1.8346 8.94222 0.844383
 1.8346 8.94222 0.844383
 1.8346 8.94222 0.844383
 1.8346 8.94222 0.844383
 1.8346 8.94222 0.844381
 1.83458 8.94222 0.844381
 1.8346 8.94222 0.844383
 1.83414 8.94226 0.844356
 1.83414 8.94226 0.844356
