 2.34376 -2.11273 0.989951
 2.34376 -2.11273 0.989951
 2.34376 -2.11273 0.989951
 2.34376 -2.11395 0.989923
 2.34376 -2.11273 0.989951
 2.34376 -2.11273 0.989951
 2.34376 -2.11273 0.989951
 2.34376 -2.11273 0.989951
 2.34376 -2.11273 0.989951
 2.34376 -2.11304 0.989944
 4.84376 -4.61304 0.808035
 2.34376 -2.11304 0.989944
 2.34376 -2.11304 0.989944
 2.34376 -2.1228 0.989679
 2.34376 -2.11334 0.989937
 2.34376 -2.11334 0.989937
 2.3438 -2.11336 0.989936
 2.34392 -2.11334 0.989933
 -7.65624 7.88666 1.34362e-05
 2.34376 -2.11334 0.989937
 2.34376 -2.11334 0.989937
 2.34376 -2.11334 0.989937
 2.34376 -2.1135 0.989934
 2.34376 -2.11334 0.989937
 2.34376 -2.11334 0.989937
 2.34376 -2.11334 0.989937
 2.34376 -2.11334 0.989937
 2.34376 -2.11334 0.989937
 2.34376 -2.11334 0.989937
 2.34376 -2.11334 0.989937
 2.34376 -2.11334 0.989937
 2.34376 -2.11334 0.989937
 2.34376 -2.11342 0.989935
 2.34377 -2.11335 0.989937
 2.34384 -2.11365 0.989928
 2.42189 -2.03522 0.989617
 1.83458 9.01977 0.877864
 2.34376 -2.12231 0.989695
 1.8346 8.94226 0.844402
 1.8346 8.94226 0.844402
 1.8346 8.94222 0.844383
 1.8346 8.94226 0.844402
 1.87366 8.98129 0.865845
 1.8346 8.94222 0.844383
 1.8346 8.94222 0.844383
 1.83459 8.94221 0.844378
 1.8346 8.94226 0.844402
 1.8346 8.94222 0.844384
 1.83458 8.94222 0.844381
 1.83458 8.94222 0.844381
