 2.34376 -2.11273 0.989951
 2.34376 -2.11273 0.989951
 2.34376 -2.11273 0.989951
 2.34376 -2.1518 0.988383
 2.34376 -2.11273 0.989951
 2.34376 -2.11273 0.989951
 2.34376 -2.11273 0.989951
 2.34376 -2.11273 0.989951
 2.34376 -2.11762 0.989831
 2.34376 -2.11273 0.989951
 2.34376 -2.11273 0.989951
 2.34376 -2.11304 0.989944
 2.34376 -2.11304 0.989944
 2.34376 -2.11304 0.989944
 2.34392 -2.11342 0.989932
 2.34437 -2.11334 0.989921
 2.34376 -2.11334 0.989937
 2.34376 -2.11334 0.989937
 2.34376 -2.11334 0.989937
 2.34376 -2.11334 0.989937
 2.34376 -2.11334 0.989937
 2.34376 -2.11395 0.989923
 2.34376 -2.11334 0.989937
 2.34376 -2.11334 0.989937
 2.34376 -2.11334 0.989937
 2.34376 -2.11334 0.989937
 2.34376 -2.11334 0.989937
 2.34376 -2.11334 0.989937
 2.34376 -2.11334 0.989937
 2.34376 -2.11334 0.989937
 2.34376 -2.11334 0.989937
 2.3438 -2.11336 0.989936
 2.34376 -2.1135 0.989934
 2.34376 -2.11342 0.989935
 2.34376 -2.11395 0.989923
 2.34392 -2.11334 0.989933
 1.87364 8.98128 0.865843
 2.42191 -2.03522 0.989616
 1.8346 8.94226 0.844402
 1.8346 8.94226 0.844402
 1.8346 8.94226 0.844402
 1.8346 8.94226 0.844402
 1.8346 8.94222 0.844384
 1.8346 8.94222 0.844384
 1.8346 8.94222 0.844384
 1.8346 8.94222 0.844384
 1.83445 8.94222 0.844368
 1.8346 8.94222 0.844383
 1.83458 8.94222 0.844381
 1.83458 8.94222 0.844381
