 2.42441 -2.03289 0.989595
 2.42441 -2.03289 0.989595
 2.42441 -2.03289 0.989595
 2.42196 -2.03533 0.98961
 2.42441 -2.03289 0.989595
 2.42441 -2.03289 0.989595
 2.42441 -2.03289 0.989595
 2.42441 -2.03289 0.989595
 2.42433 -2.03282 0.989601
 2.42441 -2.05258 0.988797
 2.42441 -2.03304 0.98959
 2.42441 -2.03793 0.989422
 7.42441 -7.03793 0.43463
 2.42441 -2.03793 0.989422
 2.42929 -2.03793 0.989196
 2.42929 -2.03793 0.989196
 2.42929 -2.03793 0.989196
 2.42929 -2.03793 0.989196
 2.42929 -2.03793 0.989196
 2.42929 -2.03793 0.989196
 -3.9907 4.69782 0.949781
 -3.9907 4.69782 0.949781
 -3.9907 4.69782 0.949781
 -3.9907 4.69782 0.949781
 -3.9907 4.69782 0.949781
 -3.9907 4.69782 0.949781
 -3.99101 4.69751 0.949774
 -3.9907 4.69782 0.949781
 -3.88783 -5.18879 0.921577
 -3.88779 -5.18883 0.921574
 -3.88779 -5.18883 0.921574
 -3.88779 -5.18883 0.921574
 -8.81454 3.25182 0.918087
 -8.81454 3.25182 0.918087
 -8.50202 -4.24818 0.911367
 -9.08889 -2.55629 0.917896
 -9.08796 -1.67002 0.890277
 -8.5029 -4.24879 0.911195
 1.74454 8.94184 0.835085
 1.74454 8.94184 0.835085
 6.59433 7.44371 0.685513
 -6.29042 -2.57311 0.725475
 6.67246 7.42689 0.653404
 6.59433 7.42689 0.695472
 6.59433 7.42689 0.695472
 6.59433 7.42689 0.695472
 6.59426 7.42689 0.695512
 6.59433 7.42689 0.695472
 -5.19706 -2.10584 0.590269
 -5.19706 -2.10584 0.590269
