 2.34376 -2.11273 0.989951
 2.34376 -2.11273 0.989951
 2.34376 -2.11273 0.989951
 2.34376 -2.11273 0.989951
 2.34376 -2.11273 0.989951
 2.34376 -2.11273 0.989951
 2.34376 -2.11273 0.989951
 2.34376 -2.11273 0.989951
 2.34376 -2.13227 0.98934
 2.34376 -2.11273 0.989951
 2.34376 -2.11273 0.989951
 2.34376 -2.11304 0.989944
 7.34376 -7.11304 0.440345
 2.34376 -2.11304 0.989944
 2.34376 -2.11334 0.989937
 2.34376 -2.11334 0.989937
 2.34384 -2.11338 0.989934
 2.34407 -2.11304 0.989936
 2.34376 -2.11334 0.989937
 2.34376 -2.11334 0.989937
 2.34376 -2.11334 0.989937
 2.34376 -2.11334 0.989937
 2.34376 -2.11334 0.989937
 2.34376 -2.11334 0.989937
 2.34376 -2.11334 0.989937
 2.34376 -2.11334 0.989937
 2.34376 -2.11334 0.989937
 2.34376 -2.11334 0.989937
 2.34376 -2.11334 0.989937
 2.34376 -2.11334 0.989937
 2.34376 -2.11334 0.989937
 2.3438 -2.11336 0.989936
 2.34376 -2.1135 0.989934
 2.34376 -2.11342 0.989935
 2.34376 -2.11395 0.989923
 2.34392 -1.95717 0.98311
 1.87366 8.98129 0.865845
 2.42189 -2.03522 0.989617
 1.8346 8.94226 0.844402
 1.8346 8.94226 0.844402
 1.8346 8.94226 0.844402
 1.8346 8.94226 0.844402
 1.8346 9.02039 0.878092
 1.8346 8.94226 0.844402
 1.8346 8.94222 0.844384
 1.83458 8.9422 0.844373
 1.8346 8.94222 0.844384
 1.8346 8.94222 0.844384
 1.8346 8.94222 0.844383
 1.8346 8.94222 0.844383
