 2.34376 -2.11273 0.989951
 2.34376 -2.11273 0.989951
 2.34376 -2.11273 0.989951
 2.34376 -2.11273 0.989951
 2.34376 -2.11273 0.989951
 2.34376 -2.11762 0.989831
 2.34376 -2.11273 0.989951
 2.34376 -2.11273 0.989951
 2.34376 -2.11273 0.989951
 2.34376 -2.11273 0.989951
 2.34376 -2.11273 0.989951
 2.34376 -2.11273 0.989951
 2.34376 -2.11273 0.989951
 2.34376 -2.11273 0.989951
 2.34376 -2.11334 0.989937
 2.34376 -2.11334 0.989937
 2.34376 -2.11334 0.989937
 2.34376 -2.11334 0.989937
 2.34376 -2.11334 0.989937
 2.34376 -2.11334 0.989937
 2.34376 -2.11334 0.989937
 2.34376 -2.11334 0.989937
 2.34376 -2.11334 0.989937
 2.34377 -2.11335 0.989937
 2.34384 -2.11334 0.989935
 2.34376 -2.11334 0.989937
 2.34376 -2.11334 0.989937
 2.34376 -2.11334 0.989937
 2.34376 -2.11334 0.989937
 2.34376 -2.11342 0.989935
 2.34376 -2.11334 0.989937
 2.34376 -2.11334 0.989937
 2.3438 -2.11336 0.989936
 2.34407 -2.11304 0.989936
 2.34376 -2.1135 0.989934
 2.38283 -2.11342 0.988091
 1.87364 8.98102 0.865731
 2.34378 -2.132 0.98935
 1.8346 8.94226 0.844402
 1.8346 8.94226 0.844402
 1.83458 8.94226 0.8444
 1.8346 8.94226 0.8444
 1.8346 8.94226 0.844402
 1.8346 8.94226 0.844402
 1.8346 8.94226 0.844402
 1.8346 8.94226 0.844402
 1.8346 8.94226 0.844402
 1.8346 8.94226 0.844402
 1.8346 8.94222 0.844383
 1.8346 8.94222 0.844383
