 2.34406 -2.11182 0.989964
 2.34406 -2.11182 0.989964
 2.34406 -2.11182 0.989964
 2.34406 -2.11182 0.989964
 2.34407 -2.11243 0.98995
 2.34407 -2.11182 0.989964
 2.34407 -2.11182 0.989964
 2.34407 -2.11182 0.989964
 2.34376 -2.11182 0.989971
 2.34376 -2.11273 0.989951
 2.34376 -2.11273 0.989951
 2.34376 -2.11273 0.989951
 2.34376 -2.11273 0.989951
 2.34376 -2.11273 0.989951
 2.34376 -2.11273 0.989951
 2.34384 -2.11273 0.989949
 2.34377 -2.11274 0.989951
 2.34376 -2.11273 0.989951
 2.34376 -2.11273 0.989951
 2.34376 -2.11273 0.989951
 2.34376 -2.11273 0.989951
 2.34376 -2.11273 0.989951
 2.34376 -2.11273 0.989951
 2.34376 -2.11273 0.989951
 2.34376 -2.11273 0.989951
 2.34376 -2.11273 0.989951
 2.34376 -2.11273 0.989951
 2.34376 -2.11273 0.989951
 2.34376 -2.11273 0.989951
 2.34376 -2.11273 0.989951
 2.34407 -2.11762 0.989821
 2.34376 -2.11281 0.989949
 2.34376 -2.11278 0.98995
 2.34376 -2.11273 0.989951
 2.34376 -2.11334 0.989937
 2.38283 -2.11289 0.988124
 1.87259 8.98098 0.865624
 2.34483 -2.13196 0.989305
 1.8346 8.94226 0.844402
 1.8346 8.94226 0.844402
 1.8346 8.94226 0.844402
 1.8346 8.94226 0.844402
 1.8346 8.94226 0.844402
 1.8346 8.94226 0.844402
 1.8346 8.94226 0.844402
 1.8346 8.94226 0.8444
 1.83458 8.94226 0.8444
 1.8346 8.94226 0.844402
 1.8346 8.94226 0.844402
 1.8346 8.94226 0.844402
