 2.42196 -2.03533 0.98961
 2.42196 -2.03533 0.98961
 2.42196 -2.03533 0.98961
 2.42189 -2.03526 0.989616
 2.42189 -2.03526 0.989616
 2.42441 -2.03289 0.989595
 7.42441 -7.03289 0.437792
 2.42441 -2.03289 0.989595
 2.42441 -2.03289 0.989595
 2.42441 -2.05242 0.988804
 2.42441 -2.03289 0.989595
 2.42441 -2.03289 0.989595
 2.42441 -2.03289 0.989595
 2.42441 -2.03289 0.989595
 2.42441 -2.03793 0.989422
 2.42441 -2.03793 0.989422
 2.42929 -2.03793 0.989196
 -3.9907 4.69791 0.949795
 2.42929 -2.03793 0.989196
 2.42929 -2.03793 0.989196
 2.42929 -2.03793 0.989196
 2.42929 -2.03793 0.989196
 2.42929 -2.03793 0.989196
 2.42929 -2.03793 0.989196
 2.42929 -2.03793 0.989196
 2.42929 -2.03793 0.989196
 2.42929 -2.03793 0.989196
 2.42958 -2.03802 0.989177
 -3.9907 4.69782 0.949781
 -3.9907 4.69782 0.949781
 -3.9907 4.69782 0.949781
 -3.9907 4.69782 0.949781
 -3.88783 -5.30249 0.879185
 -3.99101 4.81121 0.961401
 -3.88779 -5.03258 0.955561
 -3.88779 -5.18883 0.921574
 -8.50291 -4.24818 0.911238
 -9.08888 -2.55689 0.917889
 1.74454 8.94184 0.835085
 1.74454 8.94184 0.835085
 -6.38046 -2.57311 0.65343
 1.83458 8.94184 0.844194
 6.67238 7.42689 0.653446
 6.59426 7.42689 0.695512
 6.59426 7.42689 0.695512
 6.59426 7.42689 0.695512
 6.59426 7.42689 0.695512
 6.59433 7.42689 0.695472
 6.59433 7.44371 0.685513
 6.59433 7.44371 0.685513
