 2.34376 -2.11182 0.989971
 2.34376 -2.11182 0.989971
 2.34376 -2.11182 0.989971
 2.34376 -2.13135 0.989377
 2.34376 -2.11182 0.989971
 2.34376 -2.11182 0.989971
 2.34376 -2.11182 0.989971
 2.34376 -2.11182 0.989971
 2.34376 -2.11182 0.989971
 2.34376 -2.11182 0.989971
 2.34376 -2.11182 0.989971
 2.34406 -2.11182 0.989964
 2.34407 -2.11182 0.989964
 7.34407 -7.11182 0.440922
 2.34384 -2.11277 0.989948
 2.34407 -2.11243 0.98995
 2.34376 -2.11273 0.989951
 2.34376 -2.11273 0.989951
 2.34376 -2.11273 0.989951
 2.34376 -2.11273 0.989951
 2.34376 -2.11273 0.989951
 2.34376 -2.11273 0.989951
 2.34376 -2.11273 0.989951
 2.34376 -2.11273 0.989951
 2.34376 -2.11273 0.989951
 2.34376 -2.11273 0.989951
 2.34376 -2.11273 0.989951
 2.34376 -2.11273 0.989951
 2.34376 -2.11273 0.989951
 2.34377 -2.11273 0.989951
 2.3438 -2.11275 0.98995
 2.34376 -2.11281 0.989949
 2.34376 -2.11273 0.989951
 2.34392 -2.11289 0.989944
 2.34407 -2.11304 0.989936
 2.34379 -1.95664 0.983036
 1.87366 8.98098 0.865717
 2.34376 -2.13196 0.989352
 1.8346 8.94226 0.844402
 1.8346 8.94226 0.844402
 1.8346 8.94226 0.844402
 1.8346 8.94226 0.844402
 1.8346 9.02039 0.878092
 1.8346 8.94226 0.844402
 1.8346 8.94226 0.844402
 1.83458 8.94224 0.844391
 1.8346 8.94226 0.844402
 1.8346 8.94226 0.844402
 1.8346 8.94226 0.844402
 1.8346 8.94226 0.844402
