 4.84376 -4.61182 0.808629
 2.34376 -2.11182 0.989971
 2.34376 -2.11182 0.989971
 2.34376 -2.11182 0.989971
 2.34376 -2.11182 0.989971
 2.34376 -2.12158 0.989717
 2.34376 -2.11182 0.989971
 2.34376 -2.11182 0.989971
 2.34376 -2.11182 0.989971
 2.34376 -2.11182 0.989971
 2.34376 -2.11182 0.989971
 2.34376 -2.11304 0.989944
 2.34376 -2.11182 0.989971
 2.34376 -2.11182 0.989971
 2.3438 -2.11273 0.98995
 2.34376 -2.11243 0.989958
 2.34376 -2.11273 0.989951
 2.34376 -2.11273 0.989951
 2.34376 -2.11273 0.989951
 2.34376 -2.11273 0.989951
 2.34376 -2.11273 0.989951
 2.34376 -2.11273 0.989951
 2.34376 -2.11273 0.989951
 2.3438 -2.11275 0.98995
 2.34392 -2.11273 0.989947
 -7.65624 7.88727 1.05747e-05
 2.34376 -2.11273 0.989951
 2.34376 -2.11273 0.989951
 2.34376 -2.11273 0.989951
 2.34376 -2.11289 0.989948
 2.34376 -2.11273 0.989951
 2.3438 -2.11275 0.98995
 2.34392 -2.11289 0.989944
 2.34376 -2.11273 0.989951
 2.34407 -2.11273 0.989943
 2.42189 -2.03493 0.989626
 1.87366 8.98098 0.865717
 2.34376 -2.13196 0.989352
 1.8346 8.94226 0.844402
 1.8346 8.94226 0.844402
 1.8346 8.94226 0.844403
 1.8346 8.94226 0.844402
 1.83459 8.94225 0.844396
 1.8346 8.94226 0.844402
 1.8346 8.94226 0.844402
 1.87366 8.98132 0.865861
 1.8346 8.94226 0.844402
 1.8346 8.94226 0.844402
 1.8346 8.94226 0.844402
 1.8346 8.94226 0.844402
