 2.34376 -2.11182 0.989971
 2.34376 -2.11182 0.989971
 7.34376 -7.11182 0.441123
 2.34376 -2.11182 0.989971
 2.34376 -2.11182 0.989971
 2.34376 -2.11182 0.989971
 2.34376 -2.13135 0.989377
 2.34376 -2.11182 0.989971
 2.34376 -2.11182 0.989971
 2.34376 -2.11182 0.989971
 2.34376 -2.11182 0.989971
 2.34376 -2.11182 0.989971
 2.34376 -2.11182 0.989971
 2.34376 -2.11182 0.989971
 2.34376 -2.11273 0.989951
 2.34376 -2.11273 0.989951
 2.34376 -2.11273 0.989951
 2.34376 -2.11273 0.989951
 2.34376 -2.11273 0.989951
 2.34376 -2.11273 0.989951
 2.34376 -2.11273 0.989951
 2.34376 -2.11273 0.989951
 2.34376 -2.11243 0.989958
 2.34376 -2.11273 0.989951
 2.34384 -2.11277 0.989948
 2.34376 -2.11273 0.989951
 2.34407 -2.11243 0.98995
 2.34376 -2.11273 0.989951
 2.34376 -2.11273 0.989951
 2.34376 -2.11273 0.989951
 2.3438 -2.11273 0.98995
 2.3438 -2.11275 0.98995
 2.34376 -2.11273 0.989951
 2.34392 -2.11289 0.989944
 2.34407 -2.11273 0.989944
 2.34376 -1.95679 0.983049
 1.87364 8.98098 0.865715
 2.34378 -2.13196 0.989351
 1.8346 8.94226 0.844402
 1.8346 8.94226 0.844402
 1.8346 8.94226 0.844402
 1.8346 8.94226 0.844402
 1.83458 8.94224 0.844391
 1.8346 8.94226 0.844402
 1.8346 8.94226 0.844402
 1.8346 9.02039 0.878092
 1.8346 8.94226 0.844402
 1.8346 8.94226 0.844402
 1.8346 8.94226 0.844402
 1.8346 8.94226 0.844402
