 2.34376 -2.11182 0.989971
 2.34375 -2.11182 0.989972
 2.34376 -2.11182 0.989971
 2.34376 -2.11182 0.989971
 2.34376 -2.11182 0.989971
 2.34376 -2.11182 0.989971
 2.34376 -2.11182 0.989971
 2.34376 -2.11182 0.989971
 2.34376 -2.11182 0.989971
 2.34376 -2.11182 0.989971
 2.34376 -2.11182 0.989971
 2.34376 -2.11212 0.989965
 2.34376 -2.11182 0.989971
 2.34376 -2.11182 0.989971
 2.34376 -2.11243 0.989958
 2.34376 -2.11243 0.989958
 2.34376 -2.11243 0.989958
 2.34376 -2.11243 0.989958
 2.34376 -2.11243 0.989958
 2.34376 -2.11243 0.989958
 2.34376 -2.11247 0.989957
 2.34376 -2.11243 0.989958
 2.34376 -2.11273 0.989951
 2.34376 -2.11273 0.989951
 2.34376 -2.11274 0.989951
 2.3438 -2.11273 0.98995
 2.34376 -2.11273 0.989951
 2.34376 -2.11273 0.989951
 2.34376 -2.11273 0.989951
 2.34376 -2.11273 0.989951
 2.34376 -2.11273 0.989951
 2.34376 -2.11273 0.989951
 2.34376 -2.11274 0.989951
 2.34377 -2.11273 0.989951
 2.3438 -2.11273 0.98995
 2.36329 -2.11281 0.98925
 1.87364 8.98132 0.865859
 2.34378 -2.1323 0.989338
 1.8346 8.94226 0.844402
 1.8346 8.94226 0.844402
 1.8346 8.94226 0.844402
 1.83459 8.94226 0.844401
 1.83459 8.94226 0.844401
 1.8346 8.94226 0.844402
 1.8346 8.94226 0.844402
 1.8346 8.94226 0.844402
 1.8346 8.94226 0.844402
 1.8346 8.94226 0.844402
 1.8346 8.94226 0.844402
 1.8346 8.94226 0.844402
