 2.34375 -2.11182 0.989972
 2.34375 -2.11182 0.989972
 2.34375 -2.11182 0.989972
 2.34375 -2.11182 0.989972
 2.34376 -2.11212 0.989965
 2.34376 -2.11182 0.989971
 2.34376 -2.11182 0.989971
 2.34376 -2.11182 0.989971
 2.34376 -2.11182 0.989971
 2.34376 -2.11182 0.989971
 2.34376 -2.11182 0.989971
 2.34376 -2.11182 0.989971
 2.34376 -2.11182 0.989971
 2.34376 -2.11182 0.989971
 2.34376 -2.11182 0.989971
 2.34376 -2.11182 0.989971
 2.34376 -2.11212 0.989965
 2.34376 -2.11212 0.989965
 2.34376 -2.11212 0.989965
 2.34376 -2.11212 0.989965
 2.34376 -2.11247 0.989957
 2.34376 -2.11243 0.989958
 2.3438 -2.11243 0.989957
 2.34376 -2.11243 0.989958
 2.34376 -2.11243 0.989958
 2.34376 -2.11243 0.989958
 2.34376 -2.11243 0.989958
 2.34376 -2.11243 0.989958
 2.34376 -2.11274 0.989951
 2.34376 -2.11273 0.989951
 2.34376 -2.11273 0.989951
 2.34376 -2.11273 0.989951
 2.34376 -2.11273 0.989951
 2.34376 -2.11273 0.989951
 2.34376 -2.11274 0.989951
 2.36329 -2.11274 0.989253
 1.87366 8.98132 0.865861
 2.34376 -2.1323 0.989339
 1.8346 8.94226 0.844402
 1.8346 8.94226 0.844402
 1.8346 8.94226 0.844402
 1.8346 8.94226 0.844402
 1.8346 8.94226 0.844402
 1.8346 8.94226 0.844402
 1.8346 8.94226 0.844402
 1.83459 8.94226 0.844401
 1.83459 8.94226 0.844401
 1.8346 8.94226 0.844402
 1.8346 8.94226 0.844402
 1.8346 8.94226 0.844402
