 2.34375 -2.11182 0.989972
 2.34375 -2.11182 0.989972
 2.34375 -2.11182 0.989972
 2.34375 -2.11304 0.989945
 2.34375 -2.11182 0.989972
 2.34375 -2.11182 0.989972
 2.34375 -2.11182 0.989972
 2.34376 -2.11182 0.989971
 2.34375 -2.11182 0.989972
 2.34376 -2.11182 0.989971
 2.34376 -2.11182 0.989971
 2.34376 -2.11182 0.989971
 2.34376 -2.11182 0.989971
 2.34376 -2.11182 0.989971
 2.34376 -2.11182 0.989971
 2.34376 -2.11182 0.989971
 4.84376 -4.61182 0.808629
 2.34376 -2.11182 0.989971
 2.34376 -2.11182 0.989971
 2.34375 -2.12158 0.989717
 2.34376 -2.11212 0.989965
 -7.65624 7.88788 8.04636e-06
 2.34376 -2.11212 0.989965
 2.34376 -2.11212 0.989965
 2.34376 -2.11212 0.989965
 2.34376 -2.11228 0.989961
 2.34376 -2.11212 0.989965
 2.34391 -2.11243 0.989954
 2.3438 -2.11245 0.989957
 2.34376 -2.11243 0.989958
 2.34376 -2.11243 0.989958
 2.34376 -2.11247 0.989957
 2.3438 -2.11273 0.98995
 2.34376 -2.11243 0.989958
 2.34376 -2.11273 0.989951
 2.42189 -2.03461 0.989636
 1.87257 8.98132 0.865765
 2.34485 -2.1323 0.98929
 1.8346 8.94226 0.844402
 1.8346 8.94226 0.844402
 1.8346 8.94226 0.844402
 1.8346 8.94226 0.844402
 1.87366 8.98132 0.865861
 1.8346 8.94226 0.844402
 1.8346 8.94226 0.844402
 1.83459 8.94225 0.844396
 1.8346 8.94226 0.844402
 1.8346 8.94226 0.844403
 1.8346 8.94226 0.844402
 1.8346 8.94226 0.844402
