 2.34375 -2.11182 0.989972
 2.34375 -2.11182 0.989972
 2.34375 -2.13135 0.989377
 2.34375 -2.11182 0.989972
 2.34375 -2.11182 0.989972
 2.34375 -2.11182 0.989972
 2.34375 -2.11182 0.989972
 2.34375 -2.11182 0.989972
 2.34375 -2.11182 0.989972
 2.34375 -2.11182 0.989972
 7.34376 -7.11182 0.441123
 2.34376 -2.11182 0.989971
 2.34376 -2.11182 0.989971
 2.34376 -2.11182 0.989971
 2.34376 -2.11182 0.989971
 2.34376 -2.11212 0.989965
 2.34376 -2.11182 0.989971
 2.34376 -2.11182 0.989971
 2.34376 -2.11182 0.989971
 2.34376 -2.11182 0.989971
 2.34376 -2.11182 0.989971
 2.34376 -2.11182 0.989971
 2.34376 -2.11182 0.989971
 2.34376 -2.11182 0.989971
 2.34376 -2.11182 0.989971
 2.34376 -2.11212 0.989965
 2.34407 -2.11182 0.989964
 2.34376 -2.11212 0.989965
 2.34384 -2.11231 0.989959
 2.34376 -2.11243 0.989958
 2.34376 -2.11243 0.989958
 2.34376 -2.11247 0.989957
 2.3438 -2.11245 0.989957
 2.34391 -2.11243 0.989954
 2.34376 -2.11304 0.989944
 2.34375 -1.95648 0.983015
 1.87259 8.98132 0.865768
 2.34483 -2.1323 0.989291
 1.8346 8.94226 0.844402
 1.8346 8.94226 0.844402
 1.8346 8.94226 0.844402
 1.8346 8.94226 0.844402
 1.83458 8.94224 0.844391
 1.8346 8.94226 0.844402
 1.8346 8.94226 0.844402
 1.8346 9.02039 0.878092
 1.8346 8.94226 0.844402
 1.8346 8.94226 0.844402
 1.8346 8.94226 0.844402
 1.8346 8.94226 0.844402
