 2.42189 -2.03526 0.989616
 2.42189 -2.03526 0.989616
 2.42189 -2.03526 0.989616
 2.42189 -2.03526 0.989616
 2.42189 -2.03526 0.989616
 2.42196 -2.03533 0.98961
 2.42196 -2.03533 0.98961
 2.42196 -2.03533 0.98961
 2.42196 -2.03533 0.98961
 2.42196 -2.05486 0.988826
 7.42441 -7.03289 0.437792
 2.42441 -2.03289 0.989595
 2.42441 -2.03289 0.989595
 2.42441 -2.03289 0.989595
 2.42441 -2.03289 0.989595
 2.42441 -2.03289 0.989595
 2.42441 -2.03793 0.989422
 2.42441 -2.03793 0.989422
 2.42441 -2.03793 0.989422
 2.42441 -2.03793 0.989422
 2.42929 -2.03793 0.989196
 2.42929 -2.03793 0.989196
 2.42929 -2.03793 0.989196
 2.42441 -2.03793 0.989422
 2.42929 -2.03793 0.989196
 2.42929 -2.03785 0.989199
 2.42959 -2.03762 0.989193
 2.42929 -2.03793 0.989196
 2.42929 -2.03793 0.989196
 2.42929 -2.03793 0.989196
 2.42929 -2.03793 0.989196
 2.42929 -2.05242 0.98851
 -3.88779 -5.18879 0.921585
 -3.99101 4.96742 0.953407
 -3.9907 4.69784 0.949784
 -3.83445 4.85415 0.954063
 -8.50205 -4.24816 0.911365
 -3.88866 -5.18885 0.921366
 1.83458 8.94184 0.844194
 1.74454 8.94184 0.835085
 1.83458 8.94184 0.844194
 1.83458 8.94184 0.844194
 6.67238 7.42689 0.653446
 6.59426 7.42689 0.695512
 6.59426 7.42689 0.695512
 6.59426 7.42689 0.695512
 6.59426 7.42689 0.695512
 6.59426 7.42689 0.695512
 6.59433 7.44371 0.685513
 6.59433 7.44371 0.685513
