 2.34375 -2.11182 0.989972
 2.34375 -2.11182 0.989972
 4.84375 -4.61182 0.808634
 2.34375 -2.11182 0.989972
 2.34375 -2.11182 0.989972
 2.34375 -2.11182 0.989972
 2.34375 -2.12158 0.989717
 2.34375 -2.11182 0.989972
 2.34375 -2.11182 0.989972
 2.34375 -2.11182 0.989972
 2.34375 -2.11182 0.989972
 2.34375 -2.11304 0.989945
 2.34375 -2.11182 0.989972
 2.34375 -2.11182 0.989972
 2.3438 -2.11184 0.98997
 2.34391 -2.11182 0.989968
 -7.65624 7.88818 6.91565e-06
 2.34376 -2.11182 0.989971
 2.34376 -2.11182 0.989971
 2.34376 -2.11182 0.989971
 2.34376 -2.11182 0.989971
 2.34376 -2.11197 0.989968
 2.34376 -2.11182 0.989971
 2.34376 -2.11182 0.989971
 2.34376 -2.11182 0.989971
 2.34376 -2.11182 0.989971
 2.34376 -2.11182 0.989971
 2.34376 -2.11182 0.989971
 2.34376 -2.11182 0.989971
 2.34376 -2.11189 0.98997
 2.34376 -2.11182 0.989971
 2.34384 -2.11212 0.989963
 2.34384 -2.11213 0.989963
 2.34377 -2.11212 0.989965
 2.34376 -2.11243 0.989958
 2.42188 -2.0343 0.989646
 1.87366 8.98098 0.865717
 2.34376 -2.13196 0.989352
 1.8346 8.94226 0.844402
 1.8346 8.94226 0.844402
 1.8346 8.94226 0.844402
 1.8346 8.94226 0.844402
 1.87366 8.98132 0.865861
 1.8346 8.94226 0.844402
 1.8346 8.94226 0.844402
 1.83459 8.94225 0.844396
 1.8346 8.94226 0.844402
 1.8346 8.94226 0.844403
 1.8346 8.94226 0.844402
 1.8346 8.94226 0.844402
