 2.34375 -2.11182 0.989972
 2.34375 -2.11182 0.989972
 2.34375 -2.11182 0.989972
 2.34375 -2.11182 0.989972
 2.34375 -2.11182 0.989972
 2.34375 -2.11182 0.989972
 2.34375 -2.1167 0.989855
 2.34375 -2.11182 0.989972
 2.34375 -2.11182 0.989972
 2.34375 -2.11182 0.989972
 2.34375 -2.11182 0.989972
 2.34375 -2.11243 0.989958
 2.34375 -2.11182 0.989972
 2.34375 -2.11182 0.989972
 2.34384 -2.11182 0.98997
 2.34376 -2.11182 0.989971
 2.34376 -2.11182 0.989971
 2.34376 -2.11182 0.989971
 2.34376 -2.11182 0.989971
 2.34376 -2.11182 0.989971
 2.34376 -2.11182 0.989971
 2.34376 -2.11182 0.989971
 2.34376 -2.11182 0.989971
 2.34376 -2.11182 0.989971
 2.34376 -2.11182 0.989971
 2.34376 -2.11182 0.989971
 2.34376 -2.11182 0.989971
 2.34376 -2.11189 0.98997
 2.34381 -2.11183 0.98997
 2.3438 -2.11184 0.98997
 2.3438 -2.11199 0.989967
 2.34376 -2.11182 0.989971
 2.34391 -2.11184 0.989967
 2.34391 -2.11182 0.989968
 2.34395 -2.11304 0.989939
 2.38281 -2.11182 0.988189
 1.87259 8.98132 0.865768
 2.34483 -2.1323 0.989291
 1.8346 8.94226 0.844402
 1.8346 8.94226 0.844402
 1.8346 8.94226 0.844402
 1.8346 8.94226 0.844402
 1.8346 8.94226 0.844402
 1.8346 8.94226 0.844402
 1.8346 8.94226 0.844402
 1.8346 8.94226 0.8444
 1.83458 8.94226 0.8444
 1.8346 8.94226 0.844402
 1.8346 8.94226 0.844402
 1.8346 8.94226 0.844402
