 2.34375 -2.11182 0.989972
 2.34375 -2.11182 0.989972
 2.34375 -2.11182 0.989972
 2.34375 -2.11182 0.989972
 2.34375 -2.11182 0.989972
 2.34375 -2.11182 0.989972
 2.34375 -2.1167 0.989855
 2.34375 -2.11182 0.989972
 2.34375 -2.11182 0.989972
 2.34375 -2.11182 0.989972
 2.34375 -2.11182 0.989972
 2.34375 -2.11243 0.989958
 2.34375 -2.11182 0.989972
 2.34375 -2.11182 0.989972
 2.34376 -2.11182 0.989971
 2.34377 -2.11183 0.989971
 2.34384 -2.11182 0.98997
 2.34376 -2.11182 0.989971
 2.34376 -2.11182 0.989971
 2.34376 -2.11182 0.989971
 2.34376 -2.11182 0.989971
 2.34376 -2.11182 0.989971
 2.34376 -2.11189 0.98997
 2.34376 -2.11182 0.989971
 2.34376 -2.11182 0.989971
 2.34376 -2.11182 0.989971
 2.34376 -2.11182 0.989971
 2.34376 -2.11182 0.989971
 2.34376 -2.11182 0.989971
 2.34376 -2.11182 0.989971
 2.3438 -2.11184 0.98997
 2.34381 -2.11183 0.98997
 2.34384 -2.11182 0.98997
 2.34376 -2.11189 0.98997
 2.34391 -2.11199 0.989964
 2.38286 -2.11184 0.988184
 1.87257 8.98098 0.865621
 2.34485 -2.13196 0.989304
 1.8346 8.94226 0.844402
 1.8346 8.94226 0.844402
 1.8346 8.94226 0.844402
 1.8346 8.94226 0.844402
 1.8346 8.94226 0.844402
 1.8346 8.94226 0.844402
 1.8346 8.94226 0.844402
 1.8346 8.94226 0.8444
 1.83458 8.94226 0.8444
 1.8346 8.94226 0.844402
 1.8346 8.94226 0.844402
 1.8346 8.94226 0.844402
