 2.34375 -2.11182 0.989972
 2.34375 -2.11182 0.989972
 2.34375 -2.11182 0.989972
 2.34375 -2.11182 0.989972
 2.34375 -2.11182 0.989972
 2.34375 -2.11182 0.989972
 2.34375 -2.11182 0.989972
 2.34375 -2.11182 0.989972
 2.34375 -2.11182 0.989972
 2.34375 -2.11182 0.989972
 2.34375 -2.11182 0.989972
 2.34375 -2.11182 0.989972
 2.34375 -2.11182 0.989972
 2.34375 -2.11182 0.989972
 2.34375 -2.11182 0.989972
 2.34375 -2.11182 0.989972
 2.34375 -2.11212 0.989965
 2.34375 -2.11182 0.989972
 2.34375 -2.11182 0.989972
 2.34375 -2.11182 0.989972
 2.34376 -2.11182 0.989971
 2.34376 -2.11182 0.989971
 2.34376 -2.11182 0.989971
 2.34376 -2.11182 0.989971
 2.3438 -2.11182 0.989971
 2.34376 -2.11182 0.989971
 2.34376 -2.11182 0.989971
 2.34376 -2.11182 0.989971
 2.34376 -2.11182 0.989971
 2.34376 -2.11186 0.989971
 2.34376 -2.11182 0.989971
 2.34376 -2.11182 0.989971
 2.34377 -2.11183 0.989971
 2.34377 -2.11183 0.989971
 2.3438 -2.11183 0.98997
 2.36329 -2.11189 0.989288
 1.87259 8.98132 0.865768
 2.34483 -2.1323 0.989291
 1.8346 8.94226 0.844402
 1.8346 8.94226 0.844402
 1.8346 8.94226 0.844402
 1.83459 8.94226 0.844401
 1.83459 8.94226 0.844401
 1.8346 8.94226 0.844402
 1.8346 8.94226 0.844402
 1.8346 8.94226 0.844402
 1.8346 8.94226 0.844402
 1.8346 8.94226 0.844402
 1.8346 8.94226 0.844402
 1.8346 8.94226 0.844402
