 2.42189 -2.03526 0.989616
 2.42189 -2.03526 0.989616
 2.42189 -2.03526 0.989616
 2.42189 -2.04014 0.98945
 2.42189 -2.03526 0.989616
 2.42189 -2.03526 0.989616
 2.42189 -2.03526 0.989616
 2.42189 -2.03526 0.989616
 2.42189 -2.07432 0.987731
 2.42189 -2.03526 0.989616
 2.42196 -2.03533 0.98961
 2.42196 -2.03533 0.98961
 2.42196 -2.03533 0.98961
 2.42441 -2.03289 0.989595
 2.42441 -2.03289 0.989595
 2.42441 -2.03289 0.989595
 2.42441 -2.03289 0.989595
 2.42441 -2.03289 0.989595
 2.42441 -2.03289 0.989595
 2.42441 -2.03289 0.989595
 2.4244 -2.03793 0.989422
 2.42929 -2.03793 0.989196
 2.42441 -2.03793 0.989422
 2.42441 -2.03793 0.989422
 2.42441 -2.03793 0.989422
 2.42441 -2.03854 0.989399
 2.42441 -2.03793 0.989422
 2.42502 -2.03793 0.989395
 2.42936 -2.03777 0.989198
 2.42929 -2.03793 0.989196
 2.42929 -2.03793 0.989196
 2.42929 -2.03793 0.989196
 2.42929 -2.03793 0.989196
 2.42929 -2.03793 0.989196
 2.42929 -2.05242 0.98851
 2.42959 -2.03762 0.989193
 -8.50242 -4.24816 0.91131
 -3.99033 4.69784 0.949731
 1.83458 8.94184 0.844194
 1.83458 8.94184 0.844194
 1.83458 8.94184 0.844194
 1.83458 8.94184 0.844194
 1.74454 8.94184 0.835085
 1.74454 8.94184 0.835085
 1.74454 8.94184 0.835085
 1.7445 8.94184 0.835082
 6.58829 7.42704 0.698527
 1.75053 8.94184 0.835691
 6.59426 7.42689 0.695512
 6.59426 7.42689 0.695512
