 2.42189 -2.03526 0.989616
 2.42189 -2.03526 0.989616
 2.42189 -2.03526 0.989616
 2.42189 -2.07432 0.987731
 2.42189 -2.03526 0.989616
 2.42189 -2.03526 0.989616
 2.42189 -2.03526 0.989616
 2.42189 -2.03526 0.989616
 2.42189 -2.04014 0.98945
 2.42189 -2.03526 0.989616
 2.42189 -2.03526 0.989616
 2.42196 -2.03533 0.98961
 2.42196 -2.03533 0.98961
 2.42196 -2.03533 0.98961
 2.4244 -2.03289 0.989595
 2.42441 -2.03289 0.989595
 2.42441 -2.03289 0.989595
 2.42441 -2.03289 0.989595
 2.42441 -2.03289 0.989595
 2.42441 -2.0335 0.989575
 2.42441 -2.03289 0.989595
 2.42441 -2.03289 0.989595
 2.42441 -2.03289 0.989595
 2.42441 -2.03289 0.989595
 2.42441 -2.03289 0.989595
 2.42441 -2.03289 0.989595
 2.42433 -2.0377 0.989433
 2.42257 -2.04037 0.989412
 2.42448 -2.03778 0.989424
 2.42441 -2.03793 0.989422
 2.42441 -2.03854 0.989399
 2.42936 -2.03777 0.989198
 2.42929 -2.03793 0.989196
 2.42929 -2.03793 0.989196
 2.42929 -2.03793 0.989196
 2.42929 -2.03793 0.989196
 -8.50241 -4.24969 0.911201
 2.42928 -2.0509 0.988591
 1.83458 8.94184 0.844194
 1.83458 8.94184 0.844194
 1.83458 8.94184 0.844194
 1.83458 8.94184 0.844194
 1.83458 8.94184 0.844194
 1.83458 8.94184 0.844194
 1.7505 8.94184 0.835689
 1.8346 8.94184 0.844195
 1.75053 8.94184 0.835691
 1.75053 8.94184 0.835691
 1.74454 8.94184 0.835085
 1.7445 8.94184 0.835082
