 1.71875 -1.48682 0.414658
 2.34375 -2.11182 0.989972
 2.34375 -2.11182 0.989972
 2.34375 -2.11183 0.989971
 2.34375 -2.11182 0.989972
 2.34375 -2.11182 0.989972
 2.34375 -2.11182 0.989972
 2.34375 -2.11182 0.989972
 2.34375 -2.11182 0.989972
 2.34375 -2.11182 0.989972
 2.34376 -2.11182 0.989971
 2.34375 -2.11182 0.989972
 2.34375 -2.11182 0.989972
 2.34375 -2.11182 0.989972
 2.34375 -2.11182 0.989972
 2.34375 -2.11182 0.989972
 2.34375 -2.11182 0.989972
 2.34375 -2.11182 0.989972
 2.34375 -2.11182 0.989972
 2.34375 -2.11182 0.989972
 2.34375 -2.11182 0.989972
 2.34375 -2.11189 0.98997
 2.34375 -2.11182 0.989972
 2.34375 -2.11182 0.989972
 2.34375 -2.11182 0.989972
 2.34375 -2.11182 0.989972
 2.34375 -2.11182 0.989972
 2.34375 -2.11182 0.989972
 2.34375 -2.11182 0.989972
 2.34375 -2.11182 0.989972
 2.34375 -2.11182 0.989972
 2.34375 -2.11182 0.989972
 2.34375 -2.11182 0.989972
 2.34375 -2.11243 0.989958
 2.34864 -2.11182 0.989841
 2.34376 -2.11182 0.989971
 1.87259 8.98132 0.865767
 2.34483 -2.1323 0.989291
 1.8346 8.94226 0.844402
 6.8346 8.94226 0.0584208
 1.8346 8.94226 0.844402
 -8.16541 -1.05774 0.12862
 1.8346 8.94226 0.844402
 1.8346 8.94226 0.844402
 1.8346 8.94226 0.844402
 1.8346 8.9447 0.845597
 1.8346 8.94226 0.844402
 1.8346 8.94226 0.844402
 1.8346 8.94226 0.844402
 1.8346 8.94226 0.844402
