 2.34375 -2.11182 0.989972
 2.34375 -2.11182 0.989972
 2.34375 -2.11182 0.989972
 2.34375 -2.11186 0.989971
 2.34375 -2.11182 0.989972
 2.34375 -2.11182 0.989972
 2.34375 -2.11182 0.989972
 2.34375 -2.11182 0.989972
 2.34375 -2.11182 0.989972
 2.34375 -2.11182 0.989972
 2.34379 -2.11182 0.989971
 2.34376 -2.11182 0.989971
 2.34375 -2.11182 0.989972
 2.34375 -2.11182 0.989972
 2.34375 -2.11182 0.989972
 2.34375 -2.11182 0.989972
 2.34375 -2.11182 0.989972
 2.34375 -2.11182 0.989972
 2.34375 -2.11182 0.989972
 2.34375 -2.11182 0.989972
 2.34375 -2.11182 0.989972
 2.34375 -2.11212 0.989965
 2.34375 -2.11182 0.989972
 2.34375 -2.11182 0.989972
 2.34375 -2.11182 0.989972
 2.34375 -2.11182 0.989972
 2.34375 -2.11182 0.989972
 2.34375 -2.11182 0.989972
 2.34375 -2.11182 0.989972
 2.34375 -2.11182 0.989972
 2.34375 -2.11182 0.989972
 2.34375 -2.11182 0.989972
 2.34375 -2.11182 0.989972
 2.34375 -2.11182 0.989972
 2.34375 -2.11182 0.989972
 2.36329 -2.11182 0.989291
 2.34482 -2.13227 0.989293
 2.34376 -2.11247 0.989957
 1.8346 8.9447 0.845597
 1.8346 8.9447 0.845597
 1.8346 8.9447 0.845597
 1.8346 8.94226 0.844402
 1.8346 8.94226 0.844402
 1.8346 8.94226 0.844402
 1.8346 8.94226 0.844402
 1.83459 8.94226 0.844401
 1.83459 8.94226 0.844401
 1.8346 8.94226 0.844402
 1.8346 8.94226 0.844402
 1.8346 8.94226 0.844402
