 2.42189 -2.03526 0.989616
 2.42189 -2.03526 0.989616
 2.42189 -2.03526 0.989616
 2.42189 -2.04014 0.98945
 2.42189 -2.03526 0.989616
 2.42189 -2.03526 0.989616
 2.42189 -2.03526 0.989616
 2.42189 -2.03526 0.989616
 2.42189 -2.07432 0.987731
 2.42189 -2.03526 0.989616
 2.42189 -2.03526 0.989616
 2.42196 -2.03533 0.98961
 2.42196 -2.03533 0.98961
 2.42196 -2.03533 0.98961
 2.4244 -2.03289 0.989595
 2.4244 -2.03289 0.989595
 2.42448 -2.03289 0.989592
 2.42502 -2.03289 0.989572
 2.42441 -2.03289 0.989595
 2.4244 -2.03289 0.989595
 2.42441 -2.03289 0.989595
 2.42441 -2.03289 0.989595
 2.42441 -2.03289 0.989595
 2.42441 -2.0335 0.989575
 2.42441 -2.03289 0.989595
 2.42441 -2.03289 0.989595
 2.42441 -2.03289 0.989595
 2.42441 -2.03289 0.989595
 2.42441 -2.03289 0.989595
 2.42189 -2.04014 0.98945
 2.42433 -2.0377 0.989433
 2.42448 -2.03778 0.989424
 2.42441 -2.04037 0.98933
 2.42257 -2.03793 0.989499
 2.42929 -2.03793 0.989196
 2.42936 -2.03778 0.989198
 -8.50242 -4.24969 0.911199
 2.42929 -2.0509 0.98859
 1.83458 8.94184 0.844194
 1.83458 8.94184 0.844194
 1.83458 8.94184 0.844194
 1.83458 8.94184 0.844194
 1.83458 8.94184 0.844194
 1.83458 8.94184 0.844194
 1.83458 8.94184 0.844194
 1.83458 8.94184 0.844194
 1.83442 8.94184 0.844178
 1.8346 8.94184 0.844196
 1.75053 8.94184 0.835691
 1.75053 8.94184 0.835691
