 2.42189 -2.03526 0.989616
 2.42189 -2.03526 0.989616
 2.42189 -2.03526 0.989616
 2.42189 -2.05479 0.988834
 2.42189 -2.03526 0.989616
 2.42189 -2.03526 0.989616
 2.42189 -2.03526 0.989616
 2.42189 -2.03526 0.989616
 2.42189 -2.03526 0.989616
 2.42189 -2.03526 0.989616
 2.42189 -2.03526 0.989616
 2.42196 -2.03533 0.98961
 2.42196 -2.03533 0.98961
 7.42196 -7.03533 0.437877
 2.4244 -2.03289 0.989595
 2.4244 -2.03289 0.989595
 2.4244 -2.03289 0.989595
 2.4244 -2.03289 0.989595
 2.4244 -2.03289 0.989595
 2.4244 -2.03289 0.989595
 2.42441 -2.03282 0.989598
 2.42471 -2.03259 0.989593
 2.42441 -2.03289 0.989595
 2.42441 -2.03289 0.989595
 2.42441 -2.03289 0.989595
 2.42441 -2.03289 0.989595
 2.42441 -2.03289 0.989595
 2.42441 -2.03289 0.989595
 2.42441 -2.03289 0.989595
 2.42448 -2.03289 0.989592
 2.42441 -2.0335 0.989575
 2.42502 -2.03289 0.989572
 2.42257 -2.04014 0.98942
 2.42189 -2.03793 0.989528
 2.42441 -2.04037 0.98933
 2.42433 -1.88145 0.985423
 -8.50241 -4.24969 0.911201
 2.42928 -2.0509 0.988591
 1.83458 8.94184 0.844194
 1.83458 8.94184 0.844194
 1.83458 8.94184 0.844194
 1.83458 8.94184 0.844194
 1.83458 9.01997 0.877935
 1.83458 8.94184 0.844194
 1.83458 8.94184 0.844194
 1.83458 8.94182 0.844185
 1.83458 8.94192 0.844232
 1.83458 8.94184 0.844194
 1.83458 8.94184 0.844194
 1.83458 8.94184 0.844194
