0	0.74175	0.000348117	6	0
1	0.889077	0.00035447	0	0
2	0.889077	0.00035447	0	0
3	0.939169	0.000355078	2	0
4	0.939169	0.000355078	0	0
5	0.939169	0.000355078	0	0
6	0.939169	0.000355078	2	0
7	0.944938	0.00035575	2	0
8	0.947482	0.000356185	2	0
9	0.947482	0.000356185	0	0
10	0.96194	0.000353652	2	0
11	0.964574	0.000355351	2	0
12	0.964574	0.000355351	0	0
13	0.964574	0.000355351	2	0
14	0.964574	0.000355351	2	0
15	0.964574	0.000355351	0	0
16	0.964574	0.000355351	2	0
17	0.968142	0.000355011	2	0
18	0.969333	0.000354915	2	0
19	0.969333	0.000354915	0	0
20	0.969333	0.000354915	2	0
21	0.969333	0.000354915	0	0
22	0.969333	0.000354915	2	0
23	0.969333	0.000354915	2	0
24	0.969333	0.000354915	2	0
25	0.969333	0.000354915	0	0
26	0.969444	0.00035472	2	0
27	0.969444	0.00035472	2	0
28	0.969602	0.00035467	2	0
29	0.969602	0.00035467	2	0
30	0.969602	0.00035467	2	0
31	0.969602	0.00035467	2	0
32	0.969602	0.00035467	2	0
33	0.969602	0.00035467	2	0
34	0.969602	0.00035467	2	0
35	0.969662	0.000354526	3	0
36	0.969662	0.000354526	2	0
37	0.969662	0.000354526	3	0
38	0.971652	0.000354577	3	0
39	0.971652	0.000354577	3	0
40	0.971652	0.000354577	3	0
41	0.971652	0.000354577	0	0
42	0.971652	0.000354577	3	0
43	0.971652	0.000354577	3	0
44	0.971652	0.000354577	3	0
45	0.971652	0.000354577	3	0
46	0.971652	0.000354577	3	0
47	0.971652	0.000354577	3	0
48	0.971652	0.000354577	3	0
49	0.971652	0.000354577	3	0
50	0.971652	0.000354577	3	0
51	0.971652	0.000354577	3	0
52	0.971652	0.000354577	3	0
53	0.971664	0.000354582	3	0
54	0.971664	0.000354582	3	0
55	0.971664	0.000354582	3	0
56	0.971664	0.000354582	3	0
57	0.971664	0.000354582	3	0
58	0.971664	0.000354582	3	0
59	0.971664	0.000354582	3	0
60	0.971664	0.000354582	3	0
61	0.971699	0.000354596	3	0
62	0.971699	0.000354596	3	0
63	0.971699	0.000354596	3	0
64	0.9717	0.000354597	3	0
65	0.9717	0.000354597	2	0
66	0.9717	0.000354597	3	0
67	0.971707	0.0003546	3	0
68	0.971747	0.000354848	4	0
69	0.971747	0.000354848	2	0
70	0.971747	0.000354848	4	0
71	0.971747	0.000354848	4	0
72	0.971747	0.000354848	2	0
73	0.971747	0.000354848	4	0
74	0.971747	0.000354848	4	0
75	0.971796	0.000354818	5	0
76	0.971856	0.000354758	4	0
77	0.971856	0.000354758	2	0
78	0.971856	0.000354758	4	0
79	0.971856	0.000354758	4	0
80	0.971856	0.000354758	4	0
81	0.971856	0.000354758	4	0
82	0.971856	0.000354758	4	0
83	0.971856	0.000354758	4	0
84	0.971856	0.000354758	4	0
85	0.971856	0.000354758	4	0
86	0.971856	0.000354758	4	0
87	0.971856	0.000354758	4	0
88	0.971859	0.000354753	4	0
89	0.971859	0.000354753	4	0
90	0.971859	0.000354753	4	0
91	0.971859	0.000354753	4	0
92	0.971859	0.000354753	4	0
93	0.971859	0.000354753	4	0
94	0.971859	0.000354753	4	0
95	0.971859	0.000354752	4	0
96	0.971863	0.00035473	4	0
97	0.971863	0.00035473	4	0
98	0.971863	0.00035473	4	0
99	0.971863	0.00035473	4	0
100	0.971863	0.00035473	4	0
