0	0.686409	0.000347171	4	0
1	0.686409	0.000347171	4	0
2	0.777717	0.000352851	2	0
3	0.777717	0.000352851	2	0
4	0.777717	0.000352851	2	0
5	0.811493	0.00035293	1	0
6	0.819698	0.00035241	1	0
7	0.819698	0.00035241	1	0
8	0.819698	0.00035241	1	0
9	0.853615	0.00035059	1	0
10	0.853615	0.00035059	1	0
11	0.853615	0.00035059	1	0
12	0.896002	0.000351654	6	0
13	0.896002	0.000351654	0	0
14	0.896002	0.000351654	1	0
15	0.896002	0.000351654	6	0
16	0.896002	0.000351654	1	0
17	0.896002	0.000351654	1	0
18	0.896002	0.000351654	6	0
19	0.896002	0.000351654	6	0
20	0.896002	0.000351654	6	0
21	0.896002	0.000351654	1	0
22	0.896002	0.000351654	2	0
23	0.896002	0.000351654	6	0
24	0.896002	0.000351654	1	0
25	0.896002	0.000351654	6	0
26	0.896002	0.000351654	6	0
27	0.896002	0.000351654	6	0
28	0.899235	0.000351849	6	0
29	0.899248	0.000351785	6	0
30	0.923547	0.000351989	6	0
31	0.949261	0.000353548	1	0
32	0.949261	0.000353548	1	0
33	0.949261	0.000353548	1	0
34	0.949261	0.000353548	1	0
35	0.949261	0.000353548	1	0
36	0.949261	0.000353548	1	0
37	0.949261	0.000353548	1	0
38	0.949261	0.000353548	1	0
39	0.949261	0.000353548	1	0
40	0.949261	0.000353548	1	0
41	0.949261	0.000353548	1	0
42	0.949261	0.000353548	1	0
43	0.949261	0.000353548	1	0
44	0.952003	0.000353395	1	0
45	0.952003	0.000353395	0	0
46	0.952003	0.000353395	0	0
47	0.952003	0.000353395	1	0
48	0.952003	0.000353395	1	0
49	0.952003	0.000353395	1	0
50	0.952984	0.000353248	1	0
51	0.952984	0.000353248	1	0
52	0.952984	0.000353248	1	0
53	0.952984	0.000353248	1	0
54	0.95386	0.000353478	2	0
55	0.95386	0.000353478	2	0
56	0.95386	0.000353478	2	0
57	0.95386	0.000353478	2	0
58	0.95386	0.000353478	2	0
59	0.95386	0.000353478	2	0
60	0.95386	0.000353478	2	0
61	0.954899	0.000353471	2	0
62	0.954899	0.000353471	1	0
63	0.954899	0.000353471	2	0
64	0.954899	0.000353471	2	0
65	0.954899	0.000353471	2	0
66	0.954899	0.000353471	2	0
67	0.954899	0.000353471	2	0
68	0.954899	0.000353471	2	0
69	0.954899	0.000353471	2	0
70	0.954942	0.000353464	2	0
71	0.954942	0.000353464	2	0
72	0.955279	0.000353493	1	0
73	0.956383	0.000353488	1	0
74	0.956383	0.000353488	0	0
75	0.956383	0.000353488	1	0
76	0.956383	0.000353488	1	0
77	0.956383	0.000353488	1	0
78	0.956383	0.000353488	1	0
79	0.956383	0.000353488	1	0
80	0.957392	0.000353614	2	0
81	0.957392	0.000353614	2	0
82	0.957392	0.000353614	2	0
83	0.957392	0.000353614	2	0
84	0.957392	0.000353614	2	0
85	0.957392	0.000353614	2	0
86	0.957392	0.000353614	2	0
87	0.957392	0.000353614	2	0
88	0.957392	0.000353614	2	0
89	0.957392	0.000353614	2	0
90	0.957486	0.000353612	2	0
91	0.957486	0.000353612	1	0
92	0.957486	0.000353612	2	0
93	0.958277	0.000354138	0	0
94	0.958482	0.000353612	3	0
95	0.95905	0.000354179	1	0
96	0.959901	0.000354185	1	0
97	0.96073	0.000353287	2	0
98	0.96073	0.000353287	2	0
99	0.966008	0.00035365	2	0
100	0.966008	0.00035365	2	0
