0	0.720285	0.000356692	1	0
1	0.825185	0.000352733	1	0
2	0.825185	0.000352733	1	0
3	0.936183	0.000353856	2	0
4	0.936183	0.000353856	5	0
5	0.936183	0.000353856	2	0
6	0.936183	0.000353856	2	0
7	0.9427	0.000353642	1	0
8	0.957175	0.000353697	2	0
9	0.957175	0.000353697	2	0
10	0.957175	0.000353697	2	0
11	0.957175	0.000353697	2	0
12	0.957885	0.000353673	2	0
13	0.96038	0.000354335	2	0
14	0.961924	0.000353911	1	0
15	0.961924	0.000353911	1	0
16	0.969241	0.000354221	3	0
17	0.969241	0.000354221	3	0
18	0.969241	0.000354221	3	0
19	0.976176	0.000353702	2	0
20	0.976176	0.000353702	1	0
21	0.976176	0.000353702	2	0
22	0.983233	0.000354203	1	0
23	0.983233	0.000354203	1	0
24	0.983233	0.000354203	1	0
25	0.983233	0.000354203	1	0
26	0.983233	0.000354203	1	0
27	0.983233	0.000354203	1	0
28	0.983233	0.000354203	1	0
29	0.983233	0.000354203	1	0
30	0.985454	0.000354412	1	0
31	0.985454	0.000354412	1	0
32	0.989055	0.000354019	1	0
33	0.989055	0.000354019	1	0
34	0.989055	0.000354019	1	0
35	0.989055	0.000354019	1	0
36	0.989055	0.000354019	1	0
37	0.989055	0.000354019	1	0
38	0.989055	0.000354019	1	0
39	0.989055	0.000354019	1	0
40	0.989381	0.000354049	2	0
41	0.989381	0.000354049	2	0
42	0.989743	0.000354091	2	0
43	0.992004	0.00035466	1	0
44	0.992004	0.00035466	1	0
45	0.992004	0.00035466	1	0
46	0.992004	0.00035466	1	0
47	0.992004	0.00035466	1	0
48	0.992189	0.00035469	2	0
49	0.992189	0.00035469	2	0
50	0.992297	0.000354677	2	0
51	0.992297	0.000354677	2	0
52	0.99245	0.000354746	4	0
53	0.99245	0.000354746	4	0
54	0.992864	0.000354891	3	0
55	0.992864	0.000354891	3	0
56	0.992864	0.000354891	2	0
57	0.992864	0.000354891	3	0
58	0.992864	0.000354891	3	0
59	0.992864	0.000354891	3	0
60	0.992992	0.000354842	1	0
61	0.992992	0.000354842	1	0
62	0.99367	0.000354706	3	0
63	0.99367	0.000354706	3	0
64	0.99367	0.000354706	3	0
65	0.99367	0.000354706	3	0
66	0.99367	0.000354706	3	0
67	0.99367	0.000354706	3	0
68	0.99367	0.000354706	3	0
69	0.993968	0.000354673	1	0
70	0.993968	0.000354673	1	0
71	0.994234	0.000354749	1	0
72	0.994234	0.000354749	1	0
73	0.994234	0.000354749	3	0
74	0.994234	0.000354749	1	0
75	0.994234	0.000354749	1	0
76	0.99443	0.000354786	4	0
77	0.99443	0.000354786	4	0
78	0.99443	0.000354786	4	0
79	0.99443	0.000354786	4	0
80	0.99443	0.000354786	4	0
81	0.99443	0.000354786	4	0
82	0.99443	0.000354786	4	0
83	0.99443	0.000354786	1	0
84	0.99443	0.000354786	4	0
85	0.99443	0.000354786	1	0
86	0.99443	0.000354786	2	0
87	0.99443	0.000354786	4	0
88	0.994535	0.000354702	2	0
89	0.994626	0.000354662	3	0
90	0.994626	0.000354662	1	0
91	0.994626	0.000354662	3	0
92	0.994826	0.000354714	1	0
93	0.994826	0.000354714	1	0
94	0.99491	0.000354681	3	0
95	0.99491	0.000354681	3	0
96	0.99491	0.000354681	3	0
97	0.995102	0.000354726	1	0
98	0.995102	0.000354726	1	0
99	0.995102	0.000354726	1	0
100	0.995102	0.000354726	1	0
