0	0.668405	0.000346889	1	0
1	0.67244	0.000350626	2	0
2	0.687738	0.000360251	0	0
3	0.932355	0.000352952	3	0
4	0.932355	0.000352952	3	0
5	0.932355	0.000352952	0	0
6	0.932355	0.000352952	1	0
7	0.932355	0.000352952	0	0
8	0.932355	0.000352952	0	0
9	0.932355	0.000352952	3	0
10	0.932355	0.000352952	3	0
11	0.932355	0.000352952	3	0
12	0.932355	0.000352952	3	0
13	0.932355	0.000352952	3	0
14	0.932355	0.000352952	3	0
15	0.932355	0.000352952	3	0
16	0.932355	0.000352952	3	0
17	0.932355	0.000352952	3	0
18	0.932355	0.000352952	3	0
19	0.932355	0.000352952	3	0
20	0.932355	0.000352952	3	0
21	0.932355	0.000352952	3	0
22	0.932355	0.000352952	3	0
23	0.932355	0.000352952	3	0
24	0.932355	0.000352952	3	0
25	0.932355	0.000352952	3	0
26	0.953977	0.000354739	2	0
27	0.953977	0.000354739	2	0
28	0.953977	0.000354739	2	0
29	0.953977	0.000354739	2	0
30	0.953977	0.000354739	2	0
31	0.953977	0.000354739	2	0
32	0.953977	0.000354739	2	0
33	0.953977	0.000354739	2	0
34	0.96779	0.000354071	0	0
35	0.96779	0.000354071	0	0
36	0.967812	0.000354074	0	0
37	0.967812	0.000354074	1	0
38	0.967812	0.000354074	2	0
39	0.967812	0.000354074	0	0
40	0.967812	0.000354074	0	0
41	0.967812	0.000354074	0	0
42	0.9702	0.000354408	0	0
43	0.9702	0.000354408	0	0
44	0.9702	0.000354408	0	0
45	0.97047	0.000355109	1	0
46	0.97047	0.000355109	1	0
47	0.97047	0.000355109	0	0
48	0.97047	0.000355109	1	0
49	0.970654	0.000354498	1	0
50	0.970654	0.000354498	1	0
51	0.970654	0.000354498	0	0
52	0.970654	0.000354498	0	0
53	0.970654	0.000354498	1	0
54	0.970654	0.000354498	1	0
55	0.970787	0.000354582	2	0
56	0.970787	0.000354582	2	0
57	0.970787	0.000354582	2	0
58	0.970791	0.000354584	2	0
59	0.970791	0.000354584	2	0
60	0.970791	0.000354584	2	0
61	0.970974	0.000354695	3	0
62	0.970974	0.000354695	3	0
63	0.971014	0.00035476	2	0
64	0.971014	0.00035476	2	0
65	0.971014	0.000354761	2	0
66	0.971014	0.000354762	2	0
67	0.971014	0.000354762	2	0
68	0.971014	0.000354762	2	0
69	0.971014	0.000354762	2	0
70	0.971014	0.000354762	2	0
71	0.971014	0.000354762	2	0
72	0.971014	0.000354762	2	0
73	0.971015	0.000354763	2	0
74	0.971062	0.000354675	4	0
75	0.971062	0.000354675	4	0
76	0.971096	0.000354854	2	0
77	0.971096	0.000354854	2	0
78	0.971096	0.000354854	2	0
79	0.971096	0.000354854	2	0
80	0.971126	0.000354786	2	0
81	0.971193	0.000354801	1	0
82	0.971193	0.000354801	2	0
83	0.971193	0.000354801	1	0
84	0.971309	0.000354809	1	0
85	0.971309	0.000354809	2	0
86	0.971309	0.000354809	1	0
87	0.97142	0.000354768	1	0
88	0.97142	0.000354768	1	0
89	0.97142	0.000354768	1	0
90	0.97142	0.000354768	1	0
91	0.97142	0.000354768	1	0
92	0.97142	0.000354768	1	0
93	0.971428	0.000354789	1	0
94	0.971428	0.000354789	1	0
95	0.971428	0.000354789	1	0
96	0.971428	0.000354789	1	0
97	0.971428	0.000354789	1	0
98	0.971428	0.000354789	1	0
99	0.971428	0.000354789	1	0
100	0.971428	0.000354789	1	0
