0	0.859292	0.000350198	3	0
1	0.859292	0.000350198	1	0
2	0.932355	0.000352952	3	0
3	0.932355	0.000352952	2	0
4	0.932355	0.000352952	3	0
5	0.932355	0.000352952	3	0
6	0.932355	0.000352952	3	0
7	0.934461	0.00035462	1	0
8	0.934461	0.00035462	1	0
9	0.948001	0.000356001	3	0
10	0.948001	0.000356001	3	0
11	0.948001	0.000356001	3	0
12	0.948001	0.000356001	3	0
13	0.948001	0.000356001	3	0
14	0.948001	0.000356001	3	0
15	0.948001	0.000356001	3	0
16	0.948001	0.000356001	3	0
17	0.948001	0.000356001	3	0
18	0.948001	0.000356001	3	0
19	0.956839	0.000355468	2	0
20	0.956839	0.000355468	2	0
21	0.956839	0.000355468	2	0
22	0.959358	0.000353925	2	0
23	0.959358	0.000353925	2	0
24	0.959358	0.000353925	2	0
25	0.959358	0.000353925	2	0
26	0.960939	0.000355046	2	0
27	0.960939	0.000355046	2	0
28	0.960939	0.000355046	2	0
29	0.960939	0.000355046	2	0
30	0.960939	0.000355046	2	0
31	0.960939	0.000355046	2	0
32	0.960939	0.000355046	2	0
33	0.961547	0.00035431	2	0
34	0.962919	0.000354305	4	0
35	0.962919	0.000354305	4	0
36	0.962919	0.000354305	4	0
37	0.965089	0.0003543	3	0
38	0.965089	0.0003543	2	0
39	0.965089	0.0003543	3	0
40	0.965089	0.0003543	3	0
41	0.965089	0.0003543	3	0
42	0.965089	0.0003543	3	0
43	0.965089	0.0003543	3	0
44	0.965089	0.0003543	3	0
45	0.965089	0.0003543	3	0
46	0.965089	0.0003543	3	0
47	0.965636	0.000354553	2	0
48	0.965636	0.000354553	2	0
49	0.965636	0.000354553	2	0
50	0.965636	0.000354553	2	0
51	0.965672	0.000354298	2	0
52	0.966254	0.000354556	2	0
53	0.966254	0.000354556	2	0
54	0.967027	0.000354519	3	0
55	0.967027	0.000354519	3	0
56	0.967751	0.000354729	3	0
57	0.967751	0.000354729	3	0
58	0.967751	0.000354729	3	0
59	0.967751	0.000354729	3	0
60	0.967751	0.000354729	3	0
61	0.968346	0.000354806	2	0
62	0.968346	0.000354806	2	0
63	0.968346	0.000354806	2	0
64	0.968346	0.000354806	2	0
65	0.968346	0.000354806	2	0
66	0.968346	0.000354806	2	0
67	0.968349	0.000354792	2	0
68	0.968394	0.000354794	2	0
69	0.968394	0.000354794	2	0
70	0.96855	0.000354753	2	0
71	0.969866	0.000355047	2	0
72	0.969866	0.000355047	2	0
73	0.970162	0.000354998	2	0
74	0.970162	0.000354998	2	0
75	0.970162	0.000354998	2	0
76	0.970162	0.000354998	2	0
77	0.970263	0.000354995	2	0
78	0.970628	0.000354885	2	0
79	0.970628	0.000354885	2	0
80	0.970628	0.000354885	2	0
81	0.970628	0.000354885	2	0
82	0.970628	0.000354885	2	0
83	0.970628	0.000354885	2	0
84	0.970783	0.0003548	3	0
85	0.970783	0.0003548	3	0
86	0.970913	0.00035471	4	0
87	0.970934	0.000354657	3	0
88	0.970998	0.000354724	4	0
89	0.970998	0.000354724	4	0
90	0.971015	0.000354723	4	0
91	0.971251	0.000354717	3	0
92	0.971251	0.000354717	3	0
93	0.971251	0.000354717	3	0
94	0.971251	0.000354717	3	0
95	0.971277	0.000354706	3	0
96	0.971324	0.000354668	2	0
97	0.971324	0.000354668	2	0
98	0.971324	0.000354668	4	0
99	0.971324	0.000354668	2	0
100	0.971382	0.000354631	2	0
