0	0.59336	0.000352236	0	0
1	0.59336	0.000352236	0	0
2	0.606113	0.000350287	0	0
3	0.606113	0.000350287	2	0
4	0.74175	0.000348117	6	0
5	0.949934	0.000354801	2	0
6	0.949934	0.000354801	2	0
7	0.949934	0.000354801	2	0
8	0.949934	0.000354801	2	0
9	0.949934	0.000354801	0	0
10	0.949934	0.000354801	0	0
11	0.949934	0.000354801	2	0
12	0.949934	0.000354801	2	0
13	0.949934	0.000354801	0	0
14	0.949934	0.000354801	1	0
15	0.957657	0.000355623	1	0
16	0.957657	0.000355623	1	0
17	0.957657	0.000355623	1	0
18	0.957657	0.000355623	1	0
19	0.957657	0.000355623	1	0
20	0.957657	0.000355623	1	0
21	0.957657	0.000355623	1	0
22	0.957657	0.000355623	1	0
23	0.957657	0.000355623	2	0
24	0.957657	0.000355623	0	0
25	0.957657	0.000355623	1	0
26	0.957657	0.000355623	1	0
27	0.957657	0.000355623	6	0
28	0.957657	0.000355623	0	0
29	0.957657	0.000355623	1	0
30	0.957657	0.000355623	1	0
31	0.957657	0.000355623	1	0
32	0.957657	0.000355623	1	0
33	0.957657	0.000355623	1	0
34	0.957657	0.000355623	1	0
35	0.957657	0.000355623	1	0
36	0.957657	0.000355623	1	0
37	0.957657	0.000355623	1	0
38	0.957657	0.000355623	1	0
39	0.957657	0.000355623	1	0
40	0.957657	0.000355623	1	0
41	0.957657	0.000355623	1	0
42	0.957657	0.000355623	1	0
43	0.957657	0.000355623	1	0
44	0.957657	0.000355623	1	0
45	0.957657	0.000355623	1	0
46	0.957657	0.000355623	1	0
47	0.957657	0.000355623	1	0
48	0.957657	0.000355623	1	0
49	0.957657	0.000355623	1	0
50	0.957657	0.000355623	1	0
51	0.963318	0.000354812	0	0
52	0.963318	0.000354812	0	0
53	0.963318	0.000354812	0	0
54	0.963318	0.000354812	0	0
55	0.963318	0.000354812	0	0
56	0.963318	0.000354812	0	0
57	0.963318	0.000354812	0	0
58	0.963318	0.000354812	0	0
59	0.963318	0.000354812	0	0
60	0.963318	0.000354812	0	0
61	0.963318	0.000354812	0	0
62	0.963318	0.000354812	0	0
63	0.963318	0.000354812	0	0
64	0.963318	0.000354812	0	0
65	0.963318	0.000354812	0	0
66	0.963318	0.000354812	0	0
67	0.963318	0.000354812	0	0
68	0.963318	0.000354812	0	0
69	0.963318	0.000354812	0	0
70	0.963318	0.000354812	0	0
71	0.963318	0.000354812	0	0
72	0.963318	0.000354812	0	0
73	0.963318	0.000354812	0	0
74	0.963318	0.000354812	0	0
75	0.963318	0.000354812	0	0
76	0.963318	0.000354812	0	0
77	0.963318	0.000354812	0	0
78	0.963318	0.000354812	0	0
79	0.963318	0.000354812	0	0
80	0.963318	0.000354812	0	0
81	0.963318	0.000354812	0	0
82	0.963318	0.000354812	0	0
83	0.963318	0.000354812	0	0
84	0.963318	0.000354812	0	0
85	0.963318	0.000354812	0	0
86	0.963318	0.000354812	0	0
87	0.963318	0.000354812	0	0
88	0.963318	0.000354812	0	0
89	0.963318	0.000354812	0	0
90	0.963318	0.000354812	0	0
91	0.963318	0.000354812	0	0
92	0.963318	0.000354812	0	0
93	0.963318	0.000354812	0	0
94	0.963318	0.000354812	0	0
95	0.963318	0.000354812	0	0
96	0.963318	0.000354812	0	0
97	0.963318	0.000354812	0	0
98	0.963318	0.000354812	0	0
99	0.963318	0.000354812	0	0
100	0.963318	0.000354812	0	0
