0	0.763837	0.000350249	0	0
1	0.925204	0.000355314	1	0
2	0.925204	0.000355314	0	0
3	0.932355	0.000352952	3	0
4	0.933687	0.000353315	1	0
5	0.933687	0.000353315	0	0
6	0.933687	0.000353315	0	0
7	0.933687	0.000353315	1	0
8	0.936144	0.000353804	1	0
9	0.936144	0.000353804	1	0
10	0.936144	0.000353804	1	0
11	0.936144	0.000353804	0	0
12	0.936144	0.000353804	1	0
13	0.963261	0.000353749	2	0
14	0.967189	0.000354063	2	0
15	0.967189	0.000354063	6	0
16	0.967189	0.000354063	2	0
17	0.969844	0.000354369	2	0
18	0.969844	0.000354369	2	0
19	0.969844	0.000354369	2	0
20	0.969844	0.000354369	2	0
21	0.969844	0.000354369	2	0
22	0.969844	0.000354369	2	0
23	0.969844	0.000354369	2	0
24	0.969844	0.000354369	2	0
25	0.969844	0.000354369	2	0
26	0.969844	0.000354369	2	0
27	0.969844	0.000354369	2	0
28	0.969844	0.000354369	2	0
29	0.969844	0.000354369	2	0
30	0.969844	0.000354369	2	0
31	0.970054	0.000355459	3	0
32	0.970054	0.000355459	3	0
33	0.970054	0.000355459	3	0
34	0.970054	0.000355459	3	0
35	0.970054	0.000355459	3	0
36	0.970054	0.000355459	3	0
37	0.970054	0.000355459	3	0
38	0.970054	0.000355459	3	0
39	0.970054	0.000355459	3	0
40	0.970054	0.000355459	3	0
41	0.970054	0.000355459	3	0
42	0.970054	0.000355459	3	0
43	0.970297	0.000355419	3	0
44	0.970297	0.000355419	3	0
45	0.970297	0.000355419	3	0
46	0.970297	0.000355419	3	0
47	0.970297	0.000355419	3	0
48	0.970297	0.000355419	3	0
49	0.970297	0.000355419	3	0
50	0.970297	0.000355419	3	0
51	0.970297	0.000355419	3	0
52	0.970297	0.000355419	3	0
53	0.970297	0.000355419	3	0
54	0.970297	0.000355419	3	0
55	0.970297	0.000355419	3	0
56	0.970297	0.000355419	3	0
57	0.970297	0.000355419	3	0
58	0.970297	0.000355419	3	0
59	0.970297	0.000355419	3	0
60	0.971663	0.00035504	2	0
61	0.971663	0.00035504	2	0
62	0.972503	0.00035495	5	0
63	0.972503	0.00035495	3	0
64	0.972503	0.00035495	0	0
65	0.972503	0.00035495	5	0
66	0.972503	0.00035495	3	1
67	0.972503	0.00035495	3	0
68	0.972503	0.00035495	5	0
69	0.972503	0.00035495	3	0
70	0.972503	0.00035495	3	0
71	0.972503	0.00035495	5	0
72	0.972503	0.00035495	5	0
73	0.972503	0.00035495	5	0
74	0.972503	0.00035495	5	0
75	0.972503	0.00035495	5	0
76	0.972503	0.00035495	5	0
77	0.972503	0.00035495	5	0
78	0.972503	0.00035495	5	0
79	0.972503	0.00035495	5	0
80	0.972503	0.00035495	5	0
81	0.972503	0.00035495	5	0
82	0.972503	0.00035495	5	0
83	0.972503	0.00035495	5	0
84	0.972503	0.00035495	5	0
85	0.972503	0.00035495	5	0
86	0.972503	0.00035495	5	0
87	0.972503	0.00035495	5	0
88	0.972503	0.00035495	5	0
89	0.972503	0.00035495	5	0
90	0.972503	0.00035495	5	0
91	0.972503	0.00035495	5	0
92	0.972503	0.00035495	5	0
93	0.972503	0.00035495	5	0
94	0.972503	0.00035495	5	0
95	0.972503	0.00035495	5	0
96	0.972503	0.00035495	5	0
97	0.972503	0.00035495	5	0
98	0.972503	0.00035495	5	0
99	0.972503	0.00035495	5	0
100	0.972503	0.00035495	5	0
