0.793605 0.398014 0.0813673
0.793503 0.397999 0.081356
0.793298 0.397969 0.0813335
0.792992 0.397925 0.0813002
0.792589 0.397866 0.0812566
0.792089 0.397792 0.0812032
0.791497 0.397703 0.0811407
0.790816 0.397598 0.0810699
0.790051 0.397478 0.0809916
0.789205 0.397343 0.0809066
0.788283 0.397191 0.0808157
0.787289 0.397025 0.0807198
0.786228 0.396842 0.0806196
0.785104 0.396644 0.0805159
0.783921 0.39643 0.0804093
0.782684 0.3962 0.0803004
0.781395 0.395956 0.0801899
0.78006 0.395696 0.080078
0.77868 0.395421 0.0799654
0.77726 0.395133 0.0798523
0.775802 0.39483 0.079739
0.77431 0.394513 0.0796258
0.772785 0.394183 0.0795128
0.77123 0.393841 0.0794003
0.769648 0.393486 0.0792883
0.768041 0.39312 0.0791768
0.76641 0.392743 0.0790661
0.764757 0.392355 0.0789559
0.763084 0.391957 0.0788464
0.761392 0.391549 0.0787376
0.759683 0.391132 0.0786294
0.757959 0.390707 0.0785218
0.756219 0.390274 0.0784147
0.754467 0.389834 0.0783081
0.752702 0.389386 0.0782019
0.750926 0.388932 0.0780961
0.749139 0.388472 0.0779906
0.747344 0.388006 0.0778855
0.745539 0.387534 0.0777805
0.743728 0.387058 0.0776758
0.741909 0.386577 0.0775712
0.740084 0.386091 0.0774668
0.738254 0.385602 0.0773625
0.73642 0.385109 0.0772582
0.734582 0.384612 0.0771541
0.73274 0.384113 0.0770501
0.730897 0.38361 0.0769462
0.729051 0.383105 0.0768425
0.727205 0.382597 0.0767389
0.725358 0.382087 0.0766356
0.723512 0.381574 0.0765325
0.721667 0.38106 0.0764299
0.719824 0.380544 0.0763276
0.717984 0.380026 0.076226
0.716148 0.379507 0.0761251
0.714316 0.378986 0.0760251
0.71249 0.378464 0.0759262
0.71067 0.377941 0.0758286
0.708859 0.377416 0.0757325
0.707056 0.37689 0.0756382
0.705263 0.376364 0.0755462
0.703483 0.375836 0.0754568
0.701715 0.375307 0.0753704
0.699963 0.374776 0.0752876
0.698227 0.374245 0.0752089
0.696511 0.373712 0.0751351
0.694816 0.373177 0.075067
0.693144 0.372641 0.0750053
0.691499 0.372102 0.0749512
0.689884 0.371561 0.0749057
0.688301 0.371017 0.0748702
0.686754 0.370469 0.0748461
0.685248 0.369917 0.074835
0.683786 0.36936 0.0748387
0.682372 0.368797 0.0748591
0.681012 0.368227 0.0748986
0.679709 0.367649 0.0749593
0.67847 0.36706 0.0750438
0.677298 0.36646 0.0751548
0.676198 0.365847 0.0752949
0.675176 0.365218 0.075467
0.674235 0.364572 0.0756738
0.673379 0.363907 0.0759179
0.672612 0.36322 0.0762018
0.671936 0.36251 0.0765276
0.671351 0.361774 0.0768973
0.670859 0.361011 0.0773121
0.67046 0.36022 0.077773
0.67015 0.359399 0.0782803
0.669929 0.358547 0.0788338
0.669793 0.357665 0.0794329
0.669737 0.356752 0.0800762
0.669758 0.355809 0.0807622
0.669851 0.354836 0.081489
0.67001 0.353835 0.0822542
0.67023 0.352806 0.0830554
0.670507 0.351751 0.0838901
0.670835 0.350672 0.0847556
0.671209 0.34957 0.0856493
0.671626 0.348446 0.0865686
0.672081 0.347304 0.0875111
0.67257 0.346143 0.0884743
0.67309 0.344966 0.0894559
0.673638 0.343775 0.0904539
0.67421 0.34257 0.0914662
0.674805 0.341353 0.0924909
0.67542 0.340126 0.0935264
0.676052 0.338889 0.094571
0.6767 0.337643 0.0956231
0.677363 0.336391 0.0966814
0.678038 0.335132 0.0977446
0.678725 0.333867 0.0988114
0.679423 0.332598 0.0998807
0.68013 0.331324 0.100951
0.680845 0.330047 0.102022
0.681569 0.328768 0.103093
0.682299 0.327486 0.104162
0.683036 0.326202 0.105228
0.683779 0.324917 0.106291
0.684528 0.32363 0.10735
0.685282 0.322343 0.108404
0.68604 0.321056 0.109452
0.686803 0.319768 0.110493
0.687571 0.318481 0.111527
0.688342 0.317193 0.112552
0.689118 0.315906 0.113569
0.689898 0.314619 0.114576
0.690681 0.313332 0.115572
0.691469 0.312045 0.116557
0.69226 0.310759 0.11753
0.693055 0.309473 0.118491
0.693855 0.308186 0.119438
0.694658 0.3069 0.120371
0.695465 0.305613 0.121289
0.696277 0.304325 0.122192
0.697093 0.303037 0.12308
0.697913 0.301747 0.123951
0.698739 0.300457 0.124805
0.699569 0.299164 0.125643
0.700404 0.297869 0.126463
0.701244 0.296572 0.127265
0.702089 0.295273 0.128049
0.70294 0.29397 0.128816
0.703795 0.292665 0.129564
0.704657 0.291356 0.130295
0.705524 0.290043 0.131007
0.706396 0.288726 0.131702
0.707274 0.287404 0.13238
0.708157 0.286079 0.13304
0.709045 0.284749 0.133684
0.709939 0.283414 0.134311
0.710837 0.282075 0.134923
0.71174 0.280731 0.135519
0.712648 0.279382 0.1361
0.713559 0.278029 0.136667
0.714475 0.276672 0.13722
0.715393 0.27531 0.13776
0.716315 0.273944 0.138288
0.717239 0.272574 0.138804
0.718166 0.2712 0.139309
0.719094 0.269823 0.139803
0.720023 0.268443 0.140287
0.720952 0.26706 0.140762
0.721881 0.265675 0.141229
0.72281 0.264287 0.141686
0.723737 0.262899 0.142137
0.724663 0.261509 0.14258
0.725586 0.260118 0.143016
0.726505 0.258728 0.143447
0.727421 0.257338 0.143871
0.728333 0.255948 0.14429
0.729239 0.25456 0.144705
0.73014 0.253174 0.145115
0.731034 0.251791 0.145521
0.731921 0.25041 0.145923
0.732801 0.249034 0.146322
0.733672 0.247662 0.146717
0.734534 0.246295 0.14711
0.735387 0.244934 0.147501
0.736229 0.24358 0.147889
0.737061 0.242233 0.148276
0.737881 0.240895 0.14866
0.738689 0.239567 0.149044
0.739484 0.238249 0.149426
0.740266 0.236942 0.149806
0.741034 0.235649 0.150186
0.741788 0.234369 0.150566
0.742527 0.233106 0.150945
0.74325 0.231859 0.151323
0.743957 0.230632 0.151701
0.744648 0.229425 0.15208
0.745321 0.22824 0.152458
0.745976 0.227081 0.152836
0.746612 0.225948 0.153216
0.74723 0.224845 0.153595
0.747827 0.223774 0.153976
0.748404 0.222737 0.154357
0.74896 0.221739 0.15474
0.749494 0.220781 0.155124
0.750006 0.219867 0.15551
0.750494 0.219 0.155899
0.750959 0.218183 0.156289
0.751398 0.21742 0.156682
0.751813 0.216715 0.157079
0.752201 0.21607 0.157479
0.752562 0.215489 0.157883
0.752897 0.214975 0.158291
0.753203 0.21453 0.158705
0.753482 0.214157 0.159124
0.753732 0.213859 0.159549
0.753953 0.213638 0.15998
0.754145 0.213493 0.160419
0.754308 0.213428 0.160864
0.754443 0.213441 0.161317
0.754549 0.213533 0.161778
0.754626 0.213704 0.162247
0.754676 0.213952 0.162725
0.754698 0.214275 0.163211
0.754693 0.214672 0.163705
0.754663 0.21514 0.164207
0.754608 0.215677 0.164717
0.754528 0.21628 0.165235
0.754424 0.216946 0.16576
0.754298 0.21767 0.166293
0.754151 0.218451 0.166831
0.753982 0.219285 0.167375
0.753793 0.220167 0.167925
0.753585 0.221096 0.168478
0.753359 0.222067 0.169036
0.753115 0.223078 0.169598
0.752854 0.224125 0.170161
0.752577 0.225205 0.170727
0.752284 0.226317 0.171294
0.751976 0.227457 0.171862
0.751654 0.228622 0.172429
0.751319 0.229811 0.172997
0.75097 0.231021 0.173563
0.750608 0.232251 0.174128
0.750235 0.233498 0.174691
0.74985 0.234761 0.175252
0.749454 0.236038 0.17581
0.749048 0.237328 0.176365
0.748632 0.238629 0.176916
0.748208 0.23994 0.177464
0.747774 0.241259 0.178008
0.747333 0.242586 0.178548
0.746884 0.24392 0.179083
0.746429 0.245259 0.179614
0.745968 0.246602 0.18014
0.745502 0.247949 0.180661
0.745032 0.249299 0.181178
0.744558 0.25065 0.181689
0.744082 0.252002 0.182194
0.743604 0.253353 0.182694
0.743126 0.254704 0.183189
0.742648 0.256052 0.183677
0.742172 0.257398 0.18416
0.741698 0.25874 0.184636
0.741228 0.260077 0.185106
0.740764 0.261408 0.185569
0.740306 0.262733 0.186025
0.739856 0.264049 0.186474
0.739416 0.265357 0.186916
0.738988 0.266655 0.187349
0.738572 0.267942 0.187775
0.738171 0.269217 0.188192
0.737788 0.270478 0.1886
0.737423 0.271725 0.188998
0.73708 0.272955 0.189387
0.736761 0.274169 0.189766
0.736468 0.275364 0.190133
0.736203 0.276539 0.19049
0.73597 0.277694 0.190835
0.735772 0.278826 0.191168
0.73561 0.279935 0.191488
0.735488 0.28102 0.191795
0.735408 0.28208 0.192089
0.735375 0.283113 0.192368
0.735389 0.284121 0.192633
0.735453 0.2851 0.192884
0.735571 0.286053 0.193119
0.735744 0.286978 0.19334
0.735974 0.287875 0.193545
0.736262 0.288745 0.193735
0.73661 0.289589 0.19391
0.737018 0.290406 0.194069
0.737486 0.291199 0.194213
0.738015 0.291967 0.194343
0.738604 0.292712 0.194459
0.739253 0.293436 0.19456
0.739959 0.29414 0.194648
0.740721 0.294825 0.194722
0.741538 0.295493 0.194784
0.742407 0.296145 0.194834
0.743326 0.296782 0.194873
0.744292 0.297407 0.1949
0.745304 0.29802 0.194917
0.746358 0.298623 0.194924
0.747451 0.299216 0.194922
0.748581 0.299802 0.194911
0.749746 0.30038 0.194891
0.750942 0.300953 0.194863
0.752168 0.30152 0.194828
0.753421 0.302082 0.194785
0.754698 0.302641 0.194736
0.755998 0.303196 0.194679
0.757318 0.303749 0.194617
0.758656 0.304299 0.194549
0.76001 0.304848 0.194475
0.76138 0.305395 0.194395
0.762762 0.305941 0.19431
0.764155 0.306486 0.19422
0.765558 0.30703 0.194126
0.766969 0.307573 0.194026
0.768387 0.308116 0.193922
0.76981 0.308659 0.193813
0.771237 0.309202 0.193701
0.772667 0.309744 0.193583
0.774098 0.310286 0.193462
0.775529 0.310828 0.193337
0.77696 0.311369 0.193207
0.778388 0.311911 0.193074
0.779812 0.312452 0.192937
0.781231 0.312992 0.192796
0.782644 0.313532 0.192651
0.784049 0.314072 0.192503
0.785444 0.314611 0.192351
0.786829 0.315149 0.192194
0.788201 0.315686 0.192034
0.789558 0.316221 0.191871
0.7909 0.316756 0.191703
0.792223 0.317289 0.191531
0.793525 0.31782 0.191354
0.794804 0.318349 0.191174
0.796057 0.318876 0.190988
0.797282 0.319401 0.190798
0.798476 0.319924 0.190602
0.799634 0.320444 0.190401
0.800754 0.320961 0.190194
0.801832 0.321476 0.189979
0.802864 0.321987 0.189758
0.803846 0.322496 0.189529
0.804774 0.323002 0.189291
0.805642 0.323505 0.189043
0.806447 0.324007 0.188785
0.807184 0.324505 0.188515
0.807849 0.325003 0.188232
0.808438 0.325499 0.187936
0.808947 0.325994 0.187625
0.809373 0.32649 0.187298
0.809714 0.326986 0.186955
0.809966 0.327484 0.186593
0.810131 0.327984 0.186213
0.810206 0.328487 0.185814
0.810192 0.328993 0.185395
0.810091 0.329505 0.184957
0.809905 0.330021 0.184498
0.809636 0.330543 0.18402
0.809289 0.33107 0.183523
0.808865 0.331604 0.183006
0.80837 0.332144 0.182472
0.807808 0.33269 0.18192
0.807184 0.333242 0.181352
0.8065 0.3338 0.180768
0.805763 0.334364 0.180171
0.804976 0.334933 0.17956
0.804142 0.335507 0.178937
0.803267 0.336086 0.178302
0.802352 0.33667 0.177658
0.801403 0.337257 0.177004
0.800421 0.337848 0.176342
0.799409 0.338442 0.175673
0.798371 0.339039 0.174997
0.797307 0.339638 0.174316
0.796222 0.340239 0.173629
0.795115 0.340842 0.172938
0.79399 0.341446 0.172242
0.792847 0.342052 0.171544
0.791689 0.342658 0.170842
0.790516 0.343265 0.170137
0.789329 0.343873 0.169431
0.788131 0.34448 0.168722
0.786921 0.345088 0.168012
0.7857 0.345696 0.1673
0.784471 0.346303 0.166588
0.783232 0.346911 0.165874
0.781985 0.347518 0.165159
0.780731 0.348124 0.164444
0.77947 0.34873 0.163728
0.778202 0.349336 0.163011
0.776929 0.349941 0.162293
0.77565 0.350545 0.161575
0.774366 0.351149 0.160857
0.773078 0.351752 0.160137
0.771785 0.352355 0.159418
0.770489 0.352957 0.158697
0.76919 0.353558 0.157975
0.767887 0.354159 0.157253
0.766582 0.35476 0.15653
0.765274 0.35536 0.155805
0.763964 0.355961 0.155079
0.762652 0.35656 0.154352
0.761338 0.35716 0.153624
0.760023 0.35776 0.152894
0.758707 0.35836 0.152162
0.757389 0.358959 0.151428
0.756071 0.35956 0.150692
0.754752 0.36016 0.149954
0.753433 0.360761 0.149214
0.752113 0.361362 0.148471
0.750794 0.361964 0.147726
0.749474 0.362566 0.146977
0.748155 0.363169 0.146226
0.746836 0.363773 0.145472
0.745517 0.364378 0.144714
0.744198 0.364984 0.143954
0.742881 0.365591 0.14319
0.741564 0.366199 0.142422
0.740247 0.366809 0.141651
0.738932 0.36742 0.140876
0.737617 0.368032 0.140097
0.736304 0.368646 0.139314
0.734991 0.369261 0.138528
0.733679 0.369877 0.137737
0.732369 0.370496 0.136943
0.731059 0.371116 0.136145
0.729751 0.371737 0.135342
0.728444 0.372361 0.134536
0.727138 0.372986 0.133725
0.725833 0.373612 0.132911
0.724529 0.374241 0.132093
0.723227 0.374871 0.13127
0.721927 0.375503 0.130445
0.720627 0.376137 0.129615
0.71933 0.376772 0.128782
0.718034 0.377409 0.127946
0.716739 0.378048 0.127106
0.715446 0.378688 0.126263
0.714156 0.37933 0.125417
0.712867 0.379974 0.124569
0.71158 0.380619 0.123718
0.710295 0.381266 0.122864
0.709013 0.381915 0.122009
0.707734 0.382565 0.121151
0.706457 0.383216 0.120292
0.705183 0.383869 0.119431
0.703913 0.384523 0.11857
0.702646 0.385179 0.117708
0.701383 0.385836 0.116845
0.700124 0.386494 0.115982
0.698869 0.387154 0.11512
0.697619 0.387815 0.114259
0.696375 0.388478 0.113398
0.695136 0.389142 0.11254
0.693903 0.389808 0.111683
0.692677 0.390476 0.110829
0.691458 0.391145 0.109979
0.690246 0.391816 0.109132
0.689043 0.39249 0.108289
0.687849 0.393165 0.107452
0.686665 0.393843 0.10662
0.685491 0.394524 0.105795
0.684328 0.395207 0.104977
0.683178 0.395894 0.104168
0.68204 0.396584 0.103367
0.680917 0.397279 0.102577
0.679808 0.397978 0.101797
0.678716 0.398682 0.101029
0.677641 0.399392 0.100274
0.676584 0.400109 0.0995338
0.675546 0.400833 0.0988083
0.674529 0.401565 0.0980993
0.673534 0.402305 0.0974078
0.672562 0.403056 0.0967352
0.671614 0.403818 0.0960826
0.670692 0.404591 0.0954511
0.669796 0.405378 0.0948421
0.668927 0.406179 0.0942565
0.668087 0.406996 0.0936956
0.667277 0.40783 0.0931602
0.666497 0.408682 0.0926514
0.665748 0.409554 0.0921699
0.66503 0.410446 0.0917163
0.664344 0.41136 0.0912914
0.66369 0.412297 0.0908954
0.663068 0.413258 0.0905286
0.662478 0.414244 0.090191
0.66192 0.415254 0.0898827
0.661392 0.416291 0.0896034
0.660894 0.417354 0.0893526
0.660426 0.418444 0.08913
0.659986 0.41956 0.0889347
0.659573 0.420703 0.0887662
0.659187 0.421872 0.0886234
0.658825 0.423066 0.0885056
0.658487 0.424285 0.0884117
0.658171 0.425528 0.0883408
0.657876 0.426795 0.0882917
0.657601 0.428084 0.0882635
0.657344 0.429395 0.0882553
0.657104 0.430725 0.0882659
0.656879 0.432075 0.0882945
0.65667 0.433443 0.0883401
0.656473 0.434827 0.0884019
0.656289 0.436227 0.0884792
0.656117 0.437641 0.0885712
0.655954 0.439068 0.0886772
0.655802 0.440507 0.0887967
0.655657 0.441957 0.0889291
0.655521 0.443417 0.089074
0.655392 0.444885 0.0892309
0.65527 0.446361 0.0893994
0.655154 0.447844 0.0895794
0.655042 0.449332 0.0897706
0.654936 0.450825 0.0899727
0.654835 0.452323 0.0901857
0.654737 0.453824 0.0904094
0.654643 0.455327 0.0906438
0.654552 0.456832 0.0908889
0.654464 0.458339 0.0911447
0.654379 0.459846 0.0914113
0.654296 0.461353 0.0916886
0.654216 0.462859 0.0919769
0.654137 0.464365 0.0922762
0.65406 0.465869 0.0925866
0.653985 0.467372 0.0929084
0.653911 0.468872 0.0932416
0.653838 0.47037 0.0935864
0.653767 0.471865 0.093943
0.653696 0.473357 0.0943115
0.653627 0.474846 0.094692
0.653559 0.476332 0.0950848
0.653492 0.477813 0.0954899
0.653425 0.479291 0.0959074
0.65336 0.480765 0.0963374
0.653295 0.482235 0.09678
0.653232 0.483701 0.0972353
0.653169 0.485163 0.0977032
0.653107 0.48662 0.0981838
0.653047 0.488073 0.098677
0.652987 0.489522 0.0991827
0.652929 0.490967 0.0997008
0.652872 0.492407 0.100231
0.652816 0.493843 0.100774
0.652762 0.495275 0.101328
0.65271 0.496703 0.101895
0.652659 0.498126 0.102472
0.652611 0.499545 0.103061
0.652564 0.500959 0.10366
0.652521 0.502369 0.10427
0.65248 0.503775 0.10489
0.652442 0.505176 0.105519
0.652407 0.506572 0.106158
0.652375 0.507964 0.106805
0.652348 0.509351 0.10746
0.652325 0.510733 0.108122
0.652306 0.51211 0.108792
0.652292 0.513481 0.109467
0.652284 0.514847 0.110149
0.652282 0.516208 0.110835
0.652287 0.517562 0.111526
0.652298 0.51891 0.112221
0.652317 0.520252 0.112919
0.652345 0.521587 0.11362
0.652381 0.522916 0.114322
0.652427 0.524237 0.115025
0.652483 0.52555 0.115729
0.652551 0.526856 0.116433
0.65263 0.528153 0.117135
0.652722 0.529443 0.117837
0.652828 0.530723 0.118537
0.652948 0.531995 0.119234
0.653084 0.533258 0.119929
0.653235 0.534511 0.12062
0.653404 0.535755 0.121308
0.65359 0.536989 0.121992
0.653795 0.538212 0.122672
0.654019 0.539426 0.123349
0.654263 0.540629 0.124021
0.654528 0.541821 0.124689
0.654814 0.543002 0.125354
0.655122 0.544172 0.126015
0.655453 0.545331 0.126674
0.655805 0.546477 0.127329
0.656181 0.547612 0.127983
0.656581 0.548734 0.128635
0.657004 0.549843 0.129286
0.65745 0.550939 0.129937
0.65792 0.552022 0.130589
0.658414 0.55309 0.131242
0.658932 0.554144 0.131896
0.659474 0.555183 0.132554
0.66004 0.556207 0.133215
0.660629 0.557216 0.13388
0.661242 0.558208 0.13455
0.661878 0.559184 0.135226
0.662538 0.560144 0.135908
0.66322 0.561086 0.136596
0.663926 0.562012 0.137292
0.664654 0.56292 0.137996
0.665405 0.563811 0.138708
0.666178 0.564684 0.139429
0.666972 0.565539 0.140158
0.667789 0.566377 0.140897
0.668626 0.567198 0.141645
0.669484 0.568001 0.142403
0.670363 0.568787 0.14317
0.671262 0.569555 0.143946
0.672181 0.570307 0.144732
0.673119 0.571042 0.145528
0.674076 0.57176 0.146333
0.675051 0.572462 0.147147
0.676044 0.573148 0.14797
0.677055 0.573819 0.148802
0.678083 0.574473 0.149643
0.679128 0.575113 0.150491
0.680189 0.575737 0.151348
0.681265 0.576347 0.152213
0.682358 0.576942 0.153086
0.683465 0.577523 0.153965
0.684587 0.578091 0.154852
0.685722 0.578645 0.155746
0.686872 0.579185 0.156646
0.688036 0.579713 0.157553
0.689212 0.580228 0.158466
0.690401 0.58073 0.159385
0.691603 0.581221 0.160309
0.692817 0.5817 0.161239
0.694042 0.582168 0.162175
0.695279 0.582625 0.163116
0.696528 0.583071 0.164061
0.697786 0.583508 0.165012
0.699056 0.583934 0.165968
0.700336 0.584351 0.166928
0.701625 0.584759 0.167892
0.702924 0.585159 0.168861
0.704233 0.58555 0.169834
0.70555 0.585934 0.170812
0.706876 0.58631 0.171793
0.70821 0.586678 0.172778
0.709552 0.587041 0.173766
0.710902 0.587397 0.174759
0.712259 0.587747 0.175755
0.713624 0.588091 0.176754
0.714995 0.58843 0.177756
0.716372 0.588764 0.178762
0.717756 0.589093 0.17977
0.719146 0.589418 0.180782
0.720541 0.589739 0.181797
0.721942 0.590056 0.182814
0.723348 0.590369 0.183834
0.724758 0.590679 0.184856
0.726173 0.590986 0.185881
0.727593 0.591291 0.186908
0.729017 0.591592 0.187938
0.730444 0.591891 0.188969
0.731875 0.592187 0.190003
0.73331 0.592482 0.191039
0.734747 0.592774 0.192076
0.736188 0.593064 0.193116
0.737632 0.593353 0.194157
0.739078 0.59364 0.195201
0.740527 0.593925 0.196245
0.741978 0.594209 0.197292
0.743431 0.594492 0.19834
0.744886 0.594774 0.199389
0.746343 0.595054 0.20044
0.747802 0.595333 0.201492
0.749262 0.595612 0.202546
0.750724 0.595889 0.2036
0.752187 0.596165 0.204657
0.753651 0.596441 0.205714
0.755117 0.596716 0.206772
0.756583 0.596989 0.207832
0.75805 0.597263 0.208892
0.759518 0.597535 0.209954
0.760986 0.597807 0.211016
0.762455 0.598079 0.21208
0.763924 0.598349 0.213144
0.765394 0.598619 0.21421
0.766864 0.598889 0.215276
0.768335 0.599158 0.216343
0.769805 0.599426 0.217411
0.771275 0.599694 0.21848
0.772746 0.599962 0.219549
0.774216 0.600229 0.220619
0.775686 0.600495 0.22169
0.777156 0.600761 0.222762
0.778625 0.601026 0.223834
0.780094 0.601291 0.224907
0.781563 0.601556 0.22598
0.783031 0.60182 0.227054
0.784498 0.602083 0.228129
0.785965 0.602346 0.229204
0.787431 0.602609 0.230279
0.788896 0.602871 0.231355
0.790361 0.603133 0.232432
0.791824 0.603394 0.233508
0.793286 0.603655 0.234585
0.794747 0.603915 0.235663
0.796208 0.604174 0.236741
0.797666 0.604434 0.237818
0.799124 0.604692 0.238896
0.80058 0.60495 0.239975
0.802035 0.605208 0.241053
0.803488 0.605465 0.242131
0.80494 0.605722 0.243209
0.80639 0.605978 0.244288
0.807838 0.606233 0.245366
0.809284 0.606488 0.246444
0.810728 0.606742 0.247521
0.812171 0.606995 0.248599
0.813611 0.607248 0.249675
0.815049 0.607501 0.250752
0.816485 0.607752 0.251828
0.817918 0.608003 0.252903
0.819348 0.608253 0.253977
0.820776 0.608502 0.255051
0.822202 0.608751 0.256124
0.823624 0.608998 0.257195
0.825043 0.609245 0.258266
0.826459 0.609491 0.259335
0.827872 0.609736 0.260403
0.829282 0.60998 0.261469
0.830688 0.610223 0.262534
0.83209 0.610464 0.263597
0.833488 0.610705 0.264658
0.834882 0.610944 0.265717
0.836272 0.611182 0.266773
0.837657 0.611418 0.267828
0.839038 0.611653 0.268879
0.840414 0.611886 0.269928
0.841785 0.612118 0.270974
0.84315 0.612347 0.272017
0.84451 0.612575 0.273056
0.845864 0.6128 0.274092
0.847212 0.613023 0.275124
0.848554 0.613244 0.276152
0.849889 0.613462 0.277175
0.851217 0.613677 0.278193
0.852537 0.613888 0.279207
0.853849 0.614097 0.280215
0.855153 0.614302 0.281218
0.856449 0.614503 0.282214
0.857734 0.614701 0.283205
0.859011 0.614894 0.284188
0.860276 0.615082 0.285164
0.861531 0.615266 0.286133
0.862773 0.615444 0.287093
0.864003 0.615618 0.288045
0.86522 0.615786 0.288988
0.866422 0.615947 0.289922
0.867609 0.616103 0.290845
0.868779 0.616253 0.291758
0.869931 0.616396 0.29266
0.871065 0.616532 0.29355
0.872178 0.616661 0.294428
0.87327 0.616783 0.295294
0.874337 0.616898 0.296146
0.87538 0.617006 0.296984
0.876396 0.617106 0.297809
0.877382 0.617198 0.298618
0.878337 0.617283 0.299413
0.879258 0.617361 0.300191
0.880143 0.617432 0.300954
0.880989 0.617496 0.301701
0.881794 0.617553 0.302431
0.882555 0.617603 0.303143
0.883269 0.617648 0.303839
0.883933 0.617686 0.304518
0.884544 0.617719 0.30518
0.8851 0.617747 0.305824
0.885597 0.617771 0.306452
0.886034 0.61779 0.307063
0.886407 0.617804 0.307657
0.886715 0.617815 0.308236
0.886956 0.617823 0.308798
0.887128 0.617826 0.309346
0.887231 0.617826 0.309878
0.887263 0.617822 0.310397
0.887225 0.617814 0.310902
0.887117 0.617801 0.311393
0.88694 0.617783 0.311872
0.886695 0.617758 0.312338
0.886382 0.617727 0.312793
0.886005 0.617688 0.313235
0.885565 0.61764 0.313666
0.885064 0.617583 0.314086
0.884506 0.617514 0.314494
0.883891 0.617433 0.314892
0.883224 0.617339 0.315278
0.882507 0.617231 0.315654
0.881742 0.617107 0.316018
0.880932 0.616966 0.316371
0.88008 0.616808 0.316713
0.879188 0.616632 0.317043
0.878258 0.616436 0.317363
0.877293 0.61622 0.317671
0.876293 0.615984 0.317967
0.875263 0.615727 0.318253
0.874202 0.615449 0.318527
0.873113 0.615149 0.31879
0.871998 0.614827 0.319042
0.870857 0.614483 0.319283
0.869692 0.614117 0.319514
0.868504 0.61373 0.319734
0.867295 0.613321 0.319944
0.866065 0.612891 0.320144
0.864815 0.61244 0.320335
0.863547 0.611969 0.320516
0.86226 0.611478 0.320689
0.860957 0.610968 0.320853
0.859638 0.610439 0.321009
0.858303 0.609892 0.321157
0.856953 0.609327 0.321298
0.855589 0.608747 0.321432
0.854211 0.60815 0.321559
0.852821 0.607538 0.32168
0.851418 0.606911 0.321795
0.850004 0.606271 0.321904
0.848578 0.605617 0.322008
0.847142 0.604951 0.322107
0.845696 0.604273 0.322201
0.84424 0.603584 0.322291
0.842776 0.602884 0.322377
0.841302 0.602175 0.32246
0.83982 0.601456 0.322538
0.838331 0.600728 0.322613
0.836834 0.599992 0.322685
0.83533 0.599248 0.322754
0.83382 0.598497 0.322821
0.832303 0.597739 0.322885
0.83078 0.596975 0.322946
0.829252 0.596204 0.323005
0.827718 0.595428 0.323062
0.82618 0.594646 0.323117
0.824637 0.59386 0.323171
0.823089 0.593068 0.323222
0.821537 0.592273 0.323272
0.819981 0.591473 0.32332
0.818422 0.59067 0.323367
0.816859 0.589863 0.323413
0.815293 0.589053 0.323457
0.813724 0.58824 0.3235
0.812151 0.587423 0.323542
0.810577 0.586605 0.323583
0.808999 0.585783 0.323622
0.80742 0.58496 0.323661
0.805838 0.584134 0.323699
0.804254 0.583306 0.323736
0.802668 0.582477 0.323772
0.80108 0.581646 0.323807
0.799491 0.580813 0.323842
0.7979 0.579979 0.323876
0.796308 0.579144 0.323909
0.794714 0.578307 0.323941
0.79312 0.57747 0.323973
0.791524 0.576631 0.324004
0.789927 0.575792 0.324035
0.788329 0.574952 0.324065
0.786731 0.574111 0.324094
0.785132 0.57327 0.324123
0.783532 0.572428 0.324151
0.781931 0.571586 0.324179
0.780331 0.570744 0.324207
0.778729 0.569901 0.324233
0.777128 0.569058 0.32426
0.775526 0.568216 0.324285
0.773924 0.567373 0.324311
0.772322 0.56653 0.324336
0.770719 0.565688 0.32436
0.769117 0.564845 0.324384
0.767515 0.564004 0.324408
0.765913 0.563162 0.324431
0.764311 0.562321 0.324454
0.762709 0.56148 0.324476
0.761108 0.56064 0.324498
0.759507 0.559801 0.32452
0.757906 0.558963 0.324541
0.756305 0.558125 0.324562
0.754705 0.557288 0.324582
0.753106 0.556452 0.324602
0.751507 0.555618 0.324622
0.749908 0.554784 0.324641
0.74831 0.553952 0.32466
0.746713 0.55312 0.324679
0.745116 0.552291 0.324697
0.74352 0.551462 0.324715
0.741925 0.550635 0.324732
0.74033 0.54981 0.324749
0.738736 0.548986 0.324766
0.737143 0.548165 0.324782
0.73555 0.547344 0.324798
0.733959 0.546526 0.324814
0.732368 0.54571 0.324829
0.730778 0.544896 0.324844
0.729188 0.544084 0.324858
0.7276 0.543275 0.324873
0.726012 0.542468 0.324886
0.724425 0.541663 0.3249
0.722839 0.54086 0.324913
0.721254 0.540061 0.324926
0.71967 0.539264 0.324938
0.718086 0.538469 0.32495
0.716503 0.537678 0.324962
0.714921 0.536889 0.324973
0.71334 0.536104 0.324984
0.71176 0.535321 0.324994
0.71018 0.534542 0.325004
0.708601 0.533765 0.325013
0.707023 0.532992 0.325022
0.705446 0.532222 0.325031
0.70387 0.531456 0.325039
0.702294 0.530693 0.325046
0.700719 0.529933 0.325052
0.699145 0.529177 0.325058
0.697572 0.528424 0.325063
0.696 0.527674 0.325068
0.694429 0.526928 0.325071
0.692859 0.526186 0.325073
0.69129 0.525447 0.325074
0.689722 0.524711 0.325074
0.688156 0.523979 0.325073
0.686591 0.52325 0.32507
0.685028 0.522525 0.325066
0.683466 0.521803 0.325059
0.681906 0.521084 0.325051
0.680348 0.520368 0.325041
0.678792 0.519655 0.325028
0.677239 0.518946 0.325013
0.675688 0.518239 0.324995
0.674141 0.517535 0.324974
0.672596 0.516834 0.324949
0.671055 0.516135 0.324921
0.669517 0.515438 0.32489
0.667983 0.514744 0.324854
0.666454 0.514051 0.324814
0.664929 0.513361 0.324769
0.663409 0.512672 0.324719
0.661894 0.511984 0.324664
0.660384 0.511298 0.324604
0.658881 0.510612 0.324537
0.657383 0.509927 0.324464
0.655892 0.509242 0.324385
0.654408 0.508557 0.324299
0.65293 0.507872 0.324206
0.65146 0.507186 0.324106
0.649998 0.5065 0.323998
0.648544 0.505812 0.323883
0.647099 0.505123 0.32376
0.645662 0.504432 0.323629
0.644234 0.503739 0.32349
0.642815 0.503043 0.323344
0.641406 0.502344 0.323189
0.640008 0.501643 0.323026
0.638619 0.500938 0.322856
0.637242 0.500228 0.322677
0.635876 0.499515 0.322492
0.634523 0.498797 0.322299
0.633181 0.498074 0.322098
0.631853 0.497346 0.321891
0.630538 0.496612 0.321678
0.629237 0.495872 0.321458
0.627951 0.495124 0.321232
0.62668 0.49437 0.321001
0.625426 0.493608 0.320765
0.624189 0.492837 0.320524
0.622969 0.492057 0.320278
0.621767 0.491268 0.320028
0.620585 0.490468 0.319775
0.619423 0.489657 0.319518
0.618281 0.488835 0.319259
0.61716 0.487999 0.318997
0.616061 0.487151 0.318732
0.614984 0.486288 0.318466
0.61393 0.48541 0.318197
0.612899 0.484517 0.317928
0.611892 0.483607 0.317657
0.610908 0.48268 0.317385
0.609948 0.481736 0.317113
0.609012 0.480773 0.31684
0.6081 0.479791 0.316567
0.607211 0.47879 0.316293
0.606346 0.477769 0.316019
0.605503 0.476728 0.315746
0.604683 0.475667 0.315472
0.603885 0.474587 0.315199
0.603108 0.473486 0.314926
0.602352 0.472365 0.314654
0.601616 0.471225 0.314382
0.600898 0.470065 0.31411
0.600199 0.468886 0.31384
0.599518 0.467689 0.31357
0.598854 0.466475 0.313301
0.598205 0.465243 0.313034
0.597572 0.463994 0.312768
0.596953 0.46273 0.312503
0.596349 0.46145 0.312239
0.595757 0.460157 0.311978
0.595178 0.458849 0.311718
